0 0.91015625 0.0 0.91015625 0.003125 0.984375 0.003125 0.984375 0.0 0.91015625 0.0
0 0.35546875 0.553125 0.35546875 0.55625 0.375 0.55625 0.375 0.553125 0.35546875 0.553125
0 0.89453125 0.690625 0.89453125 0.69375 0.90625 0.69375 0.90625 0.690625 0.89453125 0.690625
0 0.74609375 0.759375 0.74609375 0.7625 0.7890625 0.7625 0.7890625 0.759375 0.74609375 0.759375
0 0.53125 0.0 0.53125 0.003125 0.6328125 0.003125 0.6328125 0.0 0.53125 0.0
0 0.0 0.425 0.0 0.428125 0.0078125 0.428125 0.0078125 0.425 0.0 0.425
0 1.18359375 0.053125 1.18359375 0.05625 1.2265625 0.05625 1.2265625 0.053125 1.18359375 0.053125
0 1.0 0.1125 1.0 0.115625 1.0078125 0.115625 1.0078125 0.1125 1.0 0.1125
0 0.734375 0.353125 0.734375 0.35625 0.75 0.35625 0.75 0.353125 0.734375 0.353125
0 0.265625 0.615625 0.265625 0.61875 0.3125 0.61875 0.3125 0.615625 0.265625 0.615625
0 0.6484375 0.60625 0.6484375 0.609375 0.67578125 0.609375 0.67578125 0.60625 0.6484375 0.60625
0 0.60546875 0.43125 0.60546875 0.434375 0.62109375 0.434375 0.62109375 0.43125 0.60546875 0.43125
0 1.1640625 0.20625 1.1640625 0.209375 1.1796875 0.209375 1.1796875 0.20625 1.1640625 0.20625
0 0.0 0.4625 0.0 0.465625 0.01953125 0.465625 0.01953125 0.4625 0.0 0.4625
0 0.1484375 0.0625 0.1484375 0.065625 0.171875 0.065625 0.171875 0.0625 0.1484375 0.0625
0 1.03515625 0.328125 1.03515625 0.33125 1.05859375 0.33125 1.05859375 0.328125 1.03515625 0.328125
0 0.8515625 0.24375 0.8515625 0.246875 0.87890625 0.246875 0.87890625 0.24375 0.8515625 0.24375
0 1.0390625 0.15625 1.0390625 0.159375 1.08203125 0.159375 1.08203125 0.15625 1.0390625 0.15625
0 0.8671875 0.45625 0.8671875 0.459375 0.90234375 0.459375 0.90234375 0.45625 0.8671875 0.45625
0 0.359375 0.1625 0.359375 0.165625 0.3828125 0.165625 0.3828125 0.1625 0.359375 0.1625
0 0.8515625 0.10625 0.8515625 0.109375 0.875 0.109375 0.875 0.10625 0.8515625 0.10625
0 0.6484375 0.775 0.6484375 0.778125 0.66796875 0.778125 0.66796875 0.775 0.6484375 0.775
0 0.0 0.325 0.0 0.328125 0.01171875 0.328125 0.01171875 0.325 0.0 0.325
0 0.5 0.59375 0.5 0.596875 0.53125 0.596875 0.53125 0.59375 0.5 0.59375
0 0.98828125 0.134375 0.98828125 0.1375 1.00390625 0.1375 1.00390625 0.134375 0.98828125 0.134375
0 0.4609375 0.059375 0.4609375 0.0625 0.48046875 0.0625 0.48046875 0.059375 0.4609375 0.059375
0 0.48046875 0.68125 0.48046875 0.684375 0.49609375 0.684375 0.49609375 0.68125 0.48046875 0.68125
0 0.69921875 0.1875 0.69921875 0.190625 0.734375 0.190625 0.734375 0.1875 0.69921875 0.1875
0 0.26953125 0.315625 0.26953125 0.31875 0.30078125 0.31875 0.30078125 0.315625 0.26953125 0.315625
0 0.1328125 0.3125 0.1328125 0.315625 0.1640625 0.315625 0.1640625 0.3125 0.1328125 0.3125
0 1.046875 0.6375 1.046875 0.640625 1.08984375 0.640625 1.08984375 0.6375 1.046875 0.6375
0 0.0 0.0375 0.0 0.040625 0.00390625 0.040625 0.00390625 0.0375 0.0 0.0375
0 0.4296875 0.365625 0.4296875 0.36875 0.453125 0.36875 0.453125 0.365625 0.4296875 0.365625
0 1.08203125 0.26875 1.08203125 0.271875 1.09375 0.271875 1.09375 0.26875 1.08203125 0.26875
0 0.3359375 0.3 0.3359375 0.303125 0.37109375 0.303125 0.37109375 0.3 0.3359375 0.3
0 0.94921875 0.1625 0.94921875 0.165625 0.98046875 0.165625 0.98046875 0.1625 0.94921875 0.1625
0 1.12109375 0.390625 1.12109375 0.39375 1.15625 0.39375 1.15625 0.390625 1.12109375 0.390625
0 0.4921875 0.23125 0.4921875 0.234375 0.5 0.234375 0.5 0.23125 0.4921875 0.23125
0 0.87890625 0.2875 0.87890625 0.290625 0.90625 0.290625 0.90625 0.2875 0.87890625 0.2875
0 0.5234375 0.525 0.5234375 0.528125 0.5390625 0.528125 0.5390625 0.525 0.5234375 0.525
0 1.1640625 0.615625 1.1640625 0.61875 1.2109375 0.61875 1.2109375 0.615625 1.1640625 0.615625
0 0.01953125 0.290625 0.01953125 0.29375 0.04296875 0.29375 0.04296875 0.290625 0.01953125 0.290625
0 0.9375 0.4125 0.9375 0.415625 0.96484375 0.415625 0.96484375 0.4125 0.9375 0.4125
0 0.53125 0.459375 0.53125 0.4625 0.56640625 0.4625 0.56640625 0.459375 0.53125 0.459375
0 0.4375 0.3375 0.4375 0.340625 0.46875 0.340625 0.46875 0.3375 0.4375 0.3375
0 0.0 0.0 0.0 0.003125 0.0234375 0.003125 0.0234375 0.0 0.0 0.0
0 0.5078125 0.403125 0.5078125 0.40625 0.51953125 0.40625 0.51953125 0.403125 0.5078125 0.403125
0 0.33984375 0.334375 0.33984375 0.3375 0.35546875 0.3375 0.35546875 0.334375 0.33984375 0.334375
0 1.2265625 0.571875 1.2265625 0.575 1.25 0.575 1.25 0.571875 1.2265625 0.571875
0 0.5078125 0.303125 0.5078125 0.30625 0.51953125 0.30625 0.51953125 0.303125 0.5078125 0.303125
0 0.05078125 0.265625 0.05078125 0.26875 0.0703125 0.26875 0.0703125 0.265625 0.05078125 0.265625
0 0.08984375 0.509375 0.08984375 0.5125 0.109375 0.5125 0.109375 0.509375 0.08984375 0.509375
0 0.79296875 0.696875 0.79296875 0.7 0.82421875 0.7 0.82421875 0.696875 0.79296875 0.696875
0 0.83984375 0.60625 0.83984375 0.609375 0.85546875 0.609375 0.85546875 0.60625 0.83984375 0.60625
0 1.1015625 0.584375 1.1015625 0.5875 1.1171875 0.5875 1.1171875 0.584375 1.1015625 0.584375
0 0.05078125 0.2875 0.05078125 0.290625 0.09765625 0.290625 0.09765625 0.2875 0.05078125 0.2875
0 0.90625 0.321875 0.90625 0.325 0.92578125 0.325 0.92578125 0.321875 0.90625 0.321875
0 0.46484375 0.521875 0.46484375 0.525 0.4921875 0.525 0.4921875 0.521875 0.46484375 0.521875
0 0.30078125 0.053125 0.30078125 0.05625 0.3203125 0.05625 0.3203125 0.053125 0.30078125 0.053125
0 0.078125 0.515625 0.078125 0.51875 0.13671875 0.51875 0.13671875 0.515625 0.078125 0.515625
0 0.140625 0.4875 0.140625 0.490625 0.16015625 0.490625 0.16015625 0.4875 0.140625 0.4875
0 0.6484375 0.534375 0.6484375 0.5375 0.68359375 0.5375 0.68359375 0.534375 0.6484375 0.534375
0 0.0625 0.590625 0.0625 0.59375 0.08984375 0.59375 0.08984375 0.590625 0.0625 0.590625
0 1.19921875 0.240625 1.19921875 0.24375 1.25 0.24375 1.25 0.240625 1.19921875 0.240625
0 0.46875 0.015625 0.46875 0.01875 0.4921875 0.01875 0.4921875 0.015625 0.46875 0.015625
0 0.3359375 0.503125 0.3359375 0.50625 0.3671875 0.50625 0.3671875 0.503125 0.3359375 0.503125
0 1.23046875 0.515625 1.23046875 0.51875 1.25 0.51875 1.25 0.515625 1.23046875 0.515625
0 0.53125 0.4625 0.53125 0.465625 0.5625 0.465625 0.5625 0.4625 0.53125 0.4625
0 0.51171875 0.228125 0.51171875 0.23125 0.5390625 0.23125 0.5390625 0.228125 0.51171875 0.228125
0 0.5703125 0.165625 0.5703125 0.16875 0.59375 0.16875 0.59375 0.165625 0.5703125 0.165625