0 0.640625 0.51875 0.640625 0.521875 0.66796875 0.521875 0.66796875 0.51875 0.640625 0.51875
0 1.1171875 0.60625 1.1171875 0.609375 1.125 0.609375 1.125 0.60625 1.1171875 0.60625
0 0.56640625 0.753125 0.56640625 0.75625 0.5703125 0.75625 0.5703125 0.753125 0.56640625 0.753125
0 0.5390625 0.44375 0.5390625 0.446875 0.5625 0.446875 0.5625 0.44375 0.5390625 0.44375
0 0.2421875 0.221875 0.2421875 0.225 0.25 0.225 0.25 0.221875 0.2421875 0.221875
0 0.6328125 0.521875 0.6328125 0.525 0.63671875 0.525 0.63671875 0.521875 0.6328125 0.521875
0 0.45703125 0.0 0.45703125 0.003125 0.5390625 0.003125 0.5390625 0.0 0.45703125 0.0
0 0.29296875 0.09375 0.29296875 0.096875 0.3125 0.096875 0.3125 0.09375 0.29296875 0.09375
0 0.86328125 0.740625 0.86328125 0.74375 0.875 0.74375 0.875 0.740625 0.86328125 0.740625
0 0.859375 0.528125 0.859375 0.53125 0.88671875 0.53125 0.88671875 0.528125 0.859375 0.528125
0 0.05078125 0.053125 0.05078125 0.05625 0.0703125 0.05625 0.0703125 0.053125 0.05078125 0.053125
0 0.4140625 0.653125 0.4140625 0.65625 0.4296875 0.65625 0.4296875 0.653125 0.4140625 0.653125
0 0.31640625 0.74375 0.31640625 0.746875 0.34375 0.746875 0.34375 0.74375 0.31640625 0.74375
0 0.7421875 0.73125 0.7421875 0.734375 0.74609375 0.734375 0.74609375 0.73125 0.7421875 0.73125
0 0.625 0.690625 0.625 0.69375 0.640625 0.69375 0.640625 0.690625 0.625 0.690625
0 0.9765625 0.75 0.9765625 0.753125 0.98828125 0.753125 0.98828125 0.75 0.9765625 0.75
0 0.8515625 0.365625 0.8515625 0.36875 0.8671875 0.36875 0.8671875 0.365625 0.8515625 0.365625
0 0.0703125 0.653125 0.0703125 0.65625 0.1015625 0.65625 0.1015625 0.653125 0.0703125 0.653125
0 0.55078125 0.00625 0.55078125 0.009375 0.609375 0.009375 0.609375 0.00625 0.55078125 0.00625
0 0.890625 0.296875 0.890625 0.3 0.90234375 0.3 0.90234375 0.296875 0.890625 0.296875
0 0.6484375 0.40625 0.6484375 0.409375 0.65234375 0.409375 0.65234375 0.40625 0.6484375 0.40625
0 0.69140625 0.60625 0.69140625 0.609375 0.7109375 0.609375 0.7109375 0.60625 0.69140625 0.60625
0 1.0703125 0.7125 1.0703125 0.715625 1.0859375 0.715625 1.0859375 0.7125 1.0703125 0.7125
0 0.671875 0.0 0.671875 0.003125 0.71875 0.003125 0.71875 0.0 0.671875 0.0
0 1.078125 0.05 1.078125 0.053125 1.11328125 0.053125 1.11328125 0.05 1.078125 0.05
0 0.04296875 0.04375 0.04296875 0.046875 0.0625 0.046875 0.0625 0.04375 0.04296875 0.04375
0 0.69921875 0.590625 0.69921875 0.59375 0.703125 0.59375 0.703125 0.590625 0.69921875 0.590625
0 0.20703125 0.209375 0.20703125 0.2125 0.2109375 0.2125 0.2109375 0.209375 0.20703125 0.209375
0 0.08203125 0.79375 0.08203125 0.796875 0.109375 0.796875 0.109375 0.79375 0.08203125 0.79375
0 0.18359375 0.0 0.18359375 0.003125 0.2578125 0.003125 0.2578125 0.0 0.18359375 0.0
0 0.8515625 0.65625 0.8515625 0.659375 0.875 0.659375 0.875 0.65625 0.8515625 0.65625
0 0.3359375 0.5875 0.3359375 0.590625 0.3828125 0.590625 0.3828125 0.5875 0.3359375 0.5875
0 0.14453125 0.128125 0.14453125 0.13125 0.1484375 0.13125 0.1484375 0.128125 0.14453125 0.128125
0 0.48828125 0.51875 0.48828125 0.521875 0.5 0.521875 0.5 0.51875 0.48828125 0.51875
0 0.98828125 0.640625 0.98828125 0.64375 1.01171875 0.64375 1.01171875 0.640625 0.98828125 0.640625
0 0.46875 0.3625 0.46875 0.365625 0.47265625 0.365625 0.47265625 0.3625 0.46875 0.3625
0 0.91796875 0.06875 0.91796875 0.071875 0.94921875 0.071875 0.94921875 0.06875 0.91796875 0.06875
0 0.77734375 0.0625 0.77734375 0.065625 0.828125 0.065625 0.828125 0.0625 0.77734375 0.0625
0 0.80859375 0.459375 0.80859375 0.4625 0.81640625 0.4625 0.81640625 0.459375 0.80859375 0.459375
0 0.85546875 0.328125 0.85546875 0.33125 0.859375 0.33125 0.859375 0.328125 0.85546875 0.328125
0 0.921875 0.496875 0.921875 0.5 0.9296875 0.5 0.9296875 0.496875 0.921875 0.496875
0 0.421875 0.321875 0.421875 0.325 0.44921875 0.325 0.44921875 0.321875 0.421875 0.321875
0 0.8359375 0.0 0.8359375 0.003125 0.9140625 0.003125 0.9140625 0.0 0.8359375 0.0
0 0.9921875 0.075 0.9921875 0.078125 0.99609375 0.078125 0.99609375 0.075 0.9921875 0.075
0 0.828125 0.421875 0.828125 0.425 0.83203125 0.425 0.83203125 0.421875 0.828125 0.421875
0 0.75 0.303125 0.75 0.30625 0.75390625 0.30625 0.75390625 0.303125 0.75 0.303125
0 0.4296875 0.09375 0.4296875 0.096875 0.43359375 0.096875 0.43359375 0.09375 0.4296875 0.09375
0 1.19921875 0.78125 1.19921875 0.784375 1.21875 0.784375 1.21875 0.78125 1.19921875 0.78125
0 0.1484375 0.475 0.1484375 0.478125 0.1640625 0.478125 0.1640625 0.475 0.1484375 0.475
0 1.0546875 0.20625 1.0546875 0.209375 1.0625 0.209375 1.0625 0.20625 1.0546875 0.20625
0 1.11328125 0.709375 1.11328125 0.7125 1.15234375 0.7125 1.15234375 0.709375 1.11328125 0.709375
0 0.03515625 0.440625 0.03515625 0.44375 0.05078125 0.44375 0.05078125 0.440625 0.03515625 0.440625
0 1.0 0.728125 1.0 0.73125 1.01953125 0.73125 1.01953125 0.728125 1.0 0.728125
0 0.6796875 0.0625 0.6796875 0.065625 0.69140625 0.065625 0.69140625 0.0625 0.6796875 0.0625
0 0.40234375 0.0 0.40234375 0.003125 0.45703125 0.003125 0.45703125 0.0 0.40234375 0.0
0 1.078125 0.384375 1.078125 0.3875 1.08984375 0.3875 1.08984375 0.384375 1.078125 0.384375
0 0.1875 0.771875 0.1875 0.775 0.19921875 0.775 0.19921875 0.771875 0.1875 0.771875
0 0.8125 0.7375 0.8125 0.740625 0.81640625 0.740625 0.81640625 0.7375 0.8125 0.7375
0 1.1796875 0.471875 1.1796875 0.475 1.1953125 0.475 1.1953125 0.471875 1.1796875 0.471875
0 0.8984375 0.640625 0.8984375 0.64375 0.9140625 0.64375 0.9140625 0.640625 0.8984375 0.640625
0 0.58984375 0.503125 0.58984375 0.50625 0.61328125 0.50625 0.61328125 0.503125 0.58984375 0.503125
0 0.70703125 0.396875 0.70703125 0.4 0.71484375 0.4 0.71484375 0.396875 0.70703125 0.396875
0 0.22265625 0.434375 0.22265625 0.4375 0.23828125 0.4375 0.23828125 0.434375 0.22265625 0.434375
0 0.1640625 0.678125 0.1640625 0.68125 0.171875 0.68125 0.171875 0.678125 0.1640625 0.678125
0 0.0078125 0.1375 0.0078125 0.140625 0.015625 0.140625 0.015625 0.1375 0.0078125 0.1375
0 1.03125 0.659375 1.03125 0.6625 1.04296875 0.6625 1.04296875 0.659375 1.03125 0.659375
0 1.09765625 0.428125 1.09765625 0.43125 1.1015625 0.43125 1.1015625 0.428125 1.09765625 0.428125
0 0.80078125 0.7625 0.80078125 0.765625 0.8046875 0.765625 0.8046875 0.7625 0.80078125 0.7625
0 0.46875 0.19375 0.46875 0.196875 0.4921875 0.196875 0.4921875 0.19375 0.46875 0.19375
0 0.98828125 0.059375 0.98828125 0.0625 1.02734375 0.0625 1.02734375 0.059375 0.98828125 0.059375
0 0.4140625 0.171875 0.4140625 0.175 0.4375 0.175 0.4375 0.171875 0.4140625 0.171875
0 0.5234375 0.396875 0.5234375 0.4 0.53125 0.4 0.53125 0.396875 0.5234375 0.396875
0 1.109375 0.43125 1.109375 0.434375 1.11328125 0.434375 1.11328125 0.43125 1.109375 0.43125
0 0.3203125 0.4 0.3203125 0.403125 0.34375 0.403125 0.34375 0.4 0.3203125 0.4
0 0.453125 0.775 0.453125 0.778125 0.48046875 0.778125 0.48046875 0.775 0.453125 0.775
0 0.4765625 0.584375 0.4765625 0.5875 0.48828125 0.5875 0.48828125 0.584375 0.4765625 0.584375
0 0.8203125 0.684375 0.8203125 0.6875 0.84375 0.6875 0.84375 0.684375 0.8203125 0.684375
0 0.6171875 0.63125 0.6171875 0.634375 0.6328125 0.634375 0.6328125 0.63125 0.6171875 0.63125
0 0.5546875 0.76875 0.5546875 0.771875 0.57421875 0.771875 0.57421875 0.76875 0.5546875 0.76875
0 0.23828125 0.603125 0.23828125 0.60625 0.24609375 0.60625 0.24609375 0.603125 0.23828125 0.603125
0 0.734375 0.45 0.734375 0.453125 0.7421875 0.453125 0.7421875 0.45 0.734375 0.45
0 0.01953125 0.478125 0.01953125 0.48125 0.03125 0.48125 0.03125 0.478125 0.01953125 0.478125
0 0.42578125 0.4125 0.42578125 0.415625 0.43359375 0.415625 0.43359375 0.4125 0.42578125 0.4125
0 0.578125 0.603125 0.578125 0.60625 0.58203125 0.60625 0.58203125 0.603125 0.578125 0.603125
0 0.7265625 0.5125 0.7265625 0.515625 0.75 0.515625 0.75 0.5125 0.7265625 0.5125
0 0.44921875 0.56875 0.44921875 0.571875 0.4765625 0.571875 0.4765625 0.56875 0.44921875 0.56875