0 0.4269230769230769 0.3976945244956772 0.4269230769230769 0.40057636887608067 0.4846153846153846 0.40057636887608067 0.4846153846153846 0.3976945244956772 0.4269230769230769 0.3976945244956772
0 0.16153846153846155 0.6195965417867435 0.16153846153846155 0.622478386167147 0.18076923076923077 0.622478386167147 0.18076923076923077 0.6195965417867435 0.16153846153846155 0.6195965417867435
0 1.146153846153846 0.5878962536023055 1.146153846153846 0.590778097982709 1.1653846153846155 0.590778097982709 1.1653846153846155 0.5878962536023055 1.146153846153846 0.5878962536023055
0 0.18076923076923077 0.25360230547550433 0.18076923076923077 0.2564841498559078 0.2423076923076923 0.2564841498559078 0.2423076923076923 0.25360230547550433 0.18076923076923077 0.25360230547550433
0 0.5692307692307692 0.21037463976945245 0.5692307692307692 0.2132564841498559 0.573076923076923 0.2132564841498559 0.573076923076923 0.21037463976945245 0.5692307692307692 0.21037463976945245
0 0.9153846153846154 0.622478386167147 0.9153846153846154 0.6253602305475504 0.9307692307692308 0.6253602305475504 0.9307692307692308 0.622478386167147 0.9153846153846154 0.622478386167147
0 0.8384615384615385 0.3025936599423631 0.8384615384615385 0.30547550432276654 0.85 0.30547550432276654 0.85 0.3025936599423631 0.8384615384615385 0.3025936599423631
0 0.85 0.723342939481268 0.85 0.7262247838616714 0.8615384615384616 0.7262247838616714 0.8615384615384616 0.723342939481268 0.85 0.723342939481268
0 0.4346153846153846 0.6167146974063401 0.4346153846153846 0.6195965417867435 0.46923076923076923 0.6195965417867435 0.46923076923076923 0.6167146974063401 0.4346153846153846 0.6167146974063401
0 0.9038461538461539 0.5100864553314121 0.9038461538461539 0.5129682997118156 0.9192307692307692 0.5129682997118156 0.9192307692307692 0.5100864553314121 0.9038461538461539 0.5100864553314121
0 0.5692307692307692 0.4956772334293948 0.5692307692307692 0.49855907780979825 0.5769230769230769 0.49855907780979825 0.5769230769230769 0.4956772334293948 0.5692307692307692 0.4956772334293948
0 1.1115384615384616 0.4092219020172911 1.1115384615384616 0.41210374639769454 1.1307692307692307 0.41210374639769454 1.1307692307692307 0.4092219020172911 1.1115384615384616 0.4092219020172911
0 0.3769230769230769 0.6570605187319885 0.3769230769230769 0.659942363112392 0.38846153846153847 0.659942363112392 0.38846153846153847 0.6570605187319885 0.3769230769230769 0.6570605187319885
0 0.04230769230769231 0.5706051873198847 0.04230769230769231 0.5734870317002881 0.05384615384615385 0.5734870317002881 0.05384615384615385 0.5706051873198847 0.04230769230769231 0.5706051873198847
0 0.23846153846153847 0.6829971181556196 0.23846153846153847 0.6858789625360231 0.27307692307692305 0.6858789625360231 0.27307692307692305 0.6829971181556196 0.23846153846153847 0.6829971181556196
0 1.0192307692307692 0.23054755043227665 1.0192307692307692 0.2334293948126801 1.0538461538461539 0.2334293948126801 1.0538461538461539 0.23054755043227665 1.0192307692307692 0.23054755043227665
0 0.18461538461538463 0.6051873198847262 0.18461538461538463 0.6080691642651297 0.19615384615384615 0.6080691642651297 0.19615384615384615 0.6051873198847262 0.18461538461538463 0.6051873198847262
0 0.007692307692307693 0.13256484149855907 0.007692307692307693 0.13544668587896252 0.07307692307692308 0.13544668587896252 0.07307692307692308 0.13256484149855907 0.007692307692307693 0.13256484149855907
0 0.16153846153846155 0.7406340057636888 0.16153846153846155 0.7435158501440923 0.20384615384615384 0.7435158501440923 0.20384615384615384 0.7406340057636888 0.16153846153846155 0.7406340057636888
0 0.8115384615384615 0.29971181556195964 0.8115384615384615 0.3025936599423631 0.8461538461538461 0.3025936599423631 0.8461538461538461 0.29971181556195964 0.8115384615384615 0.29971181556195964
0 0.6846153846153846 0.5706051873198847 0.6846153846153846 0.5734870317002881 0.6961538461538461 0.5734870317002881 0.6961538461538461 0.5706051873198847 0.6846153846153846 0.5706051873198847
0 1.226923076923077 0.30547550432276654 1.226923076923077 0.30835734870317005 1.2461538461538462 0.30835734870317005 1.2461538461538462 0.30547550432276654 1.226923076923077 0.30547550432276654
0 0.8038461538461539 0.6801152737752162 0.8038461538461539 0.6829971181556196 0.8153846153846154 0.6829971181556196 0.8153846153846154 0.6801152737752162 0.8038461538461539 0.6801152737752162
0 0.015384615384615385 0.345821325648415 0.015384615384615385 0.34870317002881845 0.038461538461538464 0.34870317002881845 0.038461538461538464 0.345821325648415 0.015384615384615385 0.345821325648415
0 0.3576923076923077 0.590778097982709 0.3576923076923077 0.5936599423631124 0.3730769230769231 0.5936599423631124 0.3730769230769231 0.590778097982709 0.3576923076923077 0.590778097982709
0 0.8269230769230769 0.1642651296829971 0.8269230769230769 0.16714697406340057 0.8538461538461538 0.16714697406340057 0.8538461538461538 0.1642651296829971 0.8269230769230769 0.1642651296829971
0 0.4153846153846154 0.3256484149855908 0.4153846153846154 0.3285302593659942 0.4230769230769231 0.3285302593659942 0.4230769230769231 0.3256484149855908 0.4153846153846154 0.3256484149855908
0 0.9769230769230769 0.5043227665706052 0.9769230769230769 0.5072046109510087 0.9923076923076923 0.5072046109510087 0.9923076923076923 0.5043227665706052 0.9769230769230769 0.5043227665706052
0 1.1846153846153846 0.6397694524495677 1.1846153846153846 0.6426512968299711 1.2115384615384615 0.6426512968299711 1.2115384615384615 0.6397694524495677 1.1846153846153846 0.6397694524495677
0 0.9692307692307692 0.5619596541786743 0.9692307692307692 0.5648414985590778 0.9730769230769231 0.5648414985590778 0.9730769230769231 0.5619596541786743 0.9692307692307692 0.5619596541786743
0 1.2 0.43515850144092216 1.2 0.43804034582132567 1.2153846153846153 0.43804034582132567 1.2153846153846153 0.43515850144092216 1.2 0.43515850144092216
0 0.2153846153846154 0.207492795389049 0.2153846153846154 0.21037463976945245 0.23461538461538461 0.21037463976945245 0.23461538461538461 0.207492795389049 0.2153846153846154 0.207492795389049
0 0.9076923076923077 0.6772334293948127 0.9076923076923077 0.6801152737752162 0.9346153846153846 0.6801152737752162 0.9346153846153846 0.6772334293948127 0.9076923076923077 0.6772334293948127
0 0.6653846153846154 0.1239193083573487 0.6653846153846154 0.12680115273775217 0.6846153846153846 0.12680115273775217 0.6846153846153846 0.1239193083573487 0.6653846153846154 0.1239193083573487
0 0.9346153846153846 0.19020172910662825 0.9346153846153846 0.1930835734870317 0.95 0.1930835734870317 0.95 0.19020172910662825 0.9346153846153846 0.19020172910662825
0 0.06538461538461539 0.2622478386167147 0.06538461538461539 0.26512968299711814 0.08076923076923077 0.26512968299711814 0.08076923076923077 0.2622478386167147 0.06538461538461539 0.2622478386167147
0 0.9961538461538462 0.6023054755043228 0.9961538461538462 0.6051873198847262 1.0192307692307692 0.6051873198847262 1.0192307692307692 0.6023054755043228 0.9961538461538462 0.6023054755043228
0 0.9692307692307692 0.36023054755043227 0.9692307692307692 0.3631123919308357 1.0192307692307692 0.3631123919308357 1.0192307692307692 0.36023054755043227 0.9692307692307692 0.36023054755043227
0 1.103846153846154 0.5706051873198847 1.103846153846154 0.5734870317002881 1.1153846153846154 0.5734870317002881 1.1153846153846154 0.5706051873198847 1.103846153846154 0.5706051873198847
0 1.2769230769230768 0.42939481268011526 1.2769230769230768 0.4322766570605187 1.3076923076923077 0.4322766570605187 1.3076923076923077 0.42939481268011526 1.2769230769230768 0.42939481268011526
0 0.926923076923077 0.4034582132564842 0.926923076923077 0.40634005763688763 0.95 0.40634005763688763 0.95 0.4034582132564842 0.926923076923077 0.4034582132564842
0 0.1576923076923077 0.2478386167146974 0.1576923076923077 0.2507204610951009 0.19230769230769232 0.2507204610951009 0.19230769230769232 0.2478386167146974 0.1576923076923077 0.2478386167146974
0 1.1615384615384616 0.6426512968299711 1.1615384615384616 0.6455331412103746 1.2192307692307693 0.6455331412103746 1.2192307692307693 0.6426512968299711 1.1615384615384616 0.6426512968299711
0 0.09615384615384616 0.5619596541786743 0.09615384615384616 0.5648414985590778 0.11153846153846154 0.5648414985590778 0.11153846153846154 0.5619596541786743 0.09615384615384616 0.5619596541786743
0 1.103846153846154 0.5446685878962536 1.103846153846154 0.547550432276657 1.123076923076923 0.547550432276657 1.123076923076923 0.5446685878962536 1.103846153846154 0.5446685878962536
0 0.6 0.14121037463976946 0.6 0.1440922190201729 0.6038461538461538 0.1440922190201729 0.6038461538461538 0.14121037463976946 0.6 0.14121037463976946
0 0.7576923076923077 0.40634005763688763 0.7576923076923077 0.4092219020172911 0.7807692307692308 0.4092219020172911 0.7807692307692308 0.40634005763688763 0.7576923076923077 0.40634005763688763
0 0.8038461538461539 0.4409221902017291 0.8038461538461539 0.4438040345821326 0.8153846153846154 0.4438040345821326 0.8153846153846154 0.4409221902017291 0.8038461538461539 0.4409221902017291
0 1.073076923076923 0.19596541786743515 1.073076923076923 0.1988472622478386 1.0923076923076922 0.1988472622478386 1.0923076923076922 0.19596541786743515 1.073076923076923 0.19596541786743515
0 0.8115384615384615 0.5763688760806917 0.8115384615384615 0.579250720461095 0.8461538461538461 0.579250720461095 0.8461538461538461 0.5763688760806917 0.8115384615384615 0.5763688760806917
0 0.8692307692307693 0.4409221902017291 0.8692307692307693 0.4438040345821326 0.8807692307692307 0.4438040345821326 0.8807692307692307 0.4409221902017291 0.8692307692307693 0.4409221902017291
0 0.38076923076923075 0.3400576368876081 0.38076923076923075 0.34293948126801155 0.40384615384615385 0.34293948126801155 0.40384615384615385 0.3400576368876081 0.38076923076923075 0.3400576368876081
0 1.1115384615384616 0.31988472622478387 1.1115384615384616 0.3227665706051873 1.126923076923077 0.3227665706051873 1.126923076923077 0.31988472622478387 1.1115384615384616 0.31988472622478387
0 1.1653846153846155 0.345821325648415 1.1653846153846155 0.34870317002881845 1.1884615384615385 0.34870317002881845 1.1884615384615385 0.345821325648415 1.1653846153846155 0.345821325648415
0 1.123076923076923 0.7319884726224783 1.123076923076923 0.7348703170028819 1.1384615384615384 0.7348703170028819 1.1384615384615384 0.7319884726224783 1.123076923076923 0.7319884726224783
0 0.09615384615384616 0.2968299711815562 0.09615384615384616 0.29971181556195964 0.11923076923076924 0.29971181556195964 0.11923076923076924 0.2968299711815562 0.09615384615384616 0.2968299711815562
0 0.03461538461538462 0.43515850144092216 0.03461538461538462 0.43804034582132567 0.06538461538461539 0.43804034582132567 0.06538461538461539 0.43515850144092216 0.03461538461538462 0.43515850144092216
0 0.33076923076923076 0.20461095100864554 0.33076923076923076 0.207492795389049 0.3576923076923077 0.207492795389049 0.3576923076923077 0.20461095100864554 0.33076923076923076 0.20461095100864554
0 0.023076923076923078 0.414985590778098 0.023076923076923078 0.41786743515850144 0.07307692307692308 0.41786743515850144 0.07307692307692308 0.414985590778098 0.023076923076923078 0.414985590778098
0 0.46153846153846156 0.36023054755043227 0.46153846153846156 0.3631123919308357 0.47692307692307695 0.3631123919308357 0.47692307692307695 0.36023054755043227 0.46153846153846156 0.36023054755043227
0 1.2076923076923076 0.48703170028818443 1.2076923076923076 0.4899135446685879 1.2192307692307693 0.4899135446685879 1.2192307692307693 0.48703170028818443 1.2076923076923076 0.48703170028818443
0 0.8307692307692308 0.3631123919308357 0.8307692307692308 0.3659942363112392 0.8384615384615385 0.3659942363112392 0.8384615384615385 0.3631123919308357 0.8307692307692308 0.3631123919308357
0 0.6961538461538461 0.11815561959654179 0.6961538461538461 0.12103746397694524 0.7423076923076923 0.12103746397694524 0.7423076923076923 0.11815561959654179 0.6961538461538461 0.11815561959654179
0 0.7076923076923077 0.4956772334293948 0.7076923076923077 0.49855907780979825 0.7192307692307692 0.49855907780979825 0.7192307692307692 0.4956772334293948 0.7076923076923077 0.4956772334293948
0 0.09615384615384616 0.21613832853025935 0.09615384615384616 0.21902017291066284 0.11153846153846154 0.21902017291066284 0.11153846153846154 0.21613832853025935 0.09615384615384616 0.21613832853025935
0 0.9653846153846154 0.0 0.9653846153846154 0.002881844380403458 1.0 0.002881844380403458 1.0 0.0 0.9653846153846154 0.0
0 0.5384615384615384 0.4956772334293948 0.5384615384615384 0.49855907780979825 0.5538461538461539 0.49855907780979825 0.5538461538461539 0.4956772334293948 0.5384615384615384 0.4956772334293948
0 1.3038461538461539 0.6397694524495677 1.3038461538461539 0.6426512968299711 1.3307692307692307 0.6426512968299711 1.3307692307692307 0.6397694524495677 1.3038461538461539 0.6397694524495677
0 0.08461538461538462 0.5360230547550432 0.08461538461538462 0.5389048991354467 0.1076923076923077 0.5389048991354467 0.1076923076923077 0.5360230547550432 0.08461538461538462 0.5360230547550432
0 0.07307692307692308 0.4755043227665706 0.07307692307692308 0.4783861671469741 0.09615384615384616 0.4783861671469741 0.09615384615384616 0.4755043227665706 0.07307692307692308 0.4755043227665706
0 0.9384615384615385 0.3314121037463977 0.9384615384615385 0.33429394812680113 0.9576923076923077 0.33429394812680113 0.9576923076923077 0.3314121037463977 0.9384615384615385 0.3314121037463977
0 0.28076923076923077 0.138328530259366 0.28076923076923077 0.14121037463976946 0.2923076923076923 0.14121037463976946 0.2923076923076923 0.138328530259366 0.28076923076923077 0.138328530259366
0 0.7576923076923077 0.6628242074927954 0.7576923076923077 0.6657060518731989 0.7769230769230769 0.6657060518731989 0.7769230769230769 0.6628242074927954 0.7576923076923077 0.6628242074927954
0 1.126923076923077 0.654178674351585 1.126923076923077 0.6570605187319885 1.15 0.6570605187319885 1.15 0.654178674351585 1.126923076923077 0.654178674351585
0 0.5923076923076923 0.6657060518731989 0.5923076923076923 0.6685878962536023 0.6192307692307693 0.6685878962536023 0.6192307692307693 0.6657060518731989 0.5923076923076923 0.6657060518731989
0 1.2 0.6080691642651297 1.2 0.6109510086455331 1.2230769230769232 0.6109510086455331 1.2230769230769232 0.6080691642651297 1.2 0.6080691642651297
0 0.6 0.5446685878962536 0.6 0.547550432276657 0.6192307692307693 0.547550432276657 0.6192307692307693 0.5446685878962536 0.6 0.5446685878962536
0 0.9923076923076923 0.16138328530259366 0.9923076923076923 0.1642651296829971 1.0153846153846153 0.1642651296829971 1.0153846153846153 0.16138328530259366 0.9923076923076923 0.16138328530259366
0 0.26153846153846155 0.6253602305475504 0.26153846153846155 0.6282420749279539 0.2692307692307692 0.6282420749279539 0.2692307692307692 0.6253602305475504 0.26153846153846155 0.6253602305475504
0 0.7961538461538461 0.7031700288184438 0.7961538461538461 0.7060518731988472 0.8192307692307692 0.7060518731988472 0.8192307692307692 0.7031700288184438 0.7961538461538461 0.7031700288184438
0 0.7076923076923077 0.4697406340057637 0.7076923076923077 0.47262247838616717 0.7269230769230769 0.47262247838616717 0.7269230769230769 0.4697406340057637 0.7076923076923077 0.4697406340057637
0 0.09615384615384616 0.5677233429394812 0.09615384615384616 0.5706051873198847 0.11923076923076924 0.5706051873198847 0.11923076923076924 0.5677233429394812 0.09615384615384616 0.5677233429394812
0 0.2692307692307692 0.7089337175792507 0.2692307692307692 0.7118155619596542 0.2846153846153846 0.7118155619596542 0.2846153846153846 0.7089337175792507 0.2692307692307692 0.7089337175792507
0 0.2230769230769231 0.6397694524495677 0.2230769230769231 0.6426512968299711 0.23846153846153847 0.6426512968299711 0.23846153846153847 0.6397694524495677 0.2230769230769231 0.6397694524495677
0 0.10384615384615385 0.1729106628242075 0.10384615384615385 0.17579250720461095 0.13846153846153847 0.17579250720461095 0.13846153846153847 0.1729106628242075 0.10384615384615385 0.1729106628242075
0 0.25769230769230766 0.38328530259365995 0.25769230769230766 0.3861671469740634 0.27307692307692305 0.3861671469740634 0.27307692307692305 0.38328530259365995 0.25769230769230766 0.38328530259365995
0 0.39615384615384613 0.05763688760806916 0.39615384615384613 0.06051873198847262 0.4153846153846154 0.06051873198847262 0.4153846153846154 0.05763688760806916 0.39615384615384613 0.05763688760806916
0 1.1730769230769231 0.4092219020172911 1.1730769230769231 0.41210374639769454 1.1846153846153846 0.41210374639769454 1.1846153846153846 0.4092219020172911 1.1730769230769231 0.4092219020172911
0 0.2423076923076923 0.46397694524495675 0.2423076923076923 0.4668587896253602 0.25384615384615383 0.4668587896253602 0.25384615384615383 0.46397694524495675 0.2423076923076923 0.46397694524495675
0 0.9923076923076923 0.30835734870317005 0.9923076923076923 0.3112391930835735 1.0307692307692307 0.3112391930835735 1.0307692307692307 0.30835734870317005 0.9923076923076923 0.30835734870317005
0 0.7076923076923077 0.5072046109510087 0.7076923076923077 0.5100864553314121 0.7153846153846154 0.5100864553314121 0.7153846153846154 0.5072046109510087 0.7076923076923077 0.5072046109510087
0 0.7884615384615384 0.484149855907781 0.7884615384615384 0.48703170028818443 0.8153846153846154 0.48703170028818443 0.8153846153846154 0.484149855907781 0.7884615384615384 0.484149855907781
0 0.3730769230769231 0.521613832853026 0.3730769230769231 0.5244956772334294 0.4 0.5244956772334294 0.4 0.521613832853026 0.3730769230769231 0.521613832853026
0 1.1307692307692307 0.31988472622478387 1.1307692307692307 0.3227665706051873 1.15 0.3227665706051873 1.15 0.31988472622478387 1.1307692307692307 0.31988472622478387
0 1.0884615384615384 0.5504322766570605 1.0884615384615384 0.553314121037464 1.0923076923076922 0.553314121037464 1.0923076923076922 0.5504322766570605 1.0884615384615384 0.5504322766570605
0 0.5038461538461538 0.43804034582132567 0.5038461538461538 0.4409221902017291 0.5192307692307693 0.4409221902017291 0.5192307692307693 0.43804034582132567 0.5038461538461538 0.43804034582132567
0 0.21153846153846154 0.622478386167147 0.21153846153846154 0.6253602305475504 0.23846153846153847 0.6253602305475504 0.23846153846153847 0.622478386167147 0.21153846153846154 0.622478386167147
0 0.9615384615384616 0.27089337175792505 0.9615384615384616 0.2737752161383285 0.9807692307692307 0.2737752161383285 0.9807692307692307 0.27089337175792505 0.9615384615384616 0.27089337175792505
0 0.6346153846153846 0.5043227665706052 0.6346153846153846 0.5072046109510087 0.65 0.5072046109510087 0.65 0.5043227665706052 0.6346153846153846 0.5043227665706052
0 1.323076923076923 0.6743515850144092 1.323076923076923 0.6772334293948127 1.3269230769230769 0.6772334293948127 1.3269230769230769 0.6743515850144092 1.323076923076923 0.6743515850144092
0 0.4153846153846154 0.3112391930835735 0.4153846153846154 0.31412103746397696 0.41923076923076924 0.31412103746397696 0.41923076923076924 0.3112391930835735 0.4153846153846154 0.3112391930835735
0 0.9576923076923077 0.5446685878962536 0.9576923076923077 0.547550432276657 0.9653846153846154 0.547550432276657 0.9653846153846154 0.5446685878962536 0.9576923076923077 0.5446685878962536
0 0.08461538461538462 0.6829971181556196 0.08461538461538462 0.6858789625360231 0.11923076923076924 0.6858789625360231 0.11923076923076924 0.6829971181556196 0.08461538461538462 0.6829971181556196
0 1.0038461538461538 0.659942363112392 1.0038461538461538 0.6628242074927954 1.0192307692307692 0.6628242074927954 1.0192307692307692 0.659942363112392 1.0038461538461538 0.659942363112392
0 0.019230769230769232 0.09510086455331412 0.019230769230769232 0.09798270893371758 0.038461538461538464 0.09798270893371758 0.038461538461538464 0.09510086455331412 0.019230769230769232 0.09510086455331412
0 1.0653846153846154 0.09221902017291066 1.0653846153846154 0.09510086455331412 1.0923076923076922 0.09510086455331412 1.0923076923076922 0.09221902017291066 1.0653846153846154 0.09221902017291066
0 0.3346153846153846 0.5100864553314121 0.3346153846153846 0.5129682997118156 0.35 0.5129682997118156 0.35 0.5100864553314121 0.3346153846153846 0.5100864553314121
0 0.7538461538461538 0.07204610951008646 0.7538461538461538 0.07492795389048991 0.7692307692307693 0.07492795389048991 0.7692307692307693 0.07204610951008646 0.7538461538461538 0.07204610951008646
0 0.09615384615384616 0.43804034582132567 0.09615384615384616 0.4409221902017291 0.1 0.4409221902017291 0.1 0.43804034582132567 0.09615384615384616 0.43804034582132567
0 1.2346153846153847 0.5590778097982709 1.2346153846153847 0.5619596541786743 1.2461538461538462 0.5619596541786743 1.2461538461538462 0.5590778097982709 1.2346153846153847 0.5590778097982709
0 0.7346153846153847 0.2420749279538905 0.7346153846153847 0.24495677233429394 0.7615384615384615 0.24495677233429394 0.7615384615384615 0.2420749279538905 0.7346153846153847 0.2420749279538905
0 0.16153846153846155 0.2622478386167147 0.16153846153846155 0.26512968299711814 0.17307692307692307 0.26512968299711814 0.17307692307692307 0.2622478386167147 0.16153846153846155 0.2622478386167147
0 0.38461538461538464 0.28530259365994237 0.38461538461538464 0.2881844380403458 0.41923076923076924 0.2881844380403458 0.41923076923076924 0.28530259365994237 0.38461538461538464 0.28530259365994237
0 0.2076923076923077 0.5331412103746398 0.2076923076923077 0.5360230547550432 0.21153846153846154 0.5360230547550432 0.21153846153846154 0.5331412103746398 0.2076923076923077 0.5331412103746398
0 1.0615384615384615 0.659942363112392 1.0615384615384615 0.6628242074927954 1.0807692307692307 0.6628242074927954 1.0807692307692307 0.659942363112392 1.0615384615384615 0.659942363112392
0 0.12307692307692308 0.2017291066282421 0.12307692307692308 0.20461095100864554 0.17692307692307693 0.20461095100864554 0.17692307692307693 0.2017291066282421 0.12307692307692308 0.2017291066282421
0 0.39615384615384613 0.6080691642651297 0.39615384615384613 0.6109510086455331 0.4076923076923077 0.6109510086455331 0.4076923076923077 0.6080691642651297 0.39615384615384613 0.6080691642651297
0 0.06153846153846154 0.579250720461095 0.06153846153846154 0.5821325648414986 0.07692307692307693 0.5821325648414986 0.07692307692307693 0.579250720461095 0.06153846153846154 0.579250720461095
0 0.2653846153846154 0.3631123919308357 0.2653846153846154 0.3659942363112392 0.2846153846153846 0.3659942363112392 0.2846153846153846 0.3631123919308357 0.2653846153846154 0.3631123919308357
0 1.0192307692307692 0.6945244956772334 1.0192307692307692 0.6974063400576369 1.0423076923076924 0.6974063400576369 1.0423076923076924 0.6945244956772334 1.0192307692307692 0.6945244956772334
0 0.9846153846153847 0.11239193083573487 0.9846153846153847 0.11527377521613832 1.0076923076923077 0.11527377521613832 1.0076923076923077 0.11239193083573487 0.9846153846153847 0.11239193083573487
0 0.6538461538461539 0.1988472622478386 0.6538461538461539 0.2017291066282421 0.7076923076923077 0.2017291066282421 0.7076923076923077 0.1988472622478386 0.6538461538461539 0.1988472622478386
0 0.6307692307692307 0.24495677233429394 0.6307692307692307 0.2478386167146974 0.6384615384615384 0.2478386167146974 0.6384615384615384 0.24495677233429394 0.6307692307692307 0.24495677233429394
0 1.3192307692307692 0.6426512968299711 1.3192307692307692 0.6455331412103746 1.3346153846153845 0.6455331412103746 1.3346153846153845 0.6426512968299711 1.3192307692307692 0.6426512968299711
0 0.9230769230769231 0.38904899135446686 0.9230769230769231 0.3919308357348703 0.9307692307692308 0.3919308357348703 0.9307692307692308 0.38904899135446686 0.9230769230769231 0.38904899135446686