0 0.8326923076923077 0.7183908045977011 0.8326923076923077 0.7198275862068966 0.8423076923076923 0.7198275862068966 0.8423076923076923 0.7183908045977011 0.8326923076923077 0.7183908045977011
0 0.6096153846153847 0.10201149425287356 0.6096153846153847 0.10344827586206896 0.6134615384615385 0.10344827586206896 0.6134615384615385 0.10201149425287356 0.6096153846153847 0.10201149425287356
0 1.2980769230769231 0.5502873563218391 1.2980769230769231 0.5517241379310345 1.3057692307692308 0.5517241379310345 1.3057692307692308 0.5502873563218391 1.2980769230769231 0.5502873563218391
0 1.2153846153846153 0.6537356321839081 1.2153846153846153 0.6551724137931034 1.2211538461538463 0.6551724137931034 1.2211538461538463 0.6537356321839081 1.2153846153846153 0.6537356321839081
0 1.2365384615384616 0.0028735632183908046 1.2365384615384616 0.004310344827586207 1.248076923076923 0.004310344827586207 1.248076923076923 0.0028735632183908046 1.2365384615384616 0.0028735632183908046
0 1.2057692307692307 0.1939655172413793 1.2057692307692307 0.19540229885057472 1.2211538461538463 0.19540229885057472 1.2211538461538463 0.1939655172413793 1.2057692307692307 0.1939655172413793
0 0.36346153846153845 0.0014367816091954023 0.36346153846153845 0.0028735632183908046 0.3730769230769231 0.0028735632183908046 0.3730769230769231 0.0014367816091954023 0.36346153846153845 0.0014367816091954023
0 0.8 0.1206896551724138 0.8 0.1221264367816092 0.801923076923077 0.1221264367816092 0.801923076923077 0.1206896551724138 0.8 0.1206896551724138
0 0.25384615384615383 0.4051724137931034 0.25384615384615383 0.40660919540229884 0.26346153846153847 0.40660919540229884 0.26346153846153847 0.4051724137931034 0.25384615384615383 0.4051724137931034
0 0.2 0.21408045977011494 0.2 0.21551724137931033 0.2153846153846154 0.21551724137931033 0.2153846153846154 0.21408045977011494 0.2 0.21408045977011494
0 1.3173076923076923 0.34770114942528735 1.3173076923076923 0.34913793103448276 1.3288461538461538 0.34913793103448276 1.3288461538461538 0.34770114942528735 1.3173076923076923 0.34770114942528735
0 0.2230769230769231 0.16522988505747127 0.2230769230769231 0.16666666666666666 0.225 0.16666666666666666 0.225 0.16522988505747127 0.2230769230769231 0.16522988505747127
0 0.36923076923076925 0.3922413793103448 0.36923076923076925 0.3936781609195402 0.38076923076923075 0.3936781609195402 0.38076923076923075 0.3922413793103448 0.36923076923076925 0.3922413793103448
0 0.7365384615384616 0.22413793103448276 0.7365384615384616 0.22557471264367815 0.7519230769230769 0.22557471264367815 0.7519230769230769 0.22413793103448276 0.7365384615384616 0.22413793103448276
0 0.4576923076923077 0.29454022988505746 0.4576923076923077 0.2959770114942529 0.4807692307692308 0.2959770114942529 0.4807692307692308 0.29454022988505746 0.4576923076923077 0.29454022988505746
0 0.7038461538461539 0.6954022988505747 0.7038461538461539 0.6968390804597702 0.7307692307692307 0.6968390804597702 0.7307692307692307 0.6954022988505747 0.7038461538461539 0.6954022988505747
0 0.6884615384615385 0.2801724137931034 0.6884615384615385 0.28160919540229884 0.6923076923076923 0.28160919540229884 0.6923076923076923 0.2801724137931034 0.6884615384615385 0.2801724137931034
0 0.8923076923076924 0.07758620689655173 0.8923076923076924 0.07902298850574713 0.8961538461538462 0.07902298850574713 0.8961538461538462 0.07758620689655173 0.8923076923076924 0.07758620689655173
0 0.3923076923076923 0.4166666666666667 0.3923076923076923 0.41810344827586204 0.40192307692307694 0.41810344827586204 0.40192307692307694 0.4166666666666667 0.3923076923076923 0.4166666666666667
0 1.051923076923077 0.47413793103448276 1.051923076923077 0.4755747126436782 1.0673076923076923 0.4755747126436782 1.0673076923076923 0.47413793103448276 1.051923076923077 0.47413793103448276
0 0.9711538461538461 0.03017241379310345 0.9711538461538461 0.031609195402298854 0.9807692307692307 0.031609195402298854 0.9807692307692307 0.03017241379310345 0.9711538461538461 0.03017241379310345
0 0.2923076923076923 0.5517241379310345 0.2923076923076923 0.5531609195402298 0.3038461538461538 0.5531609195402298 0.3038461538461538 0.5517241379310345 0.2923076923076923 0.5517241379310345
0 1.2461538461538462 0.5847701149425287 1.2461538461538462 0.5862068965517241 1.248076923076923 0.5862068965517241 1.248076923076923 0.5847701149425287 1.2461538461538462 0.5847701149425287
0 0.16346153846153846 0.0 0.16346153846153846 0.0014367816091954023 0.19807692307692307 0.0014367816091954023 0.19807692307692307 0.0 0.16346153846153846 0.0
0 0.1576923076923077 0.010057471264367816 0.1576923076923077 0.011494252873563218 0.17115384615384616 0.011494252873563218 0.17115384615384616 0.010057471264367816 0.1576923076923077 0.010057471264367816
0 1.2884615384615385 0.5244252873563219 1.2884615384615385 0.5258620689655172 1.3096153846153846 0.5258620689655172 1.3096153846153846 0.5244252873563219 1.2884615384615385 0.5244252873563219
0 1.2442307692307693 0.22844827586206898 1.2442307692307693 0.22988505747126436 1.2653846153846153 0.22988505747126436 1.2653846153846153 0.22844827586206898 1.2442307692307693 0.22844827586206898
0 0.8461538461538461 0.6149425287356322 0.8461538461538461 0.6163793103448276 0.8576923076923076 0.6163793103448276 0.8576923076923076 0.6149425287356322 0.8461538461538461 0.6149425287356322
0 0.7096153846153846 0.033045977011494254 0.7096153846153846 0.034482758620689655 0.7153846153846154 0.034482758620689655 0.7153846153846154 0.033045977011494254 0.7096153846153846 0.033045977011494254
0 0.27307692307692305 0.30603448275862066 0.27307692307692305 0.3074712643678161 0.2923076923076923 0.3074712643678161 0.2923076923076923 0.30603448275862066 0.27307692307692305 0.30603448275862066
0 1.2134615384615384 0.25287356321839083 1.2134615384615384 0.2543103448275862 1.225 0.2543103448275862 1.225 0.25287356321839083 1.2134615384615384 0.25287356321839083
0 1.1807692307692308 0.7040229885057471 1.1807692307692308 0.7054597701149425 1.1923076923076923 0.7054597701149425 1.1923076923076923 0.7040229885057471 1.1807692307692308 0.7040229885057471
0 0.2653846153846154 0.35919540229885055 0.2653846153846154 0.36063218390804597 0.27884615384615385 0.36063218390804597 0.27884615384615385 0.35919540229885055 0.2653846153846154 0.35919540229885055
0 0.676923076923077 0.1839080459770115 0.676923076923077 0.1853448275862069 0.6807692307692308 0.1853448275862069 0.6807692307692308 0.1839080459770115 0.676923076923077 0.1839080459770115
0 0.9923076923076923 0.6436781609195402 0.9923076923076923 0.6451149425287356 1.0057692307692307 0.6451149425287356 1.0057692307692307 0.6436781609195402 0.9923076923076923 0.6436781609195402
0 0.5076923076923077 0.5790229885057471 0.5076923076923077 0.5804597701149425 0.5269230769230769 0.5804597701149425 0.5269230769230769 0.5790229885057471 0.5076923076923077 0.5790229885057471
0 0.1346153846153846 0.3204022988505747 0.1346153846153846 0.3218390804597701 0.1423076923076923 0.3218390804597701 0.1423076923076923 0.3204022988505747 0.1346153846153846 0.3204022988505747
0 0.6442307692307693 0.47270114942528735 0.6442307692307693 0.47413793103448276 0.6461538461538462 0.47413793103448276 0.6461538461538462 0.47270114942528735 0.6442307692307693 0.47270114942528735
0 0.8326923076923077 0.603448275862069 0.8326923076923077 0.6048850574712644 0.8442307692307692 0.6048850574712644 0.8442307692307692 0.603448275862069 0.8326923076923077 0.603448275862069
0 0.41923076923076924 0.02442528735632184 0.41923076923076924 0.02586206896551724 0.4307692307692308 0.02586206896551724 0.4307692307692308 0.02442528735632184 0.41923076923076924 0.02442528735632184
0 0.5576923076923077 0.3232758620689655 0.5576923076923077 0.32471264367816094 0.5673076923076923 0.32471264367816094 0.5673076923076923 0.3232758620689655 0.5576923076923077 0.3232758620689655
0 0.8653846153846154 0.4827586206896552 0.8653846153846154 0.48419540229885055 0.8673076923076923 0.48419540229885055 0.8673076923076923 0.4827586206896552 0.8653846153846154 0.4827586206896552
0 1.148076923076923 0.3074712643678161 1.148076923076923 0.3089080459770115 1.1557692307692307 0.3089080459770115 1.1557692307692307 0.3074712643678161 1.148076923076923 0.3074712643678161
0 0.6711538461538461 0.40229885057471265 0.6711538461538461 0.40373563218390807 0.6826923076923077 0.40373563218390807 0.6826923076923077 0.40229885057471265 0.6711538461538461 0.40229885057471265
0 0.5903846153846154 0.5028735632183908 0.5903846153846154 0.5043103448275862 0.6038461538461538 0.5043103448275862 0.6038461538461538 0.5028735632183908 0.5903846153846154 0.5028735632183908
0 1.2692307692307692 0.1221264367816092 1.2692307692307692 0.1235632183908046 1.2788461538461537 0.1235632183908046 1.2788461538461537 0.1221264367816092 1.2692307692307692 0.1221264367816092
0 1.2173076923076922 0.4640804597701149 1.2173076923076922 0.46551724137931033 1.226923076923077 0.46551724137931033 1.226923076923077 0.4640804597701149 1.2173076923076922 0.4640804597701149
0 0.926923076923077 0.21120689655172414 0.926923076923077 0.21264367816091953 0.9461538461538461 0.21264367816091953 0.9461538461538461 0.21120689655172414 0.926923076923077 0.21120689655172414
0 0.10192307692307692 0.03017241379310345 0.10192307692307692 0.031609195402298854 0.11346153846153846 0.031609195402298854 0.11346153846153846 0.03017241379310345 0.10192307692307692 0.03017241379310345
0 0.9923076923076923 0.4468390804597701 0.9923076923076923 0.4482758620689655 0.9961538461538462 0.4482758620689655 0.9961538461538462 0.4468390804597701 0.9923076923076923 0.4468390804597701
0 0.1519230769230769 0.2629310344827586 0.1519230769230769 0.26436781609195403 0.1673076923076923 0.26436781609195403 0.1673076923076923 0.2629310344827586 0.1519230769230769 0.2629310344827586
0 0.551923076923077 0.27011494252873564 0.551923076923077 0.27155172413793105 0.5615384615384615 0.27155172413793105 0.5615384615384615 0.27011494252873564 0.551923076923077 0.27011494252873564
0 0.9769230769230769 0.0 0.9769230769230769 0.0014367816091954023 1.0 0.0014367816091954023 1.0 0.0 0.9769230769230769 0.0
0 0.7846153846153846 0.7011494252873564 0.7846153846153846 0.7025862068965517 0.7942307692307692 0.7025862068965517 0.7942307692307692 0.7011494252873564 0.7846153846153846 0.7011494252873564
0 1.0903846153846153 0.39511494252873564 1.0903846153846153 0.39655172413793105 1.0923076923076922 0.39655172413793105 1.0923076923076922 0.39511494252873564 1.0903846153846153 0.39511494252873564
0 0.675 0.3706896551724138 0.675 0.37212643678160917 0.676923076923077 0.37212643678160917 0.676923076923077 0.3706896551724138 0.675 0.3706896551724138
0 0.07692307692307693 0.08333333333333333 0.07692307692307693 0.08477011494252873 0.08653846153846154 0.08477011494252873 0.08653846153846154 0.08333333333333333 0.07692307692307693 0.08333333333333333
0 0.45576923076923076 0.24568965517241378 0.45576923076923076 0.2471264367816092 0.4673076923076923 0.2471264367816092 0.4673076923076923 0.24568965517241378 0.45576923076923076 0.24568965517241378
0 0.175 0.1896551724137931 0.175 0.1910919540229885 0.19230769230769232 0.1910919540229885 0.19230769230769232 0.1896551724137931 0.175 0.1896551724137931
0 0.43653846153846154 0.014367816091954023 0.43653846153846154 0.015804597701149427 0.4403846153846154 0.015804597701149427 0.4403846153846154 0.014367816091954023 0.43653846153846154 0.014367816091954023
0 1.1384615384615384 0.4281609195402299 1.1384615384615384 0.4295977011494253 1.148076923076923 0.4295977011494253 1.148076923076923 0.4281609195402299 1.1384615384615384 0.4281609195402299
0 1.2134615384615384 0.36637931034482757 1.2134615384615384 0.367816091954023 1.226923076923077 0.367816091954023 1.226923076923077 0.36637931034482757 1.2134615384615384 0.36637931034482757
0 1.1096153846153847 0.16235632183908047 1.1096153846153847 0.16379310344827586 1.125 0.16379310344827586 1.125 0.16235632183908047 1.1096153846153847 0.16235632183908047
0 0.9846153846153847 0.05890804597701149 0.9846153846153847 0.0603448275862069 1.0057692307692307 0.0603448275862069 1.0057692307692307 0.05890804597701149 0.9846153846153847 0.05890804597701149
0 1.2788461538461537 0.38362068965517243 1.2788461538461537 0.3850574712643678 1.2807692307692307 0.3850574712643678 1.2807692307692307 0.38362068965517243 1.2788461538461537 0.38362068965517243
0 0.5269230769230769 0.5100574712643678 0.5269230769230769 0.5114942528735632 0.5365384615384615 0.5114942528735632 0.5365384615384615 0.5100574712643678 0.5269230769230769 0.5100574712643678
0 0.6653846153846154 0.021551724137931036 0.6653846153846154 0.022988505747126436 0.6730769230769231 0.022988505747126436 0.6730769230769231 0.021551724137931036 0.6653846153846154 0.021551724137931036
0 0.43653846153846154 0.027298850574712645 0.43653846153846154 0.028735632183908046 0.4461538461538462 0.028735632183908046 0.4461538461538462 0.027298850574712645 0.43653846153846154 0.027298850574712645
0 1.1538461538461537 0.6508620689655172 1.1538461538461537 0.6522988505747126 1.1673076923076924 0.6522988505747126 1.1673076923076924 0.6508620689655172 1.1538461538461537 0.6508620689655172
0 0.6557692307692308 0.41954022988505746 0.6557692307692308 0.4209770114942529 0.6634615384615384 0.4209770114942529 0.6634615384615384 0.41954022988505746 0.6557692307692308 0.41954022988505746
0 0.06153846153846154 0.033045977011494254 0.06153846153846154 0.034482758620689655 0.07307692307692308 0.034482758620689655 0.07307692307692308 0.033045977011494254 0.06153846153846154 0.033045977011494254
0 0.6096153846153847 0.0 0.6096153846153847 0.0014367816091954023 0.6307692307692307 0.0014367816091954023 0.6307692307692307 0.0 0.6096153846153847 0.0
0 0.551923076923077 0.09339080459770115 0.551923076923077 0.09482758620689655 0.5615384615384615 0.09482758620689655 0.5615384615384615 0.09339080459770115 0.551923076923077 0.09339080459770115
0 1.051923076923077 0.08045977011494253 1.051923076923077 0.08189655172413793 1.0557692307692308 0.08189655172413793 1.0557692307692308 0.08045977011494253 1.051923076923077 0.08045977011494253
0 0.05961538461538462 0.646551724137931 0.05961538461538462 0.6479885057471264 0.07307692307692308 0.6479885057471264 0.07307692307692308 0.646551724137931 0.05961538461538462 0.646551724137931
0 0.6653846153846154 0.521551724137931 0.6653846153846154 0.5229885057471264 0.6807692307692308 0.5229885057471264 0.6807692307692308 0.521551724137931 0.6653846153846154 0.521551724137931
0 0.6365384615384615 0.14080459770114942 0.6365384615384615 0.14224137931034483 0.6442307692307693 0.14224137931034483 0.6442307692307693 0.14080459770114942 0.6365384615384615 0.14080459770114942
0 0.45576923076923076 0.6810344827586207 0.45576923076923076 0.6824712643678161 0.47884615384615387 0.6824712643678161 0.47884615384615387 0.6810344827586207 0.45576923076923076 0.6810344827586207
0 1.1884615384615385 0.23563218390804597 1.1884615384615385 0.23706896551724138 1.1961538461538461 0.23706896551724138 1.1961538461538461 0.23563218390804597 1.1884615384615385 0.23563218390804597
0 0.03653846153846154 0.5258620689655172 0.03653846153846154 0.5272988505747126 0.04807692307692308 0.5272988505747126 0.04807692307692308 0.5258620689655172 0.03653846153846154 0.5258620689655172
0 0.8519230769230769 0.10201149425287356 0.8519230769230769 0.10344827586206896 0.8576923076923076 0.10344827586206896 0.8576923076923076 0.10201149425287356 0.8519230769230769 0.10201149425287356
0 0.032692307692307694 0.09913793103448276 0.032692307692307694 0.10057471264367816 0.038461538461538464 0.10057471264367816 0.038461538461538464 0.09913793103448276 0.032692307692307694 0.09913793103448276
0 0.27307692307692305 0.1896551724137931 0.27307692307692305 0.1910919540229885 0.27692307692307694 0.1910919540229885 0.27692307692307694 0.1896551724137931 0.27307692307692305 0.1896551724137931
0 0.7403846153846154 0.42528735632183906 0.7403846153846154 0.4267241379310345 0.75 0.4267241379310345 0.75 0.42528735632183906 0.7403846153846154 0.42528735632183906
0 0.17307692307692307 0.5962643678160919 0.17307692307692307 0.5977011494252874 0.18269230769230768 0.5977011494252874 0.18269230769230768 0.5962643678160919 0.17307692307692307 0.5962643678160919
0 0.625 0.15086206896551724 0.625 0.15229885057471265 0.6365384615384615 0.15229885057471265 0.6365384615384615 0.15086206896551724 0.625 0.15086206896551724
0 0.6461538461538462 0.28160919540229884 0.6461538461538462 0.28304597701149425 0.6557692307692308 0.28304597701149425 0.6557692307692308 0.28160919540229884 0.6461538461538462 0.28160919540229884
0 0.5903846153846154 0.4382183908045977 0.5903846153846154 0.4396551724137931 0.5980769230769231 0.4396551724137931 0.5980769230769231 0.4382183908045977 0.5903846153846154 0.4382183908045977
0 0.7730769230769231 0.2672413793103448 0.7730769230769231 0.2686781609195402 0.7865384615384615 0.2686781609195402 0.7865384615384615 0.2672413793103448 0.7730769230769231 0.2672413793103448
0 1.3115384615384615 0.22701149425287356 1.3115384615384615 0.22844827586206898 1.323076923076923 0.22844827586206898 1.323076923076923 0.22701149425287356 1.3115384615384615 0.22701149425287356
0 1.225 0.020114942528735632 1.225 0.021551724137931036 1.2403846153846154 0.021551724137931036 1.2403846153846154 0.020114942528735632 1.225 0.020114942528735632
0 0.08269230769230769 0.11637931034482758 0.08269230769230769 0.11781609195402298 0.08653846153846154 0.11781609195402298 0.08653846153846154 0.11637931034482758 0.08269230769230769 0.11637931034482758
0 0.09423076923076923 0.6652298850574713 0.09423076923076923 0.6666666666666666 0.11153846153846154 0.6666666666666666 0.11153846153846154 0.6652298850574713 0.09423076923076923 0.6652298850574713
0 0.425 0.5833333333333334 0.425 0.5847701149425287 0.43653846153846154 0.5847701149425287 0.43653846153846154 0.5833333333333334 0.425 0.5833333333333334
0 1.0346153846153847 0.06321839080459771 1.0346153846153847 0.06465517241379311 1.0480769230769231 0.06465517241379311 1.0480769230769231 0.06321839080459771 1.0346153846153847 0.06321839080459771
0 0.2826923076923077 0.09770114942528736 0.2826923076923077 0.09913793103448276 0.2923076923076923 0.09913793103448276 0.2923076923076923 0.09770114942528736 0.2826923076923077 0.09770114942528736
0 0.4826923076923077 0.022988505747126436 0.4826923076923077 0.02442528735632184 0.48846153846153845 0.02442528735632184 0.48846153846153845 0.022988505747126436 0.4826923076923077 0.022988505747126436
0 1.1634615384615385 0.21120689655172414 1.1634615384615385 0.21264367816091953 1.1730769230769231 0.21264367816091953 1.1730769230769231 0.21120689655172414 1.1634615384615385 0.21120689655172414
0 0.04038461538461539 0.0 0.04038461538461539 0.0014367816091954023 0.08076923076923077 0.0014367816091954023 0.08076923076923077 0.0 0.04038461538461539 0.0
0 0.4 0.4511494252873563 0.4 0.4525862068965517 0.41346153846153844 0.4525862068965517 0.41346153846153844 0.4511494252873563 0.4 0.4511494252873563
0 0.9230769230769231 0.0 0.9230769230769231 0.0014367816091954023 0.9673076923076923 0.0014367816091954023 0.9673076923076923 0.0 0.9230769230769231 0.0
0 0.11538461538461539 0.39655172413793105 0.11538461538461539 0.39798850574712646 0.125 0.39798850574712646 0.125 0.39655172413793105 0.11538461538461539 0.39655172413793105
0 1.1153846153846154 0.16091954022988506 1.1153846153846154 0.16235632183908047 1.1192307692307693 0.16235632183908047 1.1192307692307693 0.16091954022988506 1.1153846153846154 0.16091954022988506
0 0.19038461538461537 0.33620689655172414 0.19038461538461537 0.33764367816091956 0.20192307692307693 0.33764367816091956 0.20192307692307693 0.33620689655172414 0.19038461538461537 0.33620689655172414
0 0.8423076923076923 0.5560344827586207 0.8423076923076923 0.5574712643678161 0.8461538461538461 0.5574712643678161 0.8461538461538461 0.5560344827586207 0.8423076923076923 0.5560344827586207
0 0.7173076923076923 0.39511494252873564 0.7173076923076923 0.39655172413793105 0.7346153846153847 0.39655172413793105 0.7346153846153847 0.39511494252873564 0.7173076923076923 0.39511494252873564
0 0.6807692307692308 0.4870689655172414 0.6807692307692308 0.4885057471264368 0.698076923076923 0.4885057471264368 0.698076923076923 0.4870689655172414 0.6807692307692308 0.4870689655172414
0 0.125 0.5416666666666666 0.125 0.5431034482758621 0.13653846153846153 0.5431034482758621 0.13653846153846153 0.5416666666666666 0.125 0.5416666666666666
0 0.7711538461538462 0.35919540229885055 0.7711538461538462 0.36063218390804597 0.7807692307692308 0.36063218390804597 0.7807692307692308 0.35919540229885055 0.7711538461538462 0.35919540229885055
0 0.04423076923076923 0.41379310344827586 0.04423076923076923 0.41522988505747127 0.05384615384615385 0.41522988505747127 0.05384615384615385 0.41379310344827586 0.04423076923076923 0.41379310344827586
0 1.1519230769230768 0.2471264367816092 1.1519230769230768 0.24856321839080459 1.1634615384615385 0.24856321839080459 1.1634615384615385 0.2471264367816092 1.1519230769230768 0.2471264367816092
0 1.021153846153846 0.3261494252873563 1.021153846153846 0.3275862068965517 1.0326923076923078 0.3275862068965517 1.0326923076923078 0.3261494252873563 1.021153846153846 0.3261494252873563
0 0.25384615384615383 0.03879310344827586 0.25384615384615383 0.040229885057471264 0.26346153846153847 0.040229885057471264 0.26346153846153847 0.03879310344827586 0.25384615384615383 0.03879310344827586
0 1.0903846153846153 0.20833333333333334 1.0903846153846153 0.20977011494252873 1.1 0.20977011494252873 1.1 0.20833333333333334 1.0903846153846153 0.20833333333333334
0 0.9711538461538461 0.5028735632183908 0.9711538461538461 0.5043103448275862 0.9807692307692307 0.5043103448275862 0.9807692307692307 0.5028735632183908 0.9711538461538461 0.5028735632183908
0 1.2615384615384615 0.4109195402298851 1.2615384615384615 0.41235632183908044 1.2826923076923078 0.41235632183908044 1.2826923076923078 0.4109195402298851 1.2615384615384615 0.4109195402298851
0 0.09230769230769231 0.14798850574712644 0.09230769230769231 0.14942528735632185 0.10192307692307692 0.14942528735632185 0.10192307692307692 0.14798850574712644 0.09230769230769231 0.14798850574712644
0 1.2403846153846154 0.6350574712643678 1.2403846153846154 0.6364942528735632 1.2596153846153846 0.6364942528735632 1.2596153846153846 0.6350574712643678 1.2403846153846154 0.6350574712643678
0 0.046153846153846156 0.5790229885057471 0.046153846153846156 0.5804597701149425 0.0673076923076923 0.5804597701149425 0.0673076923076923 0.5790229885057471 0.046153846153846156 0.5790229885057471
0 0.6230769230769231 0.3793103448275862 0.6230769230769231 0.3807471264367816 0.6288461538461538 0.3807471264367816 0.6288461538461538 0.3793103448275862 0.6230769230769231 0.3793103448275862
0 1.0 0.6580459770114943 1.0 0.6594827586206896 1.0173076923076922 0.6594827586206896 1.0173076923076922 0.6580459770114943 1.0 0.6580459770114943
0 0.1423076923076923 0.14511494252873564 0.1423076923076923 0.14655172413793102 0.14807692307692308 0.14655172413793102 0.14807692307692308 0.14511494252873564 0.1423076923076923 0.14511494252873564
0 0.20576923076923076 0.6278735632183908 0.20576923076923076 0.6293103448275862 0.21346153846153845 0.6293103448275862 0.21346153846153845 0.6278735632183908 0.20576923076923076 0.6278735632183908
0 0.8365384615384616 0.0 0.8365384615384616 0.0014367816091954023 0.8634615384615385 0.0014367816091954023 0.8634615384615385 0.0 0.8365384615384616 0.0
0 1.2134615384615384 0.3864942528735632 1.2134615384615384 0.3879310344827586 1.2230769230769232 0.3879310344827586 1.2230769230769232 0.3864942528735632 1.2134615384615384 0.3864942528735632
0 0.7153846153846154 0.4511494252873563 0.7153846153846154 0.4525862068965517 0.7230769230769231 0.4525862068965517 0.7230769230769231 0.4511494252873563 0.7153846153846154 0.4511494252873563
0 0.8326923076923077 0.6436781609195402 0.8326923076923077 0.6451149425287356 0.8365384615384616 0.6451149425287356 0.8365384615384616 0.6436781609195402 0.8326923076923077 0.6436781609195402
0 1.2384615384615385 0.6135057471264368 1.2384615384615385 0.6149425287356322 1.2557692307692307 0.6149425287356322 1.2557692307692307 0.6135057471264368 1.2384615384615385 0.6135057471264368
0 0.24615384615384617 0.15229885057471265 0.24615384615384617 0.15373563218390804 0.25769230769230766 0.15373563218390804 0.25769230769230766 0.15229885057471265 0.24615384615384617 0.15229885057471265
0 0.3346153846153846 0.06465517241379311 0.3346153846153846 0.06609195402298851 0.34423076923076923 0.06609195402298851 0.34423076923076923 0.06465517241379311 0.3346153846153846 0.06465517241379311
0 0.7230769230769231 0.1839080459770115 0.7230769230769231 0.1853448275862069 0.7384615384615385 0.1853448275862069 0.7384615384615385 0.1839080459770115 0.7230769230769231 0.1839080459770115
0 0.3557692307692308 0.47844827586206895 0.3557692307692308 0.47988505747126436 0.36730769230769234 0.47988505747126436 0.36730769230769234 0.47844827586206895 0.3557692307692308 0.47844827586206895
0 0.03461538461538462 0.34626436781609193 0.03461538461538462 0.34770114942528735 0.04230769230769231 0.34770114942528735 0.04230769230769231 0.34626436781609193 0.03461538461538462 0.34626436781609193
0 0.8192307692307692 0.7011494252873564 0.8192307692307692 0.7025862068965517 0.8307692307692308 0.7025862068965517 0.8307692307692308 0.7011494252873564 0.8192307692307692 0.7011494252873564
0 0.11538461538461539 0.24568965517241378 0.11538461538461539 0.2471264367816092 0.12307692307692308 0.2471264367816092 0.12307692307692308 0.24568965517241378 0.11538461538461539 0.24568965517241378
0 0.09615384615384616 0.4353448275862069 0.09615384615384616 0.4367816091954023 0.10961538461538461 0.4367816091954023 0.10961538461538461 0.4353448275862069 0.09615384615384616 0.4353448275862069
0 0.1596153846153846 0.5445402298850575 0.1596153846153846 0.5459770114942529 0.16923076923076924 0.5459770114942529 0.16923076923076924 0.5445402298850575 0.1596153846153846 0.5445402298850575
0 0.6596153846153846 0.257183908045977 0.6596153846153846 0.25862068965517243 0.6730769230769231 0.25862068965517243 0.6730769230769231 0.257183908045977 0.6596153846153846 0.257183908045977
0 1.2307692307692308 0.3045977011494253 1.2307692307692308 0.30603448275862066 1.2423076923076923 0.30603448275862066 1.2423076923076923 0.3045977011494253 1.2307692307692308 0.3045977011494253
0 0.7923076923076923 0.2859195402298851 0.7923076923076923 0.28735632183908044 0.8038461538461539 0.28735632183908044 0.8038461538461539 0.2859195402298851 0.7923076923076923 0.2859195402298851
0 0.5 0.5114942528735632 0.5 0.5129310344827587 0.5076923076923077 0.5129310344827587 0.5076923076923077 0.5114942528735632 0.5 0.5114942528735632
0 0.573076923076923 0.6594827586206896 0.573076923076923 0.6609195402298851 0.5826923076923077 0.6609195402298851 0.5826923076923077 0.6594827586206896 0.573076923076923 0.6594827586206896
0 1.2884615384615385 0.4425287356321839 1.2884615384615385 0.44396551724137934 1.2942307692307693 0.44396551724137934 1.2942307692307693 0.4425287356321839 1.2884615384615385 0.4425287356321839
0 0.9846153846153847 0.3074712643678161 0.9846153846153847 0.3089080459770115 1.0076923076923077 0.3089080459770115 1.0076923076923077 0.3074712643678161 0.9846153846153847 0.3074712643678161
0 1.1 0.41379310344827586 1.1 0.41522988505747127 1.1057692307692308 0.41522988505747127 1.1057692307692308 0.41379310344827586 1.1 0.41379310344827586
0 0.6461538461538462 0.05603448275862069 0.6461538461538462 0.05747126436781609 0.6576923076923077 0.05747126436781609 0.6576923076923077 0.05603448275862069 0.6461538461538462 0.05603448275862069
0 0.057692307692307696 0.0617816091954023 0.057692307692307696 0.06321839080459771 0.06538461538461539 0.06321839080459771 0.06538461538461539 0.0617816091954023 0.057692307692307696 0.0617816091954023
0 0.16346153846153846 0.035919540229885055 0.16346153846153846 0.03735632183908046 0.17692307692307693 0.03735632183908046 0.17692307692307693 0.035919540229885055 0.16346153846153846 0.035919540229885055
0 0.40192307692307694 0.7370689655172413 0.40192307692307694 0.7385057471264368 0.41923076923076924 0.7385057471264368 0.41923076923076924 0.7370689655172413 0.40192307692307694 0.7370689655172413
0 0.11346153846153846 0.5186781609195402 0.11346153846153846 0.5201149425287356 0.125 0.5201149425287356 0.125 0.5186781609195402 0.11346153846153846 0.5186781609195402
0 0.9153846153846154 0.4425287356321839 0.9153846153846154 0.44396551724137934 0.9230769230769231 0.44396551724137934 0.9230769230769231 0.4425287356321839 0.9153846153846154 0.4425287356321839
0 0.6692307692307692 0.1910919540229885 0.6692307692307692 0.1925287356321839 0.6846153846153846 0.1925287356321839 0.6846153846153846 0.1910919540229885 0.6692307692307692 0.1910919540229885
0 0.8134615384615385 0.17385057471264367 0.8134615384615385 0.1752873563218391 0.8211538461538461 0.1752873563218391 0.8211538461538461 0.17385057471264367 0.8134615384615385 0.17385057471264367
0 1.1730769230769231 0.22413793103448276 1.1730769230769231 0.22557471264367815 1.1846153846153846 0.22557471264367815 1.1846153846153846 0.22413793103448276 1.1730769230769231 0.22413793103448276
0 0.4980769230769231 0.1336206896551724 0.4980769230769231 0.13505747126436782 0.5076923076923077 0.13505747126436782 0.5076923076923077 0.1336206896551724 0.4980769230769231 0.1336206896551724
0 0.5653846153846154 0.3045977011494253 0.5653846153846154 0.30603448275862066 0.5788461538461539 0.30603448275862066 0.5788461538461539 0.3045977011494253 0.5653846153846154 0.3045977011494253
0 0.5826923076923077 0.2801724137931034 0.5826923076923077 0.28160919540229884 0.5903846153846154 0.28160919540229884 0.5903846153846154 0.2801724137931034 0.5826923076923077 0.2801724137931034
0 0.021153846153846155 0.6997126436781609 0.021153846153846155 0.7011494252873564 0.04807692307692308 0.7011494252873564 0.04807692307692308 0.6997126436781609 0.021153846153846155 0.6997126436781609
0 0.41346153846153844 0.7126436781609196 0.41346153846153844 0.7140804597701149 0.4173076923076923 0.7140804597701149 0.4173076923076923 0.7126436781609196 0.41346153846153844 0.7126436781609196
0 0.09230769230769231 0.10632183908045977 0.09230769230769231 0.10775862068965517 0.1 0.10775862068965517 0.1 0.10632183908045977 0.09230769230769231 0.10632183908045977
0 0.9057692307692308 0.5948275862068966 0.9057692307692308 0.5962643678160919 0.9096153846153846 0.5962643678160919 0.9096153846153846 0.5948275862068966 0.9057692307692308 0.5948275862068966
0 0.6384615384615384 0.6767241379310345 0.6384615384615384 0.6781609195402298 0.6480769230769231 0.6781609195402298 0.6480769230769231 0.6767241379310345 0.6384615384615384 0.6767241379310345
0 0.7423076923076923 0.6020114942528736 0.7423076923076923 0.603448275862069 0.7442307692307693 0.603448275862069 0.7442307692307693 0.6020114942528736 0.7423076923076923 0.6020114942528736
0 0.4826923076923077 0.24856321839080459 0.4826923076923077 0.25 0.49615384615384617 0.25 0.49615384615384617 0.24856321839080459 0.4826923076923077 0.24856321839080459
0 0.2673076923076923 0.0 0.2673076923076923 0.0014367816091954023 0.2903846153846154 0.0014367816091954023 0.2903846153846154 0.0 0.2673076923076923 0.0
0 0.7076923076923077 0.4985632183908046 0.7076923076923077 0.5 0.7153846153846154 0.5 0.7153846153846154 0.4985632183908046 0.7076923076923077 0.4985632183908046
0 0.6230769230769231 0.10632183908045977 0.6230769230769231 0.10775862068965517 0.6288461538461538 0.10775862068965517 0.6288461538461538 0.10632183908045977 0.6230769230769231 0.10632183908045977
0 0.225 0.07471264367816093 0.225 0.07614942528735633 0.23846153846153847 0.07614942528735633 0.23846153846153847 0.07471264367816093 0.225 0.07471264367816093
0 0.5826923076923077 0.031609195402298854 0.5826923076923077 0.033045977011494254 0.5980769230769231 0.033045977011494254 0.5980769230769231 0.031609195402298854 0.5826923076923077 0.031609195402298854
0 0.15576923076923077 0.6752873563218391 0.15576923076923077 0.6767241379310345 0.16153846153846155 0.6767241379310345 0.16153846153846155 0.6752873563218391 0.15576923076923077 0.6752873563218391
0 1.3173076923076923 0.33189655172413796 1.3173076923076923 0.3333333333333333 1.3192307692307692 0.3333333333333333 1.3192307692307692 0.33189655172413796 1.3173076923076923 0.33189655172413796
0 1.1846153846153846 0.46120689655172414 1.1846153846153846 0.46264367816091956 1.2038461538461538 0.46264367816091956 1.2038461538461538 0.46120689655172414 1.1846153846153846 0.46120689655172414
0 1.1365384615384615 0.6537356321839081 1.1365384615384615 0.6551724137931034 1.1557692307692307 0.6551724137931034 1.1557692307692307 0.6537356321839081 1.1365384615384615 0.6537356321839081
0 0.4307692307692308 0.09339080459770115 0.4307692307692308 0.09482758620689655 0.43653846153846154 0.09482758620689655 0.43653846153846154 0.09339080459770115 0.4307692307692308 0.09339080459770115
0 0.9423076923076923 0.09195402298850575 0.9423076923076923 0.09339080459770115 0.948076923076923 0.09339080459770115 0.948076923076923 0.09195402298850575 0.9423076923076923 0.09195402298850575
0 0.551923076923077 0.02442528735632184 0.551923076923077 0.02586206896551724 0.5692307692307692 0.02586206896551724 0.5692307692307692 0.02442528735632184 0.551923076923077 0.02442528735632184
0 0.9788461538461538 0.367816091954023 0.9788461538461538 0.3692528735632184 0.9884615384615385 0.3692528735632184 0.9884615384615385 0.367816091954023 0.9788461538461538 0.367816091954023
0 1.1673076923076924 0.17959770114942528 1.1673076923076924 0.1810344827586207 1.1865384615384615 0.1810344827586207 1.1865384615384615 0.17959770114942528 1.1673076923076924 0.17959770114942528
0 1.15 0.34770114942528735 1.15 0.34913793103448276 1.1653846153846155 0.34913793103448276 1.1653846153846155 0.34770114942528735 1.15 0.34770114942528735
0 0.8730769230769231 0.06321839080459771 0.8730769230769231 0.06465517241379311 0.8788461538461538 0.06465517241379311 0.8788461538461538 0.06321839080459771 0.8730769230769231 0.06321839080459771
0 1.1153846153846154 0.5502873563218391 1.1153846153846154 0.5517241379310345 1.123076923076923 0.5517241379310345 1.123076923076923 0.5502873563218391 1.1153846153846154 0.5502873563218391
0 0.4461538461538462 0.28160919540229884 0.4461538461538462 0.28304597701149425 0.45576923076923076 0.28304597701149425 0.45576923076923076 0.28160919540229884 0.4461538461538462 0.28160919540229884
0 1.103846153846154 0.0028735632183908046 1.103846153846154 0.004310344827586207 1.1096153846153847 0.004310344827586207 1.1096153846153847 0.0028735632183908046 1.103846153846154 0.0028735632183908046
0 0.5057692307692307 0.3793103448275862 0.5057692307692307 0.3807471264367816 0.5134615384615384 0.3807471264367816 0.5134615384615384 0.3793103448275862 0.5057692307692307 0.3793103448275862
0 1.1211538461538462 0.015804597701149427 1.1211538461538462 0.017241379310344827 1.125 0.017241379310344827 1.125 0.015804597701149427 1.1211538461538462 0.015804597701149427
0 0.5480769230769231 0.5833333333333334 0.5480769230769231 0.5847701149425287 0.5711538461538461 0.5847701149425287 0.5711538461538461 0.5833333333333334 0.5480769230769231 0.5833333333333334
0 0.5365384615384615 0.15229885057471265 0.5365384615384615 0.15373563218390804 0.55 0.15373563218390804 0.55 0.15229885057471265 0.5365384615384615 0.15229885057471265
0 0.09038461538461538 0.4339080459770115 0.09038461538461538 0.4353448275862069 0.11153846153846154 0.4353448275862069 0.11153846153846154 0.4339080459770115 0.09038461538461538 0.4339080459770115
0 0.6134615384615385 0.4367816091954023 0.6134615384615385 0.4382183908045977 0.6173076923076923 0.4382183908045977 0.6173076923076923 0.4367816091954023 0.6134615384615385 0.4367816091954023
0 1.0461538461538462 0.27873563218390807 1.0461538461538462 0.2801724137931034 1.05 0.2801724137931034 1.05 0.27873563218390807 1.0461538461538462 0.27873563218390807
0 0.5192307692307693 0.15086206896551724 0.5192307692307693 0.15229885057471265 0.5307692307692308 0.15229885057471265 0.5307692307692308 0.15086206896551724 0.5192307692307693 0.15086206896551724
0 0.125 0.20545977011494254 0.125 0.20689655172413793 0.1423076923076923 0.20689655172413793 0.1423076923076923 0.20545977011494254 0.125 0.20545977011494254
0 0.38846153846153847 0.24856321839080459 0.38846153846153847 0.25 0.40576923076923077 0.25 0.40576923076923077 0.24856321839080459 0.38846153846153847 0.24856321839080459
0 0.9346153846153846 0.07327586206896551 0.9346153846153846 0.07471264367816093 0.9442307692307692 0.07471264367816093 0.9442307692307692 0.07327586206896551 0.9346153846153846 0.07327586206896551
0 0.10961538461538461 0.45977011494252873 0.10961538461538461 0.46120689655172414 0.12884615384615383 0.46120689655172414 0.12884615384615383 0.45977011494252873 0.10961538461538461 0.45977011494252873
0 0.45576923076923076 0.41810344827586204 0.45576923076923076 0.41954022988505746 0.46153846153846156 0.41954022988505746 0.46153846153846156 0.41810344827586204 0.45576923076923076 0.41810344827586204
0 0.16346153846153846 0.20402298850574713 0.16346153846153846 0.20545977011494254 0.175 0.20545977011494254 0.175 0.20402298850574713 0.16346153846153846 0.20402298850574713
0 0.4288461538461538 0.20402298850574713 0.4288461538461538 0.20545977011494254 0.4442307692307692 0.20545977011494254 0.4442307692307692 0.20402298850574713 0.4288461538461538 0.20402298850574713
0 0.9115384615384615 0.5502873563218391 0.9115384615384615 0.5517241379310345 0.9153846153846154 0.5517241379310345 0.9153846153846154 0.5502873563218391 0.9115384615384615 0.5502873563218391
0 0.5057692307692307 0.28448275862068967 0.5057692307692307 0.2859195402298851 0.5134615384615384 0.2859195402298851 0.5134615384615384 0.28448275862068967 0.5057692307692307 0.28448275862068967
0 0.5096153846153846 0.041666666666666664 0.5096153846153846 0.04310344827586207 0.5192307692307693 0.04310344827586207 0.5192307692307693 0.041666666666666664 0.5096153846153846 0.041666666666666664
0 0.6788461538461539 0.2744252873563218 0.6788461538461539 0.27586206896551724 0.7057692307692308 0.27586206896551724 0.7057692307692308 0.2744252873563218 0.6788461538461539 0.2744252873563218
0 0.38846153846153847 0.36063218390804597 0.38846153846153847 0.3620689655172414 0.39615384615384613 0.3620689655172414 0.39615384615384613 0.36063218390804597 0.38846153846153847 0.36063218390804597
0 0.7461538461538462 0.28304597701149425 0.7461538461538462 0.28448275862068967 0.7557692307692307 0.28448275862068967 0.7557692307692307 0.28304597701149425 0.7461538461538462 0.28304597701149425
0 0.6134615384615385 0.06321839080459771 0.6134615384615385 0.06465517241379311 0.6230769230769231 0.06465517241379311 0.6230769230769231 0.06321839080459771 0.6134615384615385 0.06321839080459771
0 0.3942307692307692 0.5129310344827587 0.3942307692307692 0.514367816091954 0.40192307692307694 0.514367816091954 0.40192307692307694 0.5129310344827587 0.3942307692307692 0.5129310344827587
0 0.1423076923076923 0.1221264367816092 0.1423076923076923 0.1235632183908046 0.1519230769230769 0.1235632183908046 0.1519230769230769 0.1221264367816092 0.1423076923076923 0.1221264367816092
0 0.4846153846153846 0.0 0.4846153846153846 0.0014367816091954023 0.5192307692307693 0.0014367816091954023 0.5192307692307693 0.0 0.4846153846153846 0.0
0 0.47307692307692306 0.4425287356321839 0.47307692307692306 0.44396551724137934 0.4807692307692308 0.44396551724137934 0.4807692307692308 0.4425287356321839 0.47307692307692306 0.4425287356321839
0 0.8711538461538462 0.5876436781609196 0.8711538461538462 0.5890804597701149 0.8788461538461538 0.5890804597701149 0.8788461538461538 0.5876436781609196 0.8711538461538462 0.5876436781609196
0 1.0576923076923077 0.34051724137931033 1.0576923076923077 0.34195402298850575 1.0673076923076923 0.34195402298850575 1.0673076923076923 0.34051724137931033 1.0576923076923077 0.34051724137931033
0 0.22692307692307692 0.4482758620689655 0.22692307692307692 0.44971264367816094 0.25 0.44971264367816094 0.25 0.4482758620689655 0.22692307692307692 0.4482758620689655
0 0.9115384615384615 0.5833333333333334 0.9115384615384615 0.5847701149425287 0.926923076923077 0.5847701149425287 0.926923076923077 0.5833333333333334 0.9115384615384615 0.5833333333333334
0 0.4807692307692308 0.3160919540229885 0.4807692307692308 0.3175287356321839 0.48846153846153845 0.3175287356321839 0.48846153846153845 0.3160919540229885 0.4807692307692308 0.3160919540229885
0 0.05961538461538462 0.7097701149425287 0.05961538461538462 0.7112068965517241 0.0673076923076923 0.7112068965517241 0.0673076923076923 0.7097701149425287 0.05961538461538462 0.7097701149425287
0 1.3038461538461539 0.6149425287356322 1.3038461538461539 0.6163793103448276 1.3192307692307692 0.6163793103448276 1.3192307692307692 0.6149425287356322 1.3038461538461539 0.6149425287356322
0 0.6192307692307693 0.4367816091954023 0.6192307692307693 0.4382183908045977 0.6211538461538462 0.4382183908045977 0.6211538461538462 0.4367816091954023 0.6192307692307693 0.4367816091954023
0 0.24423076923076922 0.07902298850574713 0.24423076923076922 0.08045977011494253 0.25 0.08045977011494253 0.25 0.07902298850574713 0.24423076923076922 0.07902298850574713
0 0.6211538461538462 0.3232758620689655 0.6211538461538462 0.32471264367816094 0.6288461538461538 0.32471264367816094 0.6288461538461538 0.3232758620689655 0.6211538461538462 0.3232758620689655
0 0.2173076923076923 0.4324712643678161 0.2173076923076923 0.4339080459770115 0.21923076923076923 0.4339080459770115 0.21923076923076923 0.4324712643678161 0.2173076923076923 0.4324712643678161
0 0.1519230769230769 0.041666666666666664 0.1519230769230769 0.04310344827586207 0.15384615384615385 0.04310344827586207 0.15384615384615385 0.041666666666666664 0.1519230769230769 0.041666666666666664
0 1.175 0.19540229885057472 1.175 0.1968390804597701 1.1788461538461539 0.1968390804597701 1.1788461538461539 0.19540229885057472 1.175 0.19540229885057472
0 0.925 0.1867816091954023 0.925 0.1882183908045977 0.9326923076923077 0.1882183908045977 0.9326923076923077 0.1867816091954023 0.925 0.1867816091954023
0 0.31346153846153846 0.47413793103448276 0.31346153846153846 0.4755747126436782 0.33076923076923076 0.4755747126436782 0.33076923076923076 0.47413793103448276 0.31346153846153846 0.47413793103448276
0 0.9057692307692308 0.15517241379310345 0.9057692307692308 0.15660919540229884 0.9230769230769231 0.15660919540229884 0.9230769230769231 0.15517241379310345 0.9057692307692308 0.15517241379310345
0 1.0057692307692307 0.0 1.0057692307692307 0.0014367816091954023 1.0076923076923077 0.0014367816091954023 1.0076923076923077 0.0 1.0057692307692307 0.0
0 0.17692307692307693 0.15517241379310345 0.17692307692307693 0.15660919540229884 0.19230769230769232 0.15660919540229884 0.19230769230769232 0.15517241379310345 0.17692307692307693 0.15517241379310345
0 0.8057692307692308 0.02442528735632184 0.8057692307692308 0.02586206896551724 0.8115384615384615 0.02586206896551724 0.8115384615384615 0.02442528735632184 0.8057692307692308 0.02442528735632184
0 0.2826923076923077 0.25287356321839083 0.2826923076923077 0.2543103448275862 0.3 0.2543103448275862 0.3 0.25287356321839083 0.2826923076923077 0.25287356321839083
0 1.0557692307692308 0.041666666666666664 1.0557692307692308 0.04310344827586207 1.0596153846153846 0.04310344827586207 1.0596153846153846 0.041666666666666664 1.0557692307692308 0.041666666666666664
0 0.09807692307692308 0.10488505747126436 0.09807692307692308 0.10632183908045977 0.1 0.10632183908045977 0.1 0.10488505747126436 0.09807692307692308 0.10488505747126436
0 0.8961538461538462 0.7198275862068966 0.8961538461538462 0.7212643678160919 0.9307692307692308 0.7212643678160919 0.9307692307692308 0.7198275862068966 0.8961538461538462 0.7198275862068966
0 0.3269230769230769 0.1781609195402299 0.3269230769230769 0.17959770114942528 0.33076923076923076 0.17959770114942528 0.33076923076923076 0.1781609195402299 0.3269230769230769 0.1781609195402299
0 0.27692307692307694 0.45689655172413796 0.27692307692307694 0.4583333333333333 0.28076923076923077 0.4583333333333333 0.28076923076923077 0.45689655172413796 0.27692307692307694 0.45689655172413796
0 0.85 0.3706896551724138 0.85 0.37212643678160917 0.8576923076923076 0.37212643678160917 0.8576923076923076 0.3706896551724138 0.85 0.3706896551724138
0 0.13846153846153847 0.06896551724137931 0.13846153846153847 0.07040229885057471 0.1576923076923077 0.07040229885057471 0.1576923076923077 0.06896551724137931 0.13846153846153847 0.06896551724137931
0 1.0326923076923078 0.2959770114942529 1.0326923076923078 0.2974137931034483 1.0403846153846155 0.2974137931034483 1.0403846153846155 0.2959770114942529 1.0326923076923078 0.2959770114942529
0 0.4326923076923077 0.3864942528735632 0.4326923076923077 0.3879310344827586 0.4423076923076923 0.3879310344827586 0.4423076923076923 0.3864942528735632 0.4326923076923077 0.3864942528735632
0 0.5673076923076923 0.0 0.5673076923076923 0.0014367816091954023 0.5923076923076923 0.0014367816091954023 0.5923076923076923 0.0 0.5673076923076923 0.0
0 1.0346153846153847 0.7341954022988506 1.0346153846153847 0.735632183908046 1.0461538461538462 0.735632183908046 1.0461538461538462 0.7341954022988506 1.0346153846153847 0.7341954022988506
0 0.23076923076923078 0.7241379310344828 0.23076923076923078 0.7255747126436781 0.24423076923076922 0.7255747126436781 0.24423076923076922 0.7241379310344828 0.23076923076923078 0.7241379310344828
0 0.7865384615384615 0.22270114942528735 0.7865384615384615 0.22413793103448276 0.8038461538461539 0.22413793103448276 0.8038461538461539 0.22270114942528735 0.7865384615384615 0.22270114942528735
0 1.1826923076923077 0.39655172413793105 1.1826923076923077 0.39798850574712646 1.1942307692307692 0.39798850574712646 1.1942307692307692 0.39655172413793105 1.1826923076923077 0.39655172413793105
0 0.6307692307692307 0.20689655172413793 0.6307692307692307 0.20833333333333334 0.6519230769230769 0.20833333333333334 0.6519230769230769 0.20689655172413793 0.6307692307692307 0.20689655172413793
0 0.8480769230769231 0.46120689655172414 0.8480769230769231 0.46264367816091956 0.8634615384615385 0.46264367816091956 0.8634615384615385 0.46120689655172414 0.8480769230769231 0.46120689655172414
0 0.13076923076923078 0.04310344827586207 0.13076923076923078 0.04454022988505747 0.1346153846153846 0.04454022988505747 0.1346153846153846 0.04310344827586207 0.13076923076923078 0.04310344827586207
0 1.1326923076923077 0.1752873563218391 1.1326923076923077 0.17672413793103448 1.1519230769230768 0.17672413793103448 1.1519230769230768 0.1752873563218391 1.1326923076923077 0.1752873563218391
0 1.0384615384615385 0.5330459770114943 1.0384615384615385 0.5344827586206896 1.0538461538461539 0.5344827586206896 1.0538461538461539 0.5330459770114943 1.0384615384615385 0.5330459770114943
0 1.1711538461538462 0.6609195402298851 1.1711538461538462 0.6623563218390804 1.1846153846153846 0.6623563218390804 1.1846153846153846 0.6609195402298851 1.1711538461538462 0.6609195402298851
0 0.5461538461538461 0.7097701149425287 0.5461538461538461 0.7112068965517241 0.5711538461538461 0.7112068965517241 0.5711538461538461 0.7097701149425287 0.5461538461538461 0.7097701149425287
0 0.85 0.5646551724137931 0.85 0.5660919540229885 0.8596153846153847 0.5660919540229885 0.8596153846153847 0.5646551724137931 0.85 0.5646551724137931
0 0.675 0.4209770114942529 0.675 0.4224137931034483 0.6942307692307692 0.4224137931034483 0.6942307692307692 0.4209770114942529 0.675 0.4209770114942529
0 0.5942307692307692 0.7341954022988506 0.5942307692307692 0.735632183908046 0.6019230769230769 0.735632183908046 0.6019230769230769 0.7341954022988506 0.5942307692307692 0.7341954022988506
0 0.1076923076923077 0.5560344827586207 0.1076923076923077 0.5574712643678161 0.11346153846153846 0.5574712643678161 0.11346153846153846 0.5560344827586207 0.1076923076923077 0.5560344827586207
0 1.3307692307692307 0.735632183908046 1.3307692307692307 0.7370689655172413 1.3384615384615384 0.7370689655172413 1.3384615384615384 0.735632183908046 1.3307692307692307 0.735632183908046
0 0.6557692307692308 0.5057471264367817 0.6557692307692308 0.507183908045977 0.6673076923076923 0.507183908045977 0.6673076923076923 0.5057471264367817 0.6557692307692308 0.5057471264367817
0 0.8 0.5301724137931034 0.8 0.5316091954022989 0.8153846153846154 0.5316091954022989 0.8153846153846154 0.5301724137931034 0.8 0.5301724137931034
0 0.7711538461538462 0.34913793103448276 0.7711538461538462 0.3505747126436782 0.7884615384615384 0.3505747126436782 0.7884615384615384 0.34913793103448276 0.7711538461538462 0.34913793103448276
0 0.2865384615384615 0.2514367816091954 0.2865384615384615 0.25287356321839083 0.3057692307692308 0.25287356321839083 0.3057692307692308 0.2514367816091954 0.2865384615384615 0.2514367816091954
0 0.7346153846153847 0.1867816091954023 0.7346153846153847 0.1882183908045977 0.7480769230769231 0.1882183908045977 0.7480769230769231 0.1867816091954023 0.7346153846153847 0.1867816091954023
0 1.2596153846153846 0.6379310344827587 1.2596153846153846 0.639367816091954 1.2692307692307692 0.639367816091954 1.2692307692307692 0.6379310344827587 1.2596153846153846 0.6379310344827587
0 0.9923076923076923 0.15948275862068967 0.9923076923076923 0.16091954022988506 1.0076923076923077 0.16091954022988506 1.0076923076923077 0.15948275862068967 0.9923076923076923 0.15948275862068967
0 1.3 0.07471264367816093 1.3 0.07614942528735633 1.3057692307692308 0.07614942528735633 1.3057692307692308 0.07471264367816093 1.3 0.07471264367816093
0 0.2903846153846154 0.6163793103448276 0.2903846153846154 0.617816091954023 0.3057692307692308 0.617816091954023 0.3057692307692308 0.6163793103448276 0.2903846153846154 0.6163793103448276
0 0.4576923076923077 0.16235632183908047 0.4576923076923077 0.16379310344827586 0.4673076923076923 0.16379310344827586 0.4673076923076923 0.16235632183908047 0.4576923076923077 0.16235632183908047
0 1.0057692307692307 0.6853448275862069 1.0057692307692307 0.6867816091954023 1.0096153846153846 0.6867816091954023 1.0096153846153846 0.6853448275862069 1.0057692307692307 0.6853448275862069
0 0.926923076923077 0.44971264367816094 0.926923076923077 0.4511494252873563 0.9403846153846154 0.4511494252873563 0.9403846153846154 0.44971264367816094 0.926923076923077 0.44971264367816094
0 1.0673076923076923 0.3103448275862069 1.0673076923076923 0.3117816091954023 1.0788461538461538 0.3117816091954023 1.0788461538461538 0.3103448275862069 1.0673076923076923 0.3103448275862069
0 0.6269230769230769 0.3074712643678161 0.6269230769230769 0.3089080459770115 0.6365384615384615 0.3089080459770115 0.6365384615384615 0.3074712643678161 0.6269230769230769 0.3074712643678161
0 0.10192307692307692 0.5818965517241379 0.10192307692307692 0.5833333333333334 0.10384615384615385 0.5833333333333334 0.10384615384615385 0.5818965517241379 0.10192307692307692 0.5818965517241379
0 0.14807692307692308 0.5086206896551724 0.14807692307692308 0.5100574712643678 0.1673076923076923 0.5100574712643678 0.1673076923076923 0.5086206896551724 0.14807692307692308 0.5086206896551724
0 0.9730769230769231 0.4698275862068966 0.9730769230769231 0.47126436781609193 0.9826923076923076 0.47126436781609193 0.9826923076923076 0.4698275862068966 0.9730769230769231 0.4698275862068966
0 1.1903846153846154 0.2686781609195402 1.1903846153846154 0.27011494252873564 1.2038461538461538 0.27011494252873564 1.2038461538461538 0.2686781609195402 1.1903846153846154 0.2686781609195402
0 0.5826923076923077 0.3232758620689655 0.5826923076923077 0.32471264367816094 0.6019230769230769 0.32471264367816094 0.6019230769230769 0.3232758620689655 0.5826923076923077 0.3232758620689655
0 0.07115384615384615 0.4755747126436782 0.07115384615384615 0.47701149425287354 0.07307692307692308 0.47701149425287354 0.07307692307692308 0.4755747126436782 0.07115384615384615 0.4755747126436782
0 0.6134615384615385 0.125 0.6134615384615385 0.12643678160919541 0.625 0.12643678160919541 0.625 0.125 0.6134615384615385 0.125
0 0.6153846153846154 0.5330459770114943 0.6153846153846154 0.5344827586206896 0.6173076923076923 0.5344827586206896 0.6173076923076923 0.5330459770114943 0.6153846153846154 0.5330459770114943
0 0.7538461538461538 0.2557471264367816 0.7538461538461538 0.257183908045977 0.7576923076923077 0.257183908045977 0.7576923076923077 0.2557471264367816 0.7538461538461538 0.2557471264367816
0 0.4442307692307692 0.05459770114942529 0.4442307692307692 0.05603448275862069 0.4480769230769231 0.05603448275862069 0.4480769230769231 0.05459770114942529 0.4442307692307692 0.05459770114942529
0 0.3576923076923077 0.017241379310344827 0.3576923076923077 0.01867816091954023 0.36538461538461536 0.01867816091954023 0.36538461538461536 0.017241379310344827 0.3576923076923077 0.017241379310344827
0 1.2403846153846154 0.43103448275862066 1.2403846153846154 0.4324712643678161 1.2461538461538462 0.4324712643678161 1.2461538461538462 0.43103448275862066 1.2403846153846154 0.43103448275862066
0 0.37115384615384617 0.6637931034482759 0.37115384615384617 0.6652298850574713 0.37884615384615383 0.6652298850574713 0.37884615384615383 0.6637931034482759 0.37115384615384617 0.6637931034482759
0 1.073076923076923 0.23275862068965517 1.073076923076923 0.23419540229885058 1.0807692307692307 0.23419540229885058 1.0807692307692307 0.23275862068965517 1.073076923076923 0.23275862068965517
0 1.2 0.1882183908045977 1.2 0.1896551724137931 1.2096153846153845 0.1896551724137931 1.2096153846153845 0.1882183908045977 1.2 0.1882183908045977
0 0.7173076923076923 0.35201149425287354 0.7173076923076923 0.35344827586206895 0.7288461538461538 0.35344827586206895 0.7288461538461538 0.35201149425287354 0.7173076923076923 0.35201149425287354
0 0.26153846153846155 0.20689655172413793 0.26153846153846155 0.20833333333333334 0.27307692307692305 0.20833333333333334 0.27307692307692305 0.20689655172413793 0.26153846153846155 0.20689655172413793
0 1.273076923076923 0.14224137931034483 1.273076923076923 0.14367816091954022 1.2807692307692307 0.14367816091954022 1.2807692307692307 0.14224137931034483 1.273076923076923 0.14224137931034483
0 0.5096153846153846 0.7399425287356322 0.5096153846153846 0.7413793103448276 0.5346153846153846 0.7413793103448276 0.5346153846153846 0.7399425287356322 0.5096153846153846 0.7399425287356322
0 0.9961538461538462 0.4640804597701149 0.9961538461538462 0.46551724137931033 1.0115384615384615 0.46551724137931033 1.0115384615384615 0.4640804597701149 0.9961538461538462 0.4640804597701149
0 0.675 0.2614942528735632 0.675 0.2629310344827586 0.6846153846153846 0.2629310344827586 0.6846153846153846 0.2614942528735632 0.675 0.2614942528735632
0 0.8461538461538461 0.01867816091954023 0.8461538461538461 0.020114942528735632 0.8557692307692307 0.020114942528735632 0.8557692307692307 0.01867816091954023 0.8461538461538461 0.01867816091954023
0 1.1346153846153846 0.16091954022988506 1.1346153846153846 0.16235632183908047 1.1403846153846153 0.16235632183908047 1.1403846153846153 0.16091954022988506 1.1346153846153846 0.16091954022988506
0 0.5711538461538461 0.35344827586206895 0.5711538461538461 0.35488505747126436 0.5807692307692308 0.35488505747126436 0.5807692307692308 0.35344827586206895 0.5711538461538461 0.35344827586206895
0 0.4403846153846154 0.14080459770114942 0.4403846153846154 0.14224137931034483 0.45 0.14224137931034483 0.45 0.14080459770114942 0.4403846153846154 0.14080459770114942
0 0.8961538461538462 0.34051724137931033 0.8961538461538462 0.34195402298850575 0.9038461538461539 0.34195402298850575 0.9038461538461539 0.34051724137931033 0.8961538461538462 0.34051724137931033
0 1.3211538461538461 0.3735632183908046 1.3211538461538461 0.375 1.3288461538461538 0.375 1.3288461538461538 0.3735632183908046 1.3211538461538461 0.3735632183908046
0 0.8192307692307692 0.14798850574712644 0.8192307692307692 0.14942528735632185 0.8346153846153846 0.14942528735632185 0.8346153846153846 0.14798850574712644 0.8192307692307692 0.14798850574712644
0 0.06538461538461539 0.4295977011494253 0.06538461538461539 0.43103448275862066 0.08461538461538462 0.43103448275862066 0.08461538461538462 0.4295977011494253 0.06538461538461539 0.4295977011494253
0 1.2096153846153845 0.3764367816091954 1.2096153846153845 0.37787356321839083 1.2192307692307693 0.37787356321839083 1.2192307692307693 0.3764367816091954 1.2096153846153845 0.3764367816091954
0 0.34615384615384615 0.1824712643678161 0.34615384615384615 0.1839080459770115 0.3596153846153846 0.1839080459770115 0.3596153846153846 0.1824712643678161 0.34615384615384615 0.1824712643678161
0 0.7346153846153847 0.27298850574712646 0.7346153846153847 0.2744252873563218 0.7519230769230769 0.2744252873563218 0.7519230769230769 0.27298850574712646 0.7346153846153847 0.27298850574712646
0 0.4269230769230769 0.6982758620689655 0.4269230769230769 0.6997126436781609 0.4307692307692308 0.6997126436781609 0.4307692307692308 0.6982758620689655 0.4269230769230769 0.6982758620689655
0 0.1519230769230769 0.5272988505747126 0.1519230769230769 0.5287356321839081 0.15384615384615385 0.5287356321839081 0.15384615384615385 0.5272988505747126 0.1519230769230769 0.5272988505747126
0 0.3403846153846154 0.38362068965517243 0.3403846153846154 0.3850574712643678 0.35 0.3850574712643678 0.35 0.38362068965517243 0.3403846153846154 0.38362068965517243
0 1.0403846153846155 0.16954022988505746 1.0403846153846155 0.17097701149425287 1.0442307692307693 0.17097701149425287 1.0442307692307693 0.16954022988505746 1.0403846153846155 0.16954022988505746
0 1.2942307692307693 0.04454022988505747 1.2942307692307693 0.04597701149425287 1.3057692307692308 0.04597701149425287 1.3057692307692308 0.04454022988505747 1.2942307692307693 0.04454022988505747
0 0.823076923076923 0.1336206896551724 0.823076923076923 0.13505747126436782 0.8365384615384616 0.13505747126436782 0.8365384615384616 0.1336206896551724 0.823076923076923 0.1336206896551724
0 1.2538461538461538 0.34770114942528735 1.2538461538461538 0.34913793103448276 1.2615384615384615 0.34913793103448276 1.2615384615384615 0.34770114942528735 1.2538461538461538 0.34770114942528735
0 0.4288461538461538 0.08764367816091954 0.4288461538461538 0.08908045977011494 0.4403846153846154 0.08908045977011494 0.4403846153846154 0.08764367816091954 0.4288461538461538 0.08764367816091954
0 0.3 0.10632183908045977 0.3 0.10775862068965517 0.31153846153846154 0.10775862068965517 0.31153846153846154 0.10632183908045977 0.3 0.10632183908045977
0 1.0134615384615384 0.08908045977011494 1.0134615384615384 0.09051724137931035 1.0153846153846153 0.09051724137931035 1.0153846153846153 0.08908045977011494 1.0134615384615384 0.08908045977011494
0 0.3038461538461538 0.0 0.3038461538461538 0.0014367816091954023 0.3346153846153846 0.0014367816091954023 0.3346153846153846 0.0 0.3038461538461538 0.0
0 0.34423076923076923 0.35488505747126436 0.34423076923076923 0.3563218390804598 0.36346153846153845 0.3563218390804598 0.36346153846153845 0.35488505747126436 0.34423076923076923 0.35488505747126436