0 1.19921875 0.1875 1.19921875 0.190625 1.21875 0.190625 1.21875 0.1875 1.19921875 0.1875
0 1.2109375 0.384375 1.2109375 0.3875 1.234375 0.3875 1.234375 0.384375 1.2109375 0.384375
0 0.51953125 0.1125 0.51953125 0.115625 0.53125 0.115625 0.53125 0.1125 0.51953125 0.1125
0 0.84765625 0.509375 0.84765625 0.5125 0.859375 0.5125 0.859375 0.509375 0.84765625 0.509375
0 0.7890625 0.284375 0.7890625 0.2875 0.8046875 0.2875 0.8046875 0.284375 0.7890625 0.284375
0 0.6328125 0.296875 0.6328125 0.3 0.6484375 0.3 0.6484375 0.296875 0.6328125 0.296875
0 0.1796875 0.0 0.1796875 0.003125 0.23046875 0.003125 0.23046875 0.0 0.1796875 0.0
0 0.3515625 0.0 0.3515625 0.003125 0.390625 0.003125 0.390625 0.0 0.3515625 0.0
0 0.23828125 0.40625 0.23828125 0.409375 0.26171875 0.409375 0.26171875 0.40625 0.23828125 0.40625
0 0.10546875 0.7625 0.10546875 0.765625 0.11328125 0.765625 0.11328125 0.7625 0.10546875 0.7625
0 0.4921875 0.56875 0.4921875 0.571875 0.5 0.571875 0.5 0.56875 0.4921875 0.56875
0 0.5546875 0.05625 0.5546875 0.059375 0.5625 0.059375 0.5625 0.05625 0.5546875 0.05625
0 1.1953125 0.425 1.1953125 0.428125 1.203125 0.428125 1.203125 0.425 1.1953125 0.425
0 0.03515625 0.2375 0.03515625 0.240625 0.0625 0.240625 0.0625 0.2375 0.03515625 0.2375
0 0.9296875 0.653125 0.9296875 0.65625 0.9453125 0.65625 0.9453125 0.653125 0.9296875 0.653125
0 0.55078125 0.359375 0.55078125 0.3625 0.5625 0.3625 0.5625 0.359375 0.55078125 0.359375
0 0.390625 0.6 0.390625 0.603125 0.3984375 0.603125 0.3984375 0.6 0.390625 0.6
0 0.69140625 0.471875 0.69140625 0.475 0.7109375 0.475 0.7109375 0.471875 0.69140625 0.471875
0 0.91796875 0.0 0.91796875 0.003125 0.9453125 0.003125 0.9453125 0.0 0.91796875 0.0
0 0.078125 0.0 0.078125 0.003125 0.11328125 0.003125 0.11328125 0.0 0.078125 0.0
0 0.9453125 0.4125 0.9453125 0.415625 0.9609375 0.415625 0.9609375 0.4125 0.9453125 0.4125
0 0.11328125 0.0 0.11328125 0.003125 0.15625 0.003125 0.15625 0.0 0.11328125 0.0
0 0.3828125 0.04375 0.3828125 0.046875 0.39453125 0.046875 0.39453125 0.04375 0.3828125 0.04375
0 0.81640625 0.340625 0.81640625 0.34375 0.85546875 0.34375 0.85546875 0.340625 0.81640625 0.340625
0 0.234375 0.109375 0.234375 0.1125 0.25 0.1125 0.25 0.109375 0.234375 0.109375
0 0.3046875 0.0 0.3046875 0.003125 0.33984375 0.003125 0.33984375 0.0 0.3046875 0.0
0 1.09765625 0.23125 1.09765625 0.234375 1.10546875 0.234375 1.10546875 0.23125 1.09765625 0.23125
0 0.515625 0.40625 0.515625 0.409375 0.52734375 0.409375 0.52734375 0.40625 0.515625 0.40625
0 1.0078125 0.66875 1.0078125 0.671875 1.015625 0.671875 1.015625 0.66875 1.0078125 0.66875