0 1.06640625 0.009375 1.06640625 0.0125 1.1015625 0.0125 1.1015625 0.009375 1.06640625 0.009375
0 0.94921875 0.296875 0.94921875 0.3 0.96875 0.3 0.96875 0.296875 0.94921875 0.296875
0 0.37109375 0.378125 0.37109375 0.38125 0.3828125 0.38125 0.3828125 0.378125 0.37109375 0.378125
0 0.91015625 0.653125 0.91015625 0.65625 0.9296875 0.65625 0.9296875 0.653125 0.91015625 0.653125
0 0.859375 0.64375 0.859375 0.646875 0.87109375 0.646875 0.87109375 0.64375 0.859375 0.64375
0 0.3671875 0.7625 0.3671875 0.765625 0.39453125 0.765625 0.39453125 0.7625 0.3671875 0.7625
0 1.07421875 0.490625 1.07421875 0.49375 1.1015625 0.49375 1.1015625 0.490625 1.07421875 0.490625
0 0.68359375 0.375 0.68359375 0.378125 0.71875 0.378125 0.71875 0.375 0.68359375 0.375
0 0.70703125 0.10625 0.70703125 0.109375 0.7578125 0.109375 0.7578125 0.10625 0.70703125 0.10625
0 0.25390625 0.521875 0.25390625 0.525 0.265625 0.525 0.265625 0.521875 0.25390625 0.521875
0 0.109375 0.64375 0.109375 0.646875 0.1171875 0.646875 0.1171875 0.64375 0.109375 0.64375
0 0.484375 0.790625 0.484375 0.79375 0.5078125 0.79375 0.5078125 0.790625 0.484375 0.790625
0 0.51171875 0.43125 0.51171875 0.434375 0.54296875 0.434375 0.54296875 0.43125 0.51171875 0.43125
0 0.2734375 0.315625 0.2734375 0.31875 0.3125 0.31875 0.3125 0.315625 0.2734375 0.315625
0 0.20703125 0.3375 0.20703125 0.340625 0.21875 0.340625 0.21875 0.3375 0.20703125 0.3375
0 0.44921875 0.6375 0.44921875 0.640625 0.4609375 0.640625 0.4609375 0.6375 0.44921875 0.6375
0 0.0625 0.509375 0.0625 0.5125 0.078125 0.5125 0.078125 0.509375 0.0625 0.509375
0 0.67578125 0.0 0.67578125 0.003125 0.7578125 0.003125 0.7578125 0.0 0.67578125 0.0
0 0.3828125 0.0 0.3828125 0.003125 0.51953125 0.003125 0.51953125 0.0 0.3828125 0.0
0 0.83203125 0.328125 0.83203125 0.33125 0.859375 0.33125 0.859375 0.328125 0.83203125 0.328125
0 1.1796875 0.240625 1.1796875 0.24375 1.2109375 0.24375 1.2109375 0.240625 1.1796875 0.240625
0 0.01953125 0.41875 0.01953125 0.421875 0.0625 0.421875 0.0625 0.41875 0.01953125 0.41875
0 1.14453125 0.409375 1.14453125 0.4125 1.16796875 0.4125 1.16796875 0.409375 1.14453125 0.409375
0 0.80078125 0.171875 0.80078125 0.175 0.82421875 0.175 0.82421875 0.171875 0.80078125 0.171875
0 0.5703125 0.096875 0.5703125 0.1 0.59375 0.1 0.59375 0.096875 0.5703125 0.096875
0 0.33984375 0.090625 0.33984375 0.09375 0.34765625 0.09375 0.34765625 0.090625 0.33984375 0.090625
0 1.06640625 0.459375 1.06640625 0.4625 1.08203125 0.4625 1.08203125 0.459375 1.06640625 0.459375
0 1.03515625 0.265625 1.03515625 0.26875 1.0625 0.26875 1.0625 0.265625 1.03515625 0.265625
0 0.25 0.43125 0.25 0.434375 0.26171875 0.434375 0.26171875 0.43125 0.25 0.43125
0 1.16796875 0.178125 1.16796875 0.18125 1.19921875 0.18125 1.19921875 0.178125 1.16796875 0.178125
0 0.8671875 0.715625 0.8671875 0.71875 0.890625 0.71875 0.890625 0.715625 0.8671875 0.715625
0 0.16796875 0.4875 0.16796875 0.490625 0.19140625 0.490625 0.19140625 0.4875 0.16796875 0.4875
0 0.375 0.603125 0.375 0.60625 0.41796875 0.60625 0.41796875 0.603125 0.375 0.603125
0 1.1796875 0.784375 1.1796875 0.7875 1.1953125 0.7875 1.1953125 0.784375 1.1796875 0.784375
0 1.15625 0.571875 1.15625 0.575 1.17578125 0.575 1.17578125 0.571875 1.15625 0.571875
0 0.5625 0.56875 0.5625 0.571875 0.5859375 0.571875 0.5859375 0.56875 0.5625 0.56875
0 1.171875 0.43125 1.171875 0.434375 1.19921875 0.434375 1.19921875 0.43125 1.171875 0.43125
0 0.359375 0.740625 0.359375 0.74375 0.390625 0.74375 0.390625 0.740625 0.359375 0.740625
0 0.93359375 0.31875 0.93359375 0.321875 0.96484375 0.321875 0.96484375 0.31875 0.93359375 0.31875
0 0.5703125 0.0 0.5703125 0.003125 0.65234375 0.003125 0.65234375 0.0 0.5703125 0.0
0 0.265625 0.640625 0.265625 0.64375 0.3046875 0.64375 0.3046875 0.640625 0.265625 0.640625
0 0.08203125 0.25625 0.08203125 0.259375 0.1015625 0.259375 0.1015625 0.25625 0.08203125 0.25625
0 0.43359375 0.228125 0.43359375 0.23125 0.4609375 0.23125 0.4609375 0.228125 0.43359375 0.228125
0 0.1875 0.71875 0.1875 0.721875 0.1953125 0.721875 0.1953125 0.71875 0.1875 0.71875
0 0.203125 0.0 0.203125 0.003125 0.29296875 0.003125 0.29296875 0.0 0.203125 0.0
0 0.3515625 0.64375 0.3515625 0.646875 0.3671875 0.646875 0.3671875 0.64375 0.3515625 0.64375
0 0.796875 0.315625 0.796875 0.31875 0.8203125 0.31875 0.8203125 0.315625 0.796875 0.315625
0 0.7578125 0.771875 0.7578125 0.775 0.796875 0.775 0.796875 0.771875 0.7578125 0.771875
0 1.0703125 0.075 1.0703125 0.078125 1.07421875 0.078125 1.07421875 0.075 1.0703125 0.075
0 0.66015625 0.546875 0.66015625 0.55 0.671875 0.55 0.671875 0.546875 0.66015625 0.546875
0 0.9921875 0.390625 0.9921875 0.39375 1.015625 0.39375 1.015625 0.390625 0.9921875 0.390625
0 0.01953125 0.0375 0.01953125 0.040625 0.03125 0.040625 0.03125 0.0375 0.01953125 0.0375
0 1.203125 0.675 1.203125 0.678125 1.25 0.678125 1.25 0.675 1.203125 0.675
0 0.14453125 0.059375 0.14453125 0.0625 0.15625 0.0625 0.15625 0.059375 0.14453125 0.059375
0 0.25 0.346875 0.25 0.35 0.26171875 0.35 0.26171875 0.346875 0.25 0.346875
0 0.25 0.74375 0.25 0.746875 0.25390625 0.746875 0.25390625 0.74375 0.25 0.74375
0 0.8984375 0.725 0.8984375 0.728125 0.90234375 0.728125 0.90234375 0.725 0.8984375 0.725
0 0.5078125 0.334375 0.5078125 0.3375 0.52734375 0.3375 0.52734375 0.334375 0.5078125 0.334375
0 0.75 0.003125 0.75 0.00625 0.76171875 0.00625 0.76171875 0.003125 0.75 0.003125
0 1.09375 0.775 1.09375 0.778125 1.125 0.778125 1.125 0.775 1.09375 0.775
0 1.23046875 0.50625 1.23046875 0.509375 1.25 0.509375 1.25 0.50625 1.23046875 0.50625
0 0.16796875 0.45 0.16796875 0.453125 0.1953125 0.453125 0.1953125 0.45 0.16796875 0.45
0 0.99609375 0.7125 0.99609375 0.715625 1.0 0.715625 1.0 0.7125 0.99609375 0.7125
0 0.65625 0.0625 0.65625 0.065625 0.67578125 0.065625 0.67578125 0.0625 0.65625 0.0625
0 0.2734375 0.515625 0.2734375 0.51875 0.31640625 0.51875 0.31640625 0.515625 0.2734375 0.515625
0 1.08984375 0.54375 1.08984375 0.546875 1.12890625 0.546875 1.12890625 0.54375 1.08984375 0.54375
0 0.21484375 0.428125 0.21484375 0.43125 0.234375 0.43125 0.234375 0.428125 0.21484375 0.428125
0 0.22265625 0.484375 0.22265625 0.4875 0.2265625 0.4875 0.2265625 0.484375 0.22265625 0.484375
0 0.4375 0.0375 0.4375 0.040625 0.44921875 0.040625 0.44921875 0.0375 0.4375 0.0375
0 0.53515625 0.60625 0.53515625 0.609375 0.5390625 0.609375 0.5390625 0.60625 0.53515625 0.60625
0 0.76171875 0.56875 0.76171875 0.571875 0.7890625 0.571875 0.7890625 0.56875 0.76171875 0.56875
0 0.61328125 0.01875 0.61328125 0.021875 0.62890625 0.021875 0.62890625 0.01875 0.61328125 0.01875
0 1.2265625 0.596875 1.2265625 0.6 1.25 0.6 1.25 0.596875 1.2265625 0.596875