0 0.3046875 0.0125 0.3046875 0.015625 0.3125 0.015625 0.3125 0.0125 0.3046875 0.0125
0 0.3828125 0.653125 0.3828125 0.65625 0.39453125 0.65625 0.39453125 0.653125 0.3828125 0.653125
0 0.9765625 0.0125 0.9765625 0.015625 0.9921875 0.015625 0.9921875 0.0125 0.9765625 0.0125
0 0.640625 0.4125 0.640625 0.415625 0.68359375 0.415625 0.68359375 0.4125 0.640625 0.4125
0 1.09765625 0.20625 1.09765625 0.209375 1.1484375 0.209375 1.1484375 0.20625 1.09765625 0.20625
0 0.5546875 0.0 0.5546875 0.003125 0.6171875 0.003125 0.6171875 0.0 0.5546875 0.0
0 0.0703125 0.0 0.0703125 0.003125 0.12890625 0.003125 0.12890625 0.0 0.0703125 0.0
0 0.8203125 0.2 0.8203125 0.203125 0.86328125 0.203125 0.86328125 0.2 0.8203125 0.2
0 0.28515625 0.0 0.28515625 0.003125 0.38671875 0.003125 0.38671875 0.0 0.28515625 0.0
0 0.734375 0.5375 0.734375 0.540625 0.765625 0.540625 0.765625 0.5375 0.734375 0.5375
0 1.1640625 0.5 1.1640625 0.503125 1.17578125 0.503125 1.17578125 0.5 1.1640625 0.5
0 0.18359375 0.6875 0.18359375 0.690625 0.2109375 0.690625 0.2109375 0.6875 0.18359375 0.6875
0 0.10546875 0.178125 0.10546875 0.18125 0.12109375 0.18125 0.12109375 0.178125 0.10546875 0.178125
0 0.03125 0.415625 0.03125 0.41875 0.0859375 0.41875 0.0859375 0.415625 0.03125 0.415625
0 0.625 0.64375 0.625 0.646875 0.6328125 0.646875 0.6328125 0.64375 0.625 0.64375
0 0.6953125 0.440625 0.6953125 0.44375 0.734375 0.44375 0.734375 0.440625 0.6953125 0.440625
0 0.140625 0.315625 0.140625 0.31875 0.1796875 0.31875 0.1796875 0.315625 0.140625 0.315625
0 0.37109375 0.5125 0.37109375 0.515625 0.40625 0.515625 0.40625 0.5125 0.37109375 0.5125
0 1.0 0.6 1.0 0.603125 1.046875 0.603125 1.046875 0.6 1.0 0.6
0 0.85546875 0.0 0.85546875 0.003125 0.96875 0.003125 0.96875 0.0 0.85546875 0.0
0 1.05078125 0.55625 1.05078125 0.559375 1.078125 0.559375 1.078125 0.55625 1.05078125 0.55625