0 0.4375 0.315625 0.4375 0.31875 0.484375 0.31875 0.484375 0.315625 0.4375 0.315625
0 0.23046875 0.253125 0.23046875 0.25625 0.23828125 0.25625 0.23828125 0.253125 0.23046875 0.253125
0 1.08984375 0.0 1.08984375 0.003125 1.10546875 0.003125 1.10546875 0.0 1.08984375 0.0
0 0.30859375 0.49375 0.30859375 0.496875 0.3359375 0.496875 0.3359375 0.49375 0.30859375 0.49375
0 1.140625 0.475 1.140625 0.478125 1.16796875 0.478125 1.16796875 0.475 1.140625 0.475
0 1.20703125 0.75 1.20703125 0.753125 1.23046875 0.753125 1.23046875 0.75 1.20703125 0.75
0 1.01953125 0.05625 1.01953125 0.059375 1.0234375 0.059375 1.0234375 0.05625 1.01953125 0.05625
0 0.421875 0.659375 0.421875 0.6625 0.45703125 0.6625 0.45703125 0.659375 0.421875 0.659375
0 0.3671875 0.5375 0.3671875 0.540625 0.38671875 0.540625 0.38671875 0.5375 0.3671875 0.5375
0 0.3203125 0.590625 0.3203125 0.59375 0.3515625 0.59375 0.3515625 0.590625 0.3203125 0.590625
0 1.21875 0.68125 1.21875 0.684375 1.23046875 0.684375 1.23046875 0.68125 1.21875 0.68125
0 0.5078125 0.184375 0.5078125 0.1875 0.54296875 0.1875 0.54296875 0.184375 0.5078125 0.184375
0 0.7578125 0.39375 0.7578125 0.396875 0.77734375 0.396875 0.77734375 0.39375 0.7578125 0.39375
0 0.02734375 0.353125 0.02734375 0.35625 0.0390625 0.35625 0.0390625 0.353125 0.02734375 0.353125
0 0.08203125 0.125 0.08203125 0.128125 0.09375 0.128125 0.09375 0.125 0.08203125 0.125
0 0.578125 0.253125 0.578125 0.25625 0.59765625 0.25625 0.59765625 0.253125 0.578125 0.253125
0 0.41015625 0.34375 0.41015625 0.346875 0.5 0.346875 0.5 0.34375 0.41015625 0.34375
0 0.46484375 0.0 0.46484375 0.003125 0.5078125 0.003125 0.5078125 0.0 0.46484375 0.0
0 0.00390625 0.6375 0.00390625 0.640625 0.0234375 0.640625 0.0234375 0.6375 0.00390625 0.6375
0 0.1796875 0.096875 0.1796875 0.1 0.19921875 0.1 0.19921875 0.096875 0.1796875 0.096875
0 1.09765625 0.70625 1.09765625 0.709375 1.11328125 0.709375 1.11328125 0.70625 1.09765625 0.70625
0 0.66796875 0.228125 0.66796875 0.23125 0.703125 0.23125 0.703125 0.228125 0.66796875 0.228125
0 0.23046875 0.0 0.23046875 0.003125 0.30078125 0.003125 0.30078125 0.0 0.23046875 0.0
0 0.70703125 0.625 0.70703125 0.628125 0.734375 0.628125 0.734375 0.625 0.70703125 0.625
0 0.45703125 0.46875 0.45703125 0.471875 0.48046875 0.471875 0.48046875 0.46875 0.45703125 0.46875
0 0.44921875 0.4375 0.44921875 0.440625 0.47265625 0.440625 0.47265625 0.4375 0.44921875 0.4375
0 1.00390625 0.384375 1.00390625 0.3875 1.01953125 0.3875 1.01953125 0.384375 1.00390625 0.384375
0 0.80859375 0.390625 0.80859375 0.39375 0.83203125 0.39375 0.83203125 0.390625 0.80859375 0.390625
0 0.5546875 0.675 0.5546875 0.678125 0.57421875 0.678125 0.57421875 0.675 0.5546875 0.675