0 0.6328125 0.1625 0.6328125 0.165625 0.66796875 0.165625 0.66796875 0.1625 0.6328125 0.1625
0 0.88671875 0.046875 0.88671875 0.05 0.921875 0.05 0.921875 0.046875 0.88671875 0.046875
0 0.73828125 0.353125 0.73828125 0.35625 0.74609375 0.35625 0.74609375 0.353125 0.73828125 0.353125
0 0.26171875 0.45625 0.26171875 0.459375 0.29296875 0.459375 0.29296875 0.45625 0.26171875 0.45625
0 1.234375 0.5375 1.234375 0.540625 1.25 0.540625 1.25 0.5375 1.234375 0.5375
0 0.01953125 0.2625 0.01953125 0.265625 0.03515625 0.265625 0.03515625 0.2625 0.01953125 0.2625
0 0.06640625 0.065625 0.06640625 0.06875 0.08984375 0.06875 0.08984375 0.065625 0.06640625 0.065625
0 1.1875 0.234375 1.1875 0.2375 1.20703125 0.2375 1.20703125 0.234375 1.1875 0.234375
0 0.984375 0.1375 0.984375 0.140625 0.99609375 0.140625 0.99609375 0.1375 0.984375 0.1375
0 0.7734375 0.615625 0.7734375 0.61875 0.84375 0.61875 0.84375 0.615625 0.7734375 0.615625
0 0.7578125 0.525 0.7578125 0.528125 0.76953125 0.528125 0.76953125 0.525 0.7578125 0.525
0 0.4921875 0.6625 0.4921875 0.665625 0.53515625 0.665625 0.53515625 0.6625 0.4921875 0.6625
0 1.078125 0.640625 1.078125 0.64375 1.09375 0.64375 1.09375 0.640625 1.078125 0.640625
0 0.015625 0.1 0.015625 0.103125 0.09765625 0.103125 0.09765625 0.1 0.015625 0.1
0 0.42578125 0.25 0.42578125 0.253125 0.4453125 0.253125 0.4453125 0.25 0.42578125 0.25
0 1.08984375 0.21875 1.08984375 0.221875 1.11328125 0.221875 1.11328125 0.21875 1.08984375 0.21875
0 0.45703125 0.015625 0.45703125 0.01875 0.5234375 0.01875 0.5234375 0.015625 0.45703125 0.015625
0 0.46875 0.0 0.46875 0.003125 0.53515625 0.003125 0.53515625 0.0 0.46875 0.0
0 0.7421875 0.2125 0.7421875 0.215625 0.78125 0.215625 0.78125 0.2125 0.7421875 0.2125
0 0.15234375 0.24375 0.15234375 0.246875 0.1640625 0.246875 0.1640625 0.24375 0.15234375 0.24375
0 0.16015625 0.009375 0.16015625 0.0125 0.1953125 0.0125 0.1953125 0.009375 0.16015625 0.009375
0 0.6640625 0.58125 0.6640625 0.584375 0.6953125 0.584375 0.6953125 0.58125 0.6640625 0.58125
0 0.109375 0.30625 0.109375 0.309375 0.14453125 0.309375 0.14453125 0.30625 0.109375 0.30625
0 0.41796875 0.43125 0.41796875 0.434375 0.46875 0.434375 0.46875 0.43125 0.41796875 0.43125
0 0.83203125 0.3875 0.83203125 0.390625 0.85546875 0.390625 0.85546875 0.3875 0.83203125 0.3875
0 0.0 0.5 0.0 0.503125 0.0078125 0.503125 0.0078125 0.5 0.0 0.5
0 1.13671875 0.7375 1.13671875 0.740625 1.16796875 0.740625 1.16796875 0.7375 1.13671875 0.7375
0 0.39453125 0.3125 0.39453125 0.315625 0.40625 0.315625 0.40625 0.3125 0.39453125 0.3125
0 0.94921875 0.678125 0.94921875 0.68125 0.9921875 0.68125 0.9921875 0.678125 0.94921875 0.678125
0 0.6875 0.396875 0.6875 0.4 0.72265625 0.4 0.72265625 0.396875 0.6875 0.396875
0 0.91796875 0.75625 0.91796875 0.759375 0.9296875 0.759375 0.9296875 0.75625 0.91796875 0.75625
0 0.390625 0.50625 0.390625 0.509375 0.40234375 0.509375 0.40234375 0.50625 0.390625 0.50625
0 0.5859375 0.7875 0.5859375 0.790625 0.609375 0.790625 0.609375 0.7875 0.5859375 0.7875
0 0.89453125 0.4625 0.89453125 0.465625 0.90625 0.465625 0.90625 0.4625 0.89453125 0.4625
0 0.359375 0.05625 0.359375 0.059375 0.37109375 0.059375 0.37109375 0.05625 0.359375 0.05625
0 1.22265625 0.1 1.22265625 0.103125 1.25 0.103125 1.25 0.1 1.22265625 0.1
0 0.84375 0.40625 0.84375 0.409375 0.8671875 0.409375 0.8671875 0.40625 0.84375 0.40625
0 0.1484375 0.51875 0.1484375 0.521875 0.171875 0.521875 0.171875 0.51875 0.1484375 0.51875
0 0.109375 0.68125 0.109375 0.684375 0.1328125 0.684375 0.1328125 0.68125 0.109375 0.68125
0 0.77734375 0.5125 0.77734375 0.515625 0.81640625 0.515625 0.81640625 0.5125 0.77734375 0.5125
0 1.2109375 0.4 1.2109375 0.403125 1.2265625 0.403125 1.2265625 0.4 1.2109375 0.4
0 0.5859375 0.33125 0.5859375 0.334375 0.58984375 0.334375 0.58984375 0.33125 0.5859375 0.33125
0 0.3984375 0.146875 0.3984375 0.15 0.41015625 0.15 0.41015625 0.146875 0.3984375 0.146875
0 0.328125 0.1 0.328125 0.103125 0.375 0.103125 0.375 0.1 0.328125 0.1
0 0.234375 0.096875 0.234375 0.1 0.24609375 0.1 0.24609375 0.096875 0.234375 0.096875
0 0.12109375 0.121875 0.12109375 0.125 0.125 0.125 0.125 0.121875 0.12109375 0.121875
0 1.02734375 0.284375 1.02734375 0.2875 1.05859375 0.2875 1.05859375 0.284375 1.02734375 0.284375
0 0.58984375 0.265625 0.58984375 0.26875 0.6171875 0.26875 0.6171875 0.265625 0.58984375 0.265625
0 0.6328125 0.565625 0.6328125 0.56875 0.6484375 0.56875 0.6484375 0.565625 0.6328125 0.565625
0 0.6796875 0.45 0.6796875 0.453125 0.70703125 0.453125 0.70703125 0.45 0.6796875 0.45
0 1.05859375 0.546875 1.05859375 0.55 1.0859375 0.55 1.0859375 0.546875 1.05859375 0.546875
0 0.05078125 0.0 0.05078125 0.003125 0.0859375 0.003125 0.0859375 0.0 0.05078125 0.0
0 0.86328125 0.640625 0.86328125 0.64375 0.87890625 0.64375 0.87890625 0.640625 0.86328125 0.640625
0 0.91796875 0.7625 0.91796875 0.765625 0.92578125 0.765625 0.92578125 0.7625 0.91796875 0.7625
0 0.3125 0.0 0.3125 0.003125 0.3828125 0.003125 0.3828125 0.0 0.3125 0.0
0 0.0 0.721875 0.0 0.725 0.0546875 0.725 0.0546875 0.721875 0.0 0.721875
0 0.4296875 0.30625 0.4296875 0.309375 0.47265625 0.309375 0.47265625 0.30625 0.4296875 0.30625
0 0.23828125 0.35625 0.23828125 0.359375 0.24609375 0.359375 0.24609375 0.35625 0.23828125 0.35625
0 0.5078125 0.05625 0.5078125 0.059375 0.5390625 0.059375 0.5390625 0.05625 0.5078125 0.05625
0 1.17578125 0.103125 1.17578125 0.10625 1.19140625 0.10625 1.19140625 0.103125 1.17578125 0.103125
0 0.5703125 0.3375 0.5703125 0.340625 0.5859375 0.340625 0.5859375 0.3375 0.5703125 0.3375
0 0.0078125 0.25625 0.0078125 0.259375 0.03125 0.259375 0.03125 0.25625 0.0078125 0.25625