0 0.21346153846153845 0.03017241379310345 0.21346153846153845 0.031609195402298854 0.23076923076923078 0.031609195402298854 0.23076923076923078 0.03017241379310345 0.21346153846153845 0.03017241379310345
0 0.20384615384615384 0.49712643678160917 0.20384615384615384 0.4985632183908046 0.22115384615384615 0.4985632183908046 0.22115384615384615 0.49712643678160917 0.20384615384615384 0.49712643678160917
0 1.2096153846153845 0.08620689655172414 1.2096153846153845 0.08764367816091954 1.2230769230769232 0.08764367816091954 1.2230769230769232 0.08620689655172414 1.2096153846153845 0.08620689655172414
0 0.9653846153846154 0.5272988505747126 0.9653846153846154 0.5287356321839081 0.9788461538461538 0.5287356321839081 0.9788461538461538 0.5272988505747126 0.9653846153846154 0.5272988505747126
0 0.9384615384615385 0.646551724137931 0.9384615384615385 0.6479885057471264 0.95 0.6479885057471264 0.95 0.646551724137931 0.9384615384615385 0.646551724137931
0 1.1903846153846154 0.5560344827586207 1.1903846153846154 0.5574712643678161 1.2096153846153845 0.5574712643678161 1.2096153846153845 0.5560344827586207 1.1903846153846154 0.5560344827586207
0 1.1173076923076923 0.4324712643678161 1.1173076923076923 0.4339080459770115 1.123076923076923 0.4339080459770115 1.123076923076923 0.4324712643678161 1.1173076923076923 0.4324712643678161
0 1.2038461538461538 0.38362068965517243 1.2038461538461538 0.3850574712643678 1.225 0.3850574712643678 1.225 0.38362068965517243 1.2038461538461538 0.38362068965517243
0 0.4846153846153846 0.5201149425287356 0.4846153846153846 0.521551724137931 0.49423076923076925 0.521551724137931 0.49423076923076925 0.5201149425287356 0.4846153846153846 0.5201149425287356
0 0.2692307692307692 0.39511494252873564 0.2692307692307692 0.39655172413793105 0.2826923076923077 0.39655172413793105 0.2826923076923077 0.39511494252873564 0.2692307692307692 0.39511494252873564
0 0.13846153846153847 0.3390804597701149 0.13846153846153847 0.34051724137931033 0.15 0.34051724137931033 0.15 0.3390804597701149 0.13846153846153847 0.3390804597701149
0 0.6692307692307692 0.40948275862068967 0.6692307692307692 0.4109195402298851 0.698076923076923 0.4109195402298851 0.698076923076923 0.40948275862068967 0.6692307692307692 0.40948275862068967
0 0.4480769230769231 0.40948275862068967 0.4480769230769231 0.4109195402298851 0.4653846153846154 0.4109195402298851 0.4653846153846154 0.40948275862068967 0.4480769230769231 0.40948275862068967
0 0.25769230769230766 0.19827586206896552 0.25769230769230766 0.1997126436781609 0.27884615384615385 0.1997126436781609 0.27884615384615385 0.19827586206896552 0.25769230769230766 0.19827586206896552
0 0.5903846153846154 0.6709770114942529 0.5903846153846154 0.6724137931034483 0.6096153846153847 0.6724137931034483 0.6096153846153847 0.6709770114942529 0.5903846153846154 0.6709770114942529
0 0.75 0.492816091954023 0.75 0.4942528735632184 0.7634615384615384 0.4942528735632184 0.7634615384615384 0.492816091954023 0.75 0.492816091954023
0 0.27307692307692305 0.1968390804597701 0.27307692307692305 0.19827586206896552 0.28076923076923077 0.19827586206896552 0.28076923076923077 0.1968390804597701 0.27307692307692305 0.1968390804597701
0 1.251923076923077 0.08764367816091954 1.251923076923077 0.08908045977011494 1.2557692307692307 0.08908045977011494 1.2557692307692307 0.08764367816091954 1.251923076923077 0.08764367816091954
0 0.17692307692307693 0.5402298850574713 0.17692307692307693 0.5416666666666666 0.18653846153846154 0.5416666666666666 0.18653846153846154 0.5402298850574713 0.17692307692307693 0.5402298850574713
0 1.0057692307692307 0.0 1.0057692307692307 0.0014367816091954023 1.0192307692307692 0.0014367816091954023 1.0192307692307692 0.0 1.0057692307692307 0.0
0 0.4480769230769231 0.21551724137931033 0.4480769230769231 0.21695402298850575 0.4673076923076923 0.21695402298850575 0.4673076923076923 0.21551724137931033 0.4480769230769231 0.21551724137931033
0 0.04038461538461539 0.3936781609195402 0.04038461538461539 0.39511494252873564 0.08076923076923077 0.39511494252873564 0.08076923076923077 0.3936781609195402 0.04038461538461539 0.3936781609195402
0 0.9519230769230769 0.0 0.9519230769230769 0.0014367816091954023 1.0 0.0014367816091954023 1.0 0.0 0.9519230769230769 0.0
0 0.019230769230769232 0.4870689655172414 0.019230769230769232 0.4885057471264368 0.028846153846153848 0.4885057471264368 0.028846153846153848 0.4870689655172414 0.019230769230769232 0.4870689655172414
0 0.25961538461538464 0.1278735632183908 0.25961538461538464 0.12931034482758622 0.2673076923076923 0.12931034482758622 0.2673076923076923 0.1278735632183908 0.25961538461538464 0.1278735632183908
0 1.1307692307692307 0.20977011494252873 1.1307692307692307 0.21120689655172414 1.1346153846153846 0.21120689655172414 1.1346153846153846 0.20977011494252873 1.1307692307692307 0.20977011494252873
0 1.1211538461538462 0.1882183908045977 1.1211538461538462 0.1896551724137931 1.1288461538461538 0.1896551724137931 1.1288461538461538 0.1882183908045977 1.1211538461538462 0.1882183908045977
0 1.0480769230769231 0.5718390804597702 1.0480769230769231 0.5732758620689655 1.051923076923077 0.5732758620689655 1.051923076923077 0.5718390804597702 1.0480769230769231 0.5718390804597702
0 1.0384615384615385 0.017241379310344827 1.0384615384615385 0.01867816091954023 1.0557692307692308 0.01867816091954023 1.0557692307692308 0.017241379310344827 1.0384615384615385 0.017241379310344827
0 0.7730769230769231 0.23275862068965517 0.7730769230769231 0.23419540229885058 0.7769230769230769 0.23419540229885058 0.7769230769230769 0.23275862068965517 0.7730769230769231 0.23275862068965517
0 0.09423076923076923 0.08908045977011494 0.09423076923076923 0.09051724137931035 0.10384615384615385 0.09051724137931035 0.10384615384615385 0.08908045977011494 0.09423076923076923 0.08908045977011494
0 1.1846153846153846 0.5244252873563219 1.1846153846153846 0.5258620689655172 1.1942307692307692 0.5258620689655172 1.1942307692307692 0.5244252873563219 1.1846153846153846 0.5244252873563219
0 0.5538461538461539 0.35201149425287354 0.5538461538461539 0.35344827586206895 0.5615384615384615 0.35344827586206895 0.5615384615384615 0.35201149425287354 0.5538461538461539 0.35201149425287354
0 0.9365384615384615 0.3649425287356322 0.9365384615384615 0.36637931034482757 0.95 0.36637931034482757 0.95 0.3649425287356322 0.9365384615384615 0.3649425287356322
0 1.2615384615384615 0.125 1.2615384615384615 0.12643678160919541 1.275 0.12643678160919541 1.275 0.125 1.2615384615384615 0.125
0 0.975 0.3103448275862069 0.975 0.3117816091954023 0.9865384615384616 0.3117816091954023 0.9865384615384616 0.3103448275862069 0.975 0.3103448275862069
0 0.24807692307692308 0.6149425287356322 0.24807692307692308 0.6163793103448276 0.26346153846153847 0.6163793103448276 0.26346153846153847 0.6149425287356322 0.24807692307692308 0.6149425287356322
0 0.026923076923076925 0.14080459770114942 0.026923076923076925 0.14224137931034483 0.04038461538461539 0.14224137931034483 0.04038461538461539 0.14080459770114942 0.026923076923076925 0.14080459770114942
0 0.8115384615384615 0.05459770114942529 0.8115384615384615 0.05603448275862069 0.825 0.05603448275862069 0.825 0.05459770114942529 0.8115384615384615 0.05459770114942529
0 0.7211538461538461 0.4885057471264368 0.7211538461538461 0.4899425287356322 0.7326923076923076 0.4899425287356322 0.7326923076923076 0.4885057471264368 0.7211538461538461 0.4885057471264368
0 0.6384615384615384 0.04741379310344827 0.6384615384615384 0.04885057471264368 0.6576923076923077 0.04885057471264368 0.6576923076923077 0.04741379310344827 0.6384615384615384 0.04741379310344827
0 1.0653846153846154 0.5632183908045977 1.0653846153846154 0.5646551724137931 1.0711538461538461 0.5646551724137931 1.0711538461538461 0.5632183908045977 1.0653846153846154 0.5632183908045977
0 0.5269230769230769 0.6494252873563219 0.5269230769230769 0.6508620689655172 0.5403846153846154 0.6508620689655172 0.5403846153846154 0.6494252873563219 0.5269230769230769 0.6494252873563219
0 1.3365384615384615 0.28879310344827586 1.3365384615384615 0.29022988505747127 1.3384615384615384 0.29022988505747127 1.3384615384615384 0.28879310344827586 1.3365384615384615 0.28879310344827586
0 0.4980769230769231 0.5402298850574713 0.4980769230769231 0.5416666666666666 0.5173076923076924 0.5416666666666666 0.5173076923076924 0.5402298850574713 0.4980769230769231 0.5402298850574713
0 0.6269230769230769 0.5028735632183908 0.6269230769230769 0.5043103448275862 0.6423076923076924 0.5043103448275862 0.6423076923076924 0.5028735632183908 0.6269230769230769 0.5028735632183908
0 0.7153846153846154 0.5574712643678161 0.7153846153846154 0.5589080459770115 0.7365384615384616 0.5589080459770115 0.7365384615384616 0.5574712643678161 0.7153846153846154 0.5574712643678161
0 0.5538461538461539 0.5919540229885057 0.5538461538461539 0.5933908045977011 0.5576923076923077 0.5933908045977011 0.5576923076923077 0.5919540229885057 0.5538461538461539 0.5919540229885057
0 0.17307692307692307 0.31896551724137934 0.17307692307692307 0.3204022988505747 0.17884615384615385 0.3204022988505747 0.17884615384615385 0.31896551724137934 0.17307692307692307 0.31896551724137934
0 1.2557692307692307 0.5057471264367817 1.2557692307692307 0.507183908045977 1.2692307692307692 0.507183908045977 1.2692307692307692 0.5057471264367817 1.2557692307692307 0.5057471264367817
0 1.2326923076923078 0.7040229885057471 1.2326923076923078 0.7054597701149425 1.2403846153846154 0.7054597701149425 1.2403846153846154 0.7040229885057471 1.2326923076923078 0.7040229885057471
0 0.38269230769230766 0.07040229885057471 0.38269230769230766 0.07183908045977011 0.39807692307692305 0.07183908045977011 0.39807692307692305 0.07040229885057471 0.38269230769230766 0.07040229885057471
0 1.2211538461538463 0.16379310344827586 1.2211538461538463 0.16522988505747127 1.248076923076923 0.16522988505747127 1.248076923076923 0.16379310344827586 1.2211538461538463 0.16379310344827586
0 0.8134615384615385 0.2543103448275862 0.8134615384615385 0.2557471264367816 0.8307692307692308 0.2557471264367816 0.8307692307692308 0.2543103448275862 0.8134615384615385 0.2543103448275862
0 0.7673076923076924 0.5804597701149425 0.7673076923076924 0.5818965517241379 0.7846153846153846 0.5818965517241379 0.7846153846153846 0.5804597701149425 0.7673076923076924 0.5804597701149425
0 0.9442307692307692 0.5158045977011494 0.9442307692307692 0.5172413793103449 0.9538461538461539 0.5172413793103449 0.9538461538461539 0.5158045977011494 0.9442307692307692 0.5158045977011494
0 0.17115384615384616 0.14798850574712644 0.17115384615384616 0.14942528735632185 0.19038461538461537 0.14942528735632185 0.19038461538461537 0.14798850574712644 0.17115384615384616 0.14798850574712644
0 0.20192307692307693 0.2600574712643678 0.20192307692307693 0.2614942528735632 0.2173076923076923 0.2614942528735632 0.2173076923076923 0.2600574712643678 0.20192307692307693 0.2600574712643678
0 0.21923076923076923 0.008620689655172414 0.21923076923076923 0.010057471264367816 0.23461538461538461 0.010057471264367816 0.23461538461538461 0.008620689655172414 0.21923076923076923 0.008620689655172414
0 0.8076923076923077 0.24856321839080459 0.8076923076923077 0.25 0.8153846153846154 0.25 0.8153846153846154 0.24856321839080459 0.8076923076923077 0.24856321839080459
0 1.2365384615384616 0.5330459770114943 1.2365384615384616 0.5344827586206896 1.25 0.5344827586206896 1.25 0.5330459770114943 1.2365384615384616 0.5330459770114943
0 1.3038461538461539 0.07183908045977011 1.3038461538461539 0.07327586206896551 1.3384615384615384 0.07327586206896551 1.3384615384615384 0.07183908045977011 1.3038461538461539 0.07183908045977011
0 0.7288461538461538 0.47701149425287354 0.7288461538461538 0.47844827586206895 0.7423076923076923 0.47844827586206895 0.7423076923076923 0.47701149425287354 0.7288461538461538 0.47701149425287354
0 0.3326923076923077 0.4166666666666667 0.3326923076923077 0.41810344827586204 0.3423076923076923 0.41810344827586204 0.3423076923076923 0.4166666666666667 0.3326923076923077 0.4166666666666667
0 0.14423076923076922 0.3864942528735632 0.14423076923076922 0.3879310344827586 0.16923076923076924 0.3879310344827586 0.16923076923076924 0.3864942528735632 0.14423076923076922 0.3864942528735632
0 0.41923076923076924 0.23563218390804597 0.41923076923076924 0.23706896551724138 0.4307692307692308 0.23706896551724138 0.4307692307692308 0.23563218390804597 0.41923076923076924 0.23563218390804597
0 0.18653846153846154 0.3031609195402299 0.18653846153846154 0.3045977011494253 0.19615384615384615 0.3045977011494253 0.19615384615384615 0.3031609195402299 0.18653846153846154 0.3031609195402299