0 0.26153846153846155 0.34051724137931033 0.26153846153846155 0.34195402298850575 0.27884615384615385 0.34195402298850575 0.27884615384615385 0.34051724137931033 0.26153846153846155 0.34051724137931033
0 1.0365384615384616 0.4482758620689655 1.0365384615384616 0.44971264367816094 1.0423076923076924 0.44971264367816094 1.0423076923076924 0.4482758620689655 1.0365384615384616 0.4482758620689655
0 0.9326923076923077 0.33620689655172414 0.9326923076923077 0.33764367816091956 0.9423076923076923 0.33764367816091956 0.9423076923076923 0.33620689655172414 0.9326923076923077 0.33620689655172414
0 1.2115384615384615 0.41522988505747127 1.2115384615384615 0.4166666666666667 1.2365384615384616 0.4166666666666667 1.2365384615384616 0.41522988505747127 1.2115384615384615 0.41522988505747127
0 0.3903846153846154 0.6307471264367817 0.3903846153846154 0.632183908045977 0.40384615384615385 0.632183908045977 0.40384615384615385 0.6307471264367817 0.3903846153846154 0.6307471264367817
0 1.2115384615384615 0.6020114942528736 1.2115384615384615 0.603448275862069 1.226923076923077 0.603448275862069 1.226923076923077 0.6020114942528736 1.2115384615384615 0.6020114942528736
0 0.8269230769230769 0.4209770114942529 0.8269230769230769 0.4224137931034483 0.8307692307692308 0.4224137931034483 0.8307692307692308 0.4209770114942529 0.8269230769230769 0.4209770114942529
0 0.03461538461538462 0.0 0.03461538461538462 0.0014367816091954023 0.046153846153846156 0.0014367816091954023 0.046153846153846156 0.0 0.03461538461538462 0.0
0 0.6865384615384615 0.728448275862069 0.6865384615384615 0.7298850574712644 0.698076923076923 0.7298850574712644 0.698076923076923 0.728448275862069 0.6865384615384615 0.728448275862069
0 0.35 0.20402298850574713 0.35 0.20545977011494254 0.3576923076923077 0.20545977011494254 0.3576923076923077 0.20402298850574713 0.35 0.20402298850574713
0 0.12115384615384615 0.6968390804597702 0.12115384615384615 0.6982758620689655 0.12692307692307692 0.6982758620689655 0.12692307692307692 0.6968390804597702 0.12115384615384615 0.6968390804597702
0 1.2096153846153845 0.05316091954022988 1.2096153846153845 0.05459770114942529 1.2307692307692308 0.05459770114942529 1.2307692307692308 0.05316091954022988 1.2096153846153845 0.05316091954022988
0 1.1153846153846154 0.45689655172413796 1.1153846153846154 0.4583333333333333 1.1211538461538462 0.4583333333333333 1.1211538461538462 0.45689655172413796 1.1153846153846154 0.45689655172413796
0 1.226923076923077 0.33189655172413796 1.226923076923077 0.3333333333333333 1.2384615384615385 0.3333333333333333 1.2384615384615385 0.33189655172413796 1.226923076923077 0.33189655172413796
0 0.2423076923076923 0.7198275862068966 0.2423076923076923 0.7212643678160919 0.25384615384615383 0.7212643678160919 0.25384615384615383 0.7198275862068966 0.2423076923076923 0.7198275862068966
0 0.4 0.5043103448275862 0.4 0.5057471264367817 0.40576923076923077 0.5057471264367817 0.40576923076923077 0.5043103448275862 0.4 0.5043103448275862
0 0.38269230769230766 0.15948275862068967 0.38269230769230766 0.16091954022988506 0.3923076923076923 0.16091954022988506 0.3923076923076923 0.15948275862068967 0.38269230769230766 0.15948275862068967
0 0.0057692307692307696 0.6336206896551724 0.0057692307692307696 0.6350574712643678 0.009615384615384616 0.6350574712643678 0.009615384615384616 0.6336206896551724 0.0057692307692307696 0.6336206896551724
0 1.3365384615384615 0.22844827586206898 1.3365384615384615 0.22988505747126436 1.3384615384615384 0.22988505747126436 1.3384615384615384 0.22844827586206898 1.3365384615384615 0.22844827586206898
0 1.103846153846154 0.5862068965517241 1.103846153846154 0.5876436781609196 1.1134615384615385 0.5876436781609196 1.1134615384615385 0.5862068965517241 1.103846153846154 0.5862068965517241
0 0.026923076923076925 0.21120689655172414 0.026923076923076925 0.21264367816091953 0.03076923076923077 0.21264367816091953 0.03076923076923077 0.21120689655172414 0.026923076923076925 0.21120689655172414
0 0.375 0.13793103448275862 0.375 0.13936781609195403 0.38653846153846155 0.13936781609195403 0.38653846153846155 0.13793103448275862 0.375 0.13793103448275862
0 0.6134615384615385 0.5761494252873564 0.6134615384615385 0.5775862068965517 0.6211538461538462 0.5775862068965517 0.6211538461538462 0.5761494252873564 0.6134615384615385 0.5761494252873564
0 0.1423076923076923 0.1867816091954023 0.1423076923076923 0.1882183908045977 0.15576923076923077 0.1882183908045977 0.15576923076923077 0.1867816091954023 0.1423076923076923 0.1867816091954023
0 0.49038461538461536 0.47701149425287354 0.49038461538461536 0.47844827586206895 0.5038461538461538 0.47844827586206895 0.5038461538461538 0.47701149425287354 0.49038461538461536 0.47701149425287354
0 0.55 0.17385057471264367 0.55 0.1752873563218391 0.5596153846153846 0.1752873563218391 0.5596153846153846 0.17385057471264367 0.55 0.17385057471264367
0 0.2980769230769231 0.15229885057471265 0.2980769230769231 0.15373563218390804 0.31346153846153846 0.15373563218390804 0.31346153846153846 0.15229885057471265 0.2980769230769231 0.15229885057471265
0 0.8 0.3146551724137931 0.8 0.3160919540229885 0.8057692307692308 0.3160919540229885 0.8057692307692308 0.3146551724137931 0.8 0.3146551724137931
0 1.176923076923077 0.6293103448275862 1.176923076923077 0.6307471264367817 1.1807692307692308 0.6307471264367817 1.1807692307692308 0.6293103448275862 1.176923076923077 0.6293103448275862
0 0.125 0.5459770114942529 0.125 0.5474137931034483 0.13653846153846153 0.5474137931034483 0.13653846153846153 0.5459770114942529 0.125 0.5459770114942529
0 0.2 0.16522988505747127 0.2 0.16666666666666666 0.20961538461538462 0.16666666666666666 0.20961538461538462 0.16522988505747127 0.2 0.16522988505747127
0 0.6153846153846154 0.10775862068965517 0.6153846153846154 0.10919540229885058 0.6192307692307693 0.10919540229885058 0.6192307692307693 0.10775862068965517 0.6153846153846154 0.10775862068965517
0 0.19423076923076923 0.28448275862068967 0.19423076923076923 0.2859195402298851 0.2 0.2859195402298851 0.2 0.28448275862068967 0.19423076923076923 0.28448275862068967
0 0.12307692307692308 0.6867816091954023 0.12307692307692308 0.6882183908045977 0.1346153846153846 0.6882183908045977 0.1346153846153846 0.6867816091954023 0.12307692307692308 0.6867816091954023
0 0.3596153846153846 0.2543103448275862 0.3596153846153846 0.2557471264367816 0.37115384615384617 0.2557471264367816 0.37115384615384617 0.2543103448275862 0.3596153846153846 0.2543103448275862
0 0.37115384615384617 0.46551724137931033 0.37115384615384617 0.46695402298850575 0.3769230769230769 0.46695402298850575 0.3769230769230769 0.46551724137931033 0.37115384615384617 0.46551724137931033
0 0.11923076923076924 0.367816091954023 0.11923076923076924 0.3692528735632184 0.12884615384615383 0.3692528735632184 0.12884615384615383 0.367816091954023 0.11923076923076924 0.367816091954023
0 0.5596153846153846 0.0 0.5596153846153846 0.0014367816091954023 0.6038461538461538 0.0014367816091954023 0.6038461538461538 0.0 0.5596153846153846 0.0
0 0.7461538461538462 0.25287356321839083 0.7461538461538462 0.2543103448275862 0.7538461538461538 0.2543103448275862 0.7538461538461538 0.25287356321839083 0.7461538461538462 0.25287356321839083
0 0.21346153846153845 0.25862068965517243 0.21346153846153845 0.2600574712643678 0.22115384615384615 0.2600574712643678 0.22115384615384615 0.25862068965517243 0.21346153846153845 0.25862068965517243
0 0.09230769230769231 0.27586206896551724 0.09230769230769231 0.27729885057471265 0.10192307692307692 0.27729885057471265 0.10192307692307692 0.27586206896551724 0.09230769230769231 0.27586206896551724
0 1.1557692307692307 0.24568965517241378 1.1557692307692307 0.2471264367816092 1.1692307692307693 0.2471264367816092 1.1692307692307693 0.24568965517241378 1.1557692307692307 0.24568965517241378
0 0.5653846153846154 0.44971264367816094 0.5653846153846154 0.4511494252873563 0.5807692307692308 0.4511494252873563 0.5807692307692308 0.44971264367816094 0.5653846153846154 0.44971264367816094
0 0.3403846153846154 0.6853448275862069 0.3403846153846154 0.6867816091954023 0.35192307692307695 0.6867816091954023 0.35192307692307695 0.6853448275862069 0.3403846153846154 0.6853448275862069
0 0.18461538461538463 0.26436781609195403 0.18461538461538463 0.26580459770114945 0.20384615384615384 0.26580459770114945 0.20384615384615384 0.26436781609195403 0.18461538461538463 0.26436781609195403
0 0.925 0.21551724137931033 0.925 0.21695402298850575 0.9384615384615385 0.21695402298850575 0.9384615384615385 0.21551724137931033 0.925 0.21551724137931033
0 0.36153846153846153 0.5560344827586207 0.36153846153846153 0.5574712643678161 0.3730769230769231 0.5574712643678161 0.3730769230769231 0.5560344827586207 0.36153846153846153 0.5560344827586207
0 0.8269230769230769 0.0028735632183908046 0.8269230769230769 0.004310344827586207 0.8442307692307692 0.004310344827586207 0.8442307692307692 0.0028735632183908046 0.8269230769230769 0.0028735632183908046
0 0.35192307692307695 0.4267241379310345 0.35192307692307695 0.4281609195402299 0.3596153846153846 0.4281609195402299 0.3596153846153846 0.4267241379310345 0.35192307692307695 0.4267241379310345
0 0.04423076923076923 0.6192528735632183 0.04423076923076923 0.6206896551724138 0.05384615384615385 0.6206896551724138 0.05384615384615385 0.6192528735632183 0.04423076923076923 0.6192528735632183
0 1.273076923076923 0.0617816091954023 1.273076923076923 0.06321839080459771 1.2884615384615385 0.06321839080459771 1.2884615384615385 0.0617816091954023 1.273076923076923 0.0617816091954023
0 0.4307692307692308 0.0 0.4307692307692308 0.0014367816091954023 0.45576923076923076 0.0014367816091954023 0.45576923076923076 0.0 0.4307692307692308 0.0
0 1.2423076923076923 0.3045977011494253 1.2423076923076923 0.30603448275862066 1.2461538461538462 0.30603448275862066 1.2461538461538462 0.3045977011494253 1.2423076923076923 0.3045977011494253
0 0.9903846153846154 0.033045977011494254 0.9903846153846154 0.034482758620689655 1.001923076923077 0.034482758620689655 1.001923076923077 0.033045977011494254 0.9903846153846154 0.033045977011494254
0 0.4288461538461538 0.4870689655172414 0.4288461538461538 0.4885057471264368 0.43653846153846154 0.4885057471264368 0.43653846153846154 0.4870689655172414 0.4288461538461538 0.4870689655172414
0 0.08269230769230769 0.3333333333333333 0.08269230769230769 0.33477011494252873 0.09807692307692308 0.33477011494252873 0.09807692307692308 0.3333333333333333 0.08269230769230769 0.3333333333333333
0 0.7826923076923077 0.632183908045977 0.7826923076923077 0.6336206896551724 0.7865384615384615 0.6336206896551724 0.7865384615384615 0.632183908045977 0.7826923076923077 0.632183908045977
0 0.9788461538461538 0.3045977011494253 0.9788461538461538 0.30603448275862066 0.9980769230769231 0.30603448275862066 0.9980769230769231 0.3045977011494253 0.9788461538461538 0.3045977011494253
0 0.35 0.24856321839080459 0.35 0.25 0.3576923076923077 0.25 0.3576923076923077 0.24856321839080459 0.35 0.24856321839080459
0 1.3115384615384615 0.46264367816091956 1.3115384615384615 0.4640804597701149 1.325 0.4640804597701149 1.325 0.46264367816091956 1.3115384615384615 0.46264367816091956
0 1.0673076923076923 0.5804597701149425 1.0673076923076923 0.5818965517241379 1.075 0.5818965517241379 1.075 0.5804597701149425 1.0673076923076923 0.5804597701149425
0 0.9807692307692307 0.07902298850574713 0.9807692307692307 0.08045977011494253 0.9942307692307693 0.08045977011494253 0.9942307692307693 0.07902298850574713 0.9807692307692307 0.07902298850574713
0 1.2865384615384616 0.11206896551724138 1.2865384615384616 0.11350574712643678 1.2903846153846155 0.11350574712643678 1.2903846153846155 0.11206896551724138 1.2865384615384616 0.11206896551724138
0 1.1615384615384616 0.027298850574712645 1.1615384615384616 0.028735632183908046 1.1692307692307693 0.028735632183908046 1.1692307692307693 0.027298850574712645 1.1615384615384616 0.027298850574712645
0 0.41346153846153844 0.16235632183908047 0.41346153846153844 0.16379310344827586 0.4230769230769231 0.16379310344827586 0.4230769230769231 0.16235632183908047 0.41346153846153844 0.16235632183908047
0 1.0961538461538463 0.6336206896551724 1.0961538461538463 0.6350574712643678 1.1096153846153847 0.6350574712643678 1.1096153846153847 0.6336206896551724 1.0961538461538463 0.6336206896551724
0 0.7057692307692308 0.3620689655172414 0.7057692307692308 0.3635057471264368 0.7076923076923077 0.3635057471264368 0.7076923076923077 0.3620689655172414 0.7057692307692308 0.3620689655172414
0 0.7884615384615384 0.19827586206896552 0.7884615384615384 0.1997126436781609 0.8038461538461539 0.1997126436781609 0.8038461538461539 0.19827586206896552 0.7884615384615384 0.19827586206896552
0 1.3326923076923076 0.01867816091954023 1.3326923076923076 0.020114942528735632 1.3384615384615384 0.020114942528735632 1.3384615384615384 0.01867816091954023 1.3326923076923076 0.01867816091954023
0 1.2134615384615384 0.15517241379310345 1.2134615384615384 0.15660919540229884 1.228846153846154 0.15660919540229884 1.228846153846154 0.15517241379310345 1.2134615384615384 0.15517241379310345
0 0.26153846153846155 0.5632183908045977 0.26153846153846155 0.5646551724137931 0.2673076923076923 0.5646551724137931 0.2673076923076923 0.5632183908045977 0.26153846153846155 0.5632183908045977
0 1.2826923076923078 0.257183908045977 1.2826923076923078 0.25862068965517243 1.301923076923077 0.25862068965517243 1.301923076923077 0.257183908045977 1.2826923076923078 0.257183908045977
0 0.7365384615384616 0.47844827586206895 0.7365384615384616 0.47988505747126436 0.7519230769230769 0.47988505747126436 0.7519230769230769 0.47844827586206895 0.7365384615384616 0.47844827586206895
0 0.23846153846153847 0.39080459770114945 0.23846153846153847 0.3922413793103448 0.25961538461538464 0.3922413793103448 0.25961538461538464 0.39080459770114945 0.23846153846153847 0.39080459770114945
0 1.2538461538461538 0.011494252873563218 1.2538461538461538 0.01293103448275862 1.2576923076923077 0.01293103448275862 1.2576923076923077 0.011494252873563218 1.2538461538461538 0.011494252873563218
0 0.573076923076923 0.6422413793103449 0.573076923076923 0.6436781609195402 0.5788461538461539 0.6436781609195402 0.5788461538461539 0.6422413793103449 0.573076923076923 0.6422413793103449
0 0.5153846153846153 0.08477011494252873 0.5153846153846153 0.08620689655172414 0.5211538461538462 0.08620689655172414 0.5211538461538462 0.08477011494252873 0.5153846153846153 0.08477011494252873
0 1.2019230769230769 0.13649425287356323 1.2019230769230769 0.13793103448275862 1.2115384615384615 0.13793103448275862 1.2115384615384615 0.13649425287356323 1.2019230769230769 0.13649425287356323
0 0.04230769230769231 0.6048850574712644 0.04230769230769231 0.6063218390804598 0.051923076923076926 0.6063218390804598 0.051923076923076926 0.6048850574712644 0.04230769230769231 0.6048850574712644
0 1.0923076923076922 0.13649425287356323 1.0923076923076922 0.13793103448275862 1.0961538461538463 0.13793103448275862 1.0961538461538463 0.13649425287356323 1.0923076923076922 0.13649425287356323
0 0.6115384615384616 0.6982758620689655 0.6115384615384616 0.6997126436781609 0.6307692307692307 0.6997126436781609 0.6307692307692307 0.6982758620689655 0.6115384615384616 0.6982758620689655
0 1.1173076923076923 0.13793103448275862 1.1173076923076923 0.13936781609195403 1.126923076923077 0.13936781609195403 1.126923076923077 0.13793103448275862 1.1173076923076923 0.13793103448275862
0 0.4461538461538462 0.5287356321839081 0.4461538461538462 0.5301724137931034 0.4519230769230769 0.5301724137931034 0.4519230769230769 0.5287356321839081 0.4461538461538462 0.5287356321839081
0 0.3269230769230769 0.04310344827586207 0.3269230769230769 0.04454022988505747 0.3346153846153846 0.04454022988505747 0.3346153846153846 0.04310344827586207 0.3269230769230769 0.04310344827586207
0 0.7596153846153846 0.10057471264367816 0.7596153846153846 0.10201149425287356 0.7692307692307693 0.10201149425287356 0.7692307692307693 0.10057471264367816 0.7596153846153846 0.10057471264367816
0 0.19230769230769232 0.4209770114942529 0.19230769230769232 0.4224137931034483 0.2 0.4224137931034483 0.2 0.4209770114942529 0.19230769230769232 0.4209770114942529
0 0.4634615384615385 0.1307471264367816 0.4634615384615385 0.13218390804597702 0.46923076923076923 0.13218390804597702 0.46923076923076923 0.1307471264367816 0.4634615384615385 0.1307471264367816
0 0.9807692307692307 0.06465517241379311 0.9807692307692307 0.06609195402298851 0.9942307692307693 0.06609195402298851 0.9942307692307693 0.06465517241379311 0.9807692307692307 0.06465517241379311
0 1.1711538461538462 0.10201149425287356 1.1711538461538462 0.10344827586206896 1.1903846153846154 0.10344827586206896 1.1903846153846154 0.10201149425287356 1.1711538461538462 0.10201149425287356
0 0.9961538461538462 0.257183908045977 0.9961538461538462 0.25862068965517243 1.001923076923077 0.25862068965517243 1.001923076923077 0.257183908045977 0.9961538461538462 0.257183908045977
0 0.023076923076923078 0.6982758620689655 0.023076923076923078 0.6997126436781609 0.03653846153846154 0.6997126436781609 0.03653846153846154 0.6982758620689655 0.023076923076923078 0.6982758620689655
0 0.2653846153846154 0.028735632183908046 0.2653846153846154 0.03017241379310345 0.2692307692307692 0.03017241379310345 0.2692307692307692 0.028735632183908046 0.2653846153846154 0.028735632183908046
0 0.13653846153846153 0.34051724137931033 0.13653846153846153 0.34195402298850575 0.1596153846153846 0.34195402298850575 0.1596153846153846 0.34051724137931033 0.13653846153846153 0.34051724137931033
0 0.2653846153846154 0.7011494252873564 0.2653846153846154 0.7025862068965517 0.2692307692307692 0.7025862068965517 0.2692307692307692 0.7011494252873564 0.2653846153846154 0.7011494252873564
0 0.5711538461538461 0.19827586206896552 0.5711538461538461 0.1997126436781609 0.575 0.1997126436781609 0.575 0.19827586206896552 0.5711538461538461 0.19827586206896552
0 0.12692307692307692 0.06609195402298851 0.12692307692307692 0.06752873563218391 0.13653846153846153 0.06752873563218391 0.13653846153846153 0.06609195402298851 0.12692307692307692 0.06609195402298851
0 0.5480769230769231 0.3333333333333333 0.5480769230769231 0.33477011494252873 0.5538461538461539 0.33477011494252873 0.5538461538461539 0.3333333333333333 0.5480769230769231 0.3333333333333333
0 0.18653846153846154 0.5905172413793104 0.18653846153846154 0.5919540229885057 0.19423076923076923 0.5919540229885057 0.19423076923076923 0.5905172413793104 0.18653846153846154 0.5905172413793104
0 0.41923076923076924 0.28735632183908044 0.41923076923076924 0.28879310344827586 0.4326923076923077 0.28879310344827586 0.4326923076923077 0.28735632183908044 0.41923076923076924 0.28735632183908044
0 0.9903846153846154 0.6005747126436781 0.9903846153846154 0.6020114942528736 0.9942307692307693 0.6020114942528736 0.9942307692307693 0.6005747126436781 0.9903846153846154 0.6005747126436781
0 0.2423076923076923 0.10057471264367816 0.2423076923076923 0.10201149425287356 0.25 0.10201149425287356 0.25 0.10057471264367816 0.2423076923076923 0.10057471264367816
0 1.2980769230769231 0.17959770114942528 1.2980769230769231 0.1810344827586207 1.3038461538461539 0.1810344827586207 1.3038461538461539 0.17959770114942528 1.2980769230769231 0.17959770114942528
0 0.20192307692307693 0.5158045977011494 0.20192307692307693 0.5172413793103449 0.21153846153846154 0.5172413793103449 0.21153846153846154 0.5158045977011494 0.20192307692307693 0.5158045977011494
0 0.8384615384615385 0.0 0.8384615384615385 0.0014367816091954023 0.8788461538461538 0.0014367816091954023 0.8788461538461538 0.0 0.8384615384615385 0.0
0 1.2076923076923076 0.28304597701149425 1.2076923076923076 0.28448275862068967 1.225 0.28448275862068967 1.225 0.28304597701149425 1.2076923076923076 0.28304597701149425
0 0.7115384615384616 0.40660919540229884 0.7115384615384616 0.40804597701149425 0.7346153846153847 0.40804597701149425 0.7346153846153847 0.40660919540229884 0.7115384615384616 0.40660919540229884
0 0.08461538461538462 0.5560344827586207 0.08461538461538462 0.5574712643678161 0.09807692307692308 0.5574712643678161 0.09807692307692308 0.5560344827586207 0.08461538461538462 0.5560344827586207
0 1.2096153846153845 0.6278735632183908 1.2096153846153845 0.6293103448275862 1.2134615384615384 0.6293103448275862 1.2134615384615384 0.6278735632183908 1.2096153846153845 0.6278735632183908
0 0.4461538461538462 0.09482758620689655 0.4461538461538462 0.09626436781609195 0.4576923076923077 0.09626436781609195 0.4576923076923077 0.09482758620689655 0.4461538461538462 0.09482758620689655
0 0.15 0.7183908045977011 0.15 0.7198275862068966 0.16346153846153846 0.7198275862068966 0.16346153846153846 0.7183908045977011 0.15 0.7183908045977011
0 0.41346153846153844 0.021551724137931036 0.41346153846153844 0.022988505747126436 0.4173076923076923 0.022988505747126436 0.4173076923076923 0.021551724137931036 0.41346153846153844 0.021551724137931036
0 0.11538461538461539 0.4583333333333333 0.11538461538461539 0.45977011494252873 0.12884615384615383 0.45977011494252873 0.12884615384615383 0.4583333333333333 0.11538461538461539 0.4583333333333333
0 0.046153846153846156 0.7011494252873564 0.046153846153846156 0.7025862068965517 0.05961538461538462 0.7025862068965517 0.05961538461538462 0.7011494252873564 0.046153846153846156 0.7011494252873564
0 0.36538461538461536 0.23132183908045978 0.36538461538461536 0.23275862068965517 0.38076923076923075 0.23275862068965517 0.38076923076923075 0.23132183908045978 0.36538461538461536 0.23132183908045978
0 1.323076923076923 0.3333333333333333 1.323076923076923 0.33477011494252873 1.3326923076923076 0.33477011494252873 1.3326923076923076 0.3333333333333333 1.323076923076923 0.3333333333333333
0 0.04230769230769231 0.05890804597701149 0.04230769230769231 0.0603448275862069 0.05961538461538462 0.0603448275862069 0.05961538461538462 0.05890804597701149 0.04230769230769231 0.05890804597701149
0 1.25 0.05890804597701149 1.25 0.0603448275862069 1.2557692307692307 0.0603448275862069 1.2557692307692307 0.05890804597701149 1.25 0.05890804597701149
0 1.1961538461538461 0.4956896551724138 1.1961538461538461 0.49712643678160917 1.2057692307692307 0.49712643678160917 1.2057692307692307 0.4956896551724138 1.1961538461538461 0.4956896551724138
0 1.2576923076923077 0.1853448275862069 1.2576923076923077 0.1867816091954023 1.2673076923076922 0.1867816091954023 1.2673076923076922 0.1853448275862069 1.2576923076923077 0.1853448275862069
0 0.6019230769230769 0.6623563218390804 0.6019230769230769 0.6637931034482759 0.6057692307692307 0.6637931034482759 0.6057692307692307 0.6623563218390804 0.6019230769230769 0.6623563218390804
0 0.5961538461538461 0.008620689655172414 0.5961538461538461 0.010057471264367816 0.6 0.010057471264367816 0.6 0.008620689655172414 0.5961538461538461 0.008620689655172414
0 0.48653846153846153 0.33189655172413796 0.48653846153846153 0.3333333333333333 0.4980769230769231 0.3333333333333333 0.4980769230769231 0.33189655172413796 0.48653846153846153 0.33189655172413796
0 0.6173076923076923 0.5646551724137931 0.6173076923076923 0.5660919540229885 0.6442307692307693 0.5660919540229885 0.6442307692307693 0.5646551724137931 0.6173076923076923 0.5646551724137931
0 1.0480769230769231 0.21551724137931033 1.0480769230769231 0.21695402298850575 1.0538461538461539 0.21695402298850575 1.0538461538461539 0.21551724137931033 1.0480769230769231 0.21551724137931033