0 0.50390625 0.259375 0.50390625 0.2625 0.51953125 0.2625 0.51953125 0.259375 0.50390625 0.259375
0 0.390625 0.709375 0.390625 0.7125 0.4140625 0.7125 0.4140625 0.709375 0.390625 0.709375
0 0.8515625 0.65 0.8515625 0.653125 0.86328125 0.653125 0.86328125 0.65 0.8515625 0.65
0 0.72265625 0.20625 0.72265625 0.209375 0.75 0.209375 0.75 0.20625 0.72265625 0.20625
0 1.1171875 0.65625 1.1171875 0.659375 1.13671875 0.659375 1.13671875 0.65625 1.1171875 0.65625
0 0.4765625 0.29375 0.4765625 0.296875 0.48828125 0.296875 0.48828125 0.29375 0.4765625 0.29375
0 0.015625 0.015625 0.015625 0.01875 0.03125 0.01875 0.03125 0.015625 0.015625 0.015625
0 0.359375 0.696875 0.359375 0.7 0.37890625 0.7 0.37890625 0.696875 0.359375 0.696875
0 0.33984375 0.409375 0.33984375 0.4125 0.359375 0.4125 0.359375 0.409375 0.33984375 0.409375
0 0.72265625 0.70625 0.72265625 0.709375 0.734375 0.709375 0.734375 0.70625 0.72265625 0.70625
0 1.04296875 0.075 1.04296875 0.078125 1.07421875 0.078125 1.07421875 0.075 1.04296875 0.075
0 0.2421875 0.63125 0.2421875 0.634375 0.26171875 0.634375 0.26171875 0.63125 0.2421875 0.63125
0 0.39453125 0.740625 0.39453125 0.74375 0.41015625 0.74375 0.41015625 0.740625 0.39453125 0.740625
0 0.69140625 0.29375 0.69140625 0.296875 0.7265625 0.296875 0.7265625 0.29375 0.69140625 0.29375
0 0.28515625 0.0 0.28515625 0.003125 0.3203125 0.003125 0.3203125 0.0 0.28515625 0.0
0 0.4921875 0.18125 0.4921875 0.184375 0.5 0.184375 0.5 0.18125 0.4921875 0.18125
0 0.5859375 0.565625 0.5859375 0.56875 0.59765625 0.56875 0.59765625 0.565625 0.5859375 0.565625
0 0.359375 0.196875 0.359375 0.2 0.38671875 0.2 0.38671875 0.196875 0.359375 0.196875
0 0.00390625 0.6375 0.00390625 0.640625 0.0390625 0.640625 0.0390625 0.6375 0.00390625 0.6375
0 0.41796875 0.578125 0.41796875 0.58125 0.4296875 0.58125 0.4296875 0.578125 0.41796875 0.578125
0 0.734375 0.209375 0.734375 0.2125 0.74609375 0.2125 0.74609375 0.209375 0.734375 0.209375
0 0.703125 0.675 0.703125 0.678125 0.7109375 0.678125 0.7109375 0.675 0.703125 0.675
0 1.2109375 0.40625 1.2109375 0.409375 1.2421875 0.409375 1.2421875 0.40625 1.2109375 0.40625
0 0.7890625 0.684375 0.7890625 0.6875 0.80859375 0.6875 0.80859375 0.684375 0.7890625 0.684375
0 0.99609375 0.6625 0.99609375 0.665625 1.0 0.665625 1.0 0.6625 0.99609375 0.6625
0 0.42578125 0.234375 0.42578125 0.2375 0.45703125 0.2375 0.45703125 0.234375 0.42578125 0.234375
0 0.0078125 0.4625 0.0078125 0.465625 0.02734375 0.465625 0.02734375 0.4625 0.0078125 0.4625
0 0.58203125 0.5625 0.58203125 0.565625 0.625 0.565625 0.625 0.5625 0.58203125 0.5625
0 0.25390625 0.6875 0.25390625 0.690625 0.27734375 0.690625 0.27734375 0.6875 0.25390625 0.6875
0 0.64453125 0.34375 0.64453125 0.346875 0.671875 0.346875 0.671875 0.34375 0.64453125 0.34375
0 0.8984375 0.046875 0.8984375 0.05 0.9140625 0.05 0.9140625 0.046875 0.8984375 0.046875
0 1.19140625 0.49375 1.19140625 0.496875 1.21875 0.496875 1.21875 0.49375 1.19140625 0.49375
0 0.703125 0.378125 0.703125 0.38125 0.72265625 0.38125 0.72265625 0.378125 0.703125 0.378125
0 0.56640625 0.784375 0.56640625 0.7875 0.59765625 0.7875 0.59765625 0.784375 0.56640625 0.784375