0 0.74609375 0.321875 0.74609375 0.325 0.80078125 0.325 0.80078125 0.321875 0.74609375 0.321875
0 0.75 0.028125 0.75 0.03125 0.7578125 0.03125 0.7578125 0.028125 0.75 0.028125
0 0.98046875 0.290625 0.98046875 0.29375 0.99609375 0.29375 0.99609375 0.290625 0.98046875 0.290625
0 0.16796875 0.0 0.16796875 0.003125 0.234375 0.003125 0.234375 0.0 0.16796875 0.0
0 1.20703125 0.5375 1.20703125 0.540625 1.25 0.540625 1.25 0.5375 1.20703125 0.5375
0 1.16796875 0.65625 1.16796875 0.659375 1.1796875 0.659375 1.1796875 0.65625 1.16796875 0.65625
0 0.85546875 0.765625 0.85546875 0.76875 0.859375 0.76875 0.859375 0.765625 0.85546875 0.765625
0 0.9765625 0.0 0.9765625 0.003125 1.0 0.003125 1.0 0.0 0.9765625 0.0
0 0.77734375 0.0 0.77734375 0.003125 0.94140625 0.003125 0.94140625 0.0 0.77734375 0.0
0 0.13671875 0.103125 0.13671875 0.10625 0.1640625 0.10625 0.1640625 0.103125 0.13671875 0.103125
0 0.06640625 0.665625 0.06640625 0.66875 0.07421875 0.66875 0.07421875 0.665625 0.06640625 0.665625
0 0.68359375 0.1 0.68359375 0.103125 0.71484375 0.103125 0.71484375 0.1 0.68359375 0.1
0 0.12890625 0.05 0.12890625 0.053125 0.140625 0.053125 0.140625 0.05 0.12890625 0.05
0 0.37890625 0.421875 0.37890625 0.425 0.40625 0.425 0.40625 0.421875 0.37890625 0.421875
0 0.25 0.15625 0.25 0.159375 0.26171875 0.159375 0.26171875 0.15625 0.25 0.15625
0 1.10546875 0.459375 1.10546875 0.4625 1.14453125 0.4625 1.14453125 0.459375 1.10546875 0.459375
0 0.64453125 0.56875 0.64453125 0.571875 0.65625 0.571875 0.65625 0.56875 0.64453125 0.56875