0 1.048828125 0.2703125 1.048828125 0.271875 1.064453125 0.271875 1.064453125 0.2703125 1.048828125 0.2703125
0 0.2578125 0.3484375 0.2578125 0.35 0.279296875 0.35 0.279296875 0.3484375 0.2578125 0.3484375
0 0.123046875 0.7375 0.123046875 0.7390625 0.138671875 0.7390625 0.138671875 0.7375 0.123046875 0.7375
0 0.013671875 0.7875 0.013671875 0.7890625 0.025390625 0.7890625 0.025390625 0.7875 0.013671875 0.7875
0 0.0078125 0.1421875 0.0078125 0.14375 0.03125 0.14375 0.03125 0.1421875 0.0078125 0.1421875
0 0.58203125 0.6 0.58203125 0.6015625 0.609375 0.6015625 0.609375 0.6 0.58203125 0.6
0 0.96484375 0.5109375 0.96484375 0.5125 0.974609375 0.5125 0.974609375 0.5109375 0.96484375 0.5109375
0 1.072265625 0.7484375 1.072265625 0.75 1.076171875 0.75 1.076171875 0.7484375 1.072265625 0.7484375
0 1.205078125 0.7484375 1.205078125 0.75 1.212890625 0.75 1.212890625 0.7484375 1.205078125 0.7484375
0 0.95703125 0.653125 0.95703125 0.6546875 0.9609375 0.6546875 0.9609375 0.653125 0.95703125 0.653125
0 0.6171875 0.29375 0.6171875 0.2953125 0.625 0.2953125 0.625 0.29375 0.6171875 0.29375
0 0.21875 0.240625 0.21875 0.2421875 0.2265625 0.2421875 0.2265625 0.240625 0.21875 0.240625
0 0.2578125 0.0 0.2578125 0.0015625 0.296875 0.0015625 0.296875 0.0 0.2578125 0.0
0 0.197265625 0.0 0.197265625 0.0015625 0.244140625 0.0015625 0.244140625 0.0 0.197265625 0.0
0 0.33984375 0.41875 0.33984375 0.4203125 0.341796875 0.4203125 0.341796875 0.41875 0.33984375 0.41875
0 0.341796875 0.3484375 0.341796875 0.35 0.359375 0.35 0.359375 0.3484375 0.341796875 0.3484375
0 0.83203125 0.728125 0.83203125 0.7296875 0.859375 0.7296875 0.859375 0.728125 0.83203125 0.728125
0 1.048828125 0.578125 1.048828125 0.5796875 1.0625 0.5796875 1.0625 0.578125 1.048828125 0.578125
0 0.376953125 0.5765625 0.376953125 0.578125 0.392578125 0.578125 0.392578125 0.5765625 0.376953125 0.5765625
0 0.47265625 0.34375 0.47265625 0.3453125 0.501953125 0.3453125 0.501953125 0.34375 0.47265625 0.34375
0 0.96875 0.390625 0.96875 0.3921875 0.984375 0.3921875 0.984375 0.390625 0.96875 0.390625
0 0.828125 0.6625 0.828125 0.6640625 0.845703125 0.6640625 0.845703125 0.6625 0.828125 0.6625
0 0.57421875 0.7671875 0.57421875 0.76875 0.5859375 0.76875 0.5859375 0.7671875 0.57421875 0.7671875
0 0.96875 0.0 0.96875 0.0015625 1.0 0.0015625 1.0 0.0 0.96875 0.0
0 0.474609375 0.378125 0.474609375 0.3796875 0.478515625 0.3796875 0.478515625 0.378125 0.474609375 0.378125