0 0.6640625 0.7 0.6640625 0.703125 0.67578125 0.703125 0.67578125 0.7 0.6640625 0.7
0 0.30078125 0.0 0.30078125 0.003125 0.3671875 0.003125 0.3671875 0.0 0.30078125 0.0
0 0.96484375 0.35 0.96484375 0.353125 0.98828125 0.353125 0.98828125 0.35 0.96484375 0.35
0 1.21484375 0.471875 1.21484375 0.475 1.234375 0.475 1.234375 0.471875 1.21484375 0.471875
0 0.453125 0.775 0.453125 0.778125 0.4765625 0.778125 0.4765625 0.775 0.453125 0.775
0 0.49609375 0.5125 0.49609375 0.515625 0.546875 0.515625 0.546875 0.5125 0.49609375 0.5125
0 0.57421875 0.503125 0.57421875 0.50625 0.6015625 0.50625 0.6015625 0.503125 0.57421875 0.503125
0 0.484375 0.40625 0.484375 0.409375 0.49609375 0.409375 0.49609375 0.40625 0.484375 0.40625
0 0.50390625 0.7 0.50390625 0.703125 0.515625 0.703125 0.515625 0.7 0.50390625 0.7
0 0.3046875 0.665625 0.3046875 0.66875 0.32421875 0.66875 0.32421875 0.665625 0.3046875 0.665625
0 0.39453125 0.7 0.39453125 0.703125 0.40625 0.703125 0.40625 0.7 0.39453125 0.7
0 0.234375 0.159375 0.234375 0.1625 0.24609375 0.1625 0.24609375 0.159375 0.234375 0.159375
0 0.38671875 0.69375 0.38671875 0.696875 0.40234375 0.696875 0.40234375 0.69375 0.38671875 0.69375
0 1.0 0.68125 1.0 0.684375 1.015625 0.684375 1.015625 0.68125 1.0 0.68125
0 0.58984375 0.74375 0.58984375 0.746875 0.609375 0.746875 0.609375 0.74375 0.58984375 0.74375
0 0.73046875 0.5875 0.73046875 0.590625 0.765625 0.590625 0.765625 0.5875 0.73046875 0.5875
0 0.453125 0.790625 0.453125 0.79375 0.46875 0.79375 0.46875 0.790625 0.453125 0.790625
0 1.1640625 0.459375 1.1640625 0.4625 1.18359375 0.4625 1.18359375 0.459375 1.1640625 0.459375
0 0.28125 0.65625 0.28125 0.659375 0.29296875 0.659375 0.29296875 0.65625 0.28125 0.65625
0 0.98828125 0.5125 0.98828125 0.515625 1.0 0.515625 1.0 0.5125 0.98828125 0.5125
0 0.5390625 0.65625 0.5390625 0.659375 0.55859375 0.659375 0.55859375 0.65625 0.5390625 0.65625
0 0.8203125 0.575 0.8203125 0.578125 0.8515625 0.578125 0.8515625 0.575 0.8203125 0.575
0 1.125 0.346875 1.125 0.35 1.15234375 0.35 1.15234375 0.346875 1.125 0.346875
0 0.0078125 0.48125 0.0078125 0.484375 0.01953125 0.484375 0.01953125 0.48125 0.0078125 0.48125
0 0.15625 0.240625 0.15625 0.24375 0.19921875 0.24375 0.19921875 0.240625 0.15625 0.240625
0 0.6796875 0.4375 0.6796875 0.440625 0.69140625 0.440625 0.69140625 0.4375 0.6796875 0.4375
0 0.25 0.709375 0.25 0.7125 0.25390625 0.7125 0.25390625 0.709375 0.25 0.709375
0 0.98046875 0.471875 0.98046875 0.475 1.00390625 0.475 1.00390625 0.471875 0.98046875 0.471875
0 0.3125 0.603125 0.3125 0.60625 0.328125 0.60625 0.328125 0.603125 0.3125 0.603125
0 0.765625 0.48125 0.765625 0.484375 0.77734375 0.484375 0.77734375 0.48125 0.765625 0.48125
0 0.0703125 0.7 0.0703125 0.703125 0.08984375 0.703125 0.08984375 0.7 0.0703125 0.7
0 0.64453125 0.559375 0.64453125 0.5625 0.66796875 0.5625 0.66796875 0.559375 0.64453125 0.559375
0 0.390625 0.290625 0.390625 0.29375 0.4140625 0.29375 0.4140625 0.290625 0.390625 0.290625