0 0.3346153846153846 0.02586206896551724 0.3346153846153846 0.027298850574712645 0.3403846153846154 0.027298850574712645 0.3403846153846154 0.02586206896551724 0.3346153846153846 0.02586206896551724
0 0.49615384615384617 0.3563218390804598 0.49615384615384617 0.3577586206896552 0.5192307692307693 0.3577586206896552 0.5192307692307693 0.3563218390804598 0.49615384615384617 0.3563218390804598
0 0.7807692307692308 0.09626436781609195 0.7807692307692308 0.09770114942528736 0.7903846153846154 0.09770114942528736 0.7903846153846154 0.09626436781609195 0.7807692307692308 0.09626436781609195
0 0.8192307692307692 0.11925287356321838 0.8192307692307692 0.1206896551724138 0.8423076923076923 0.1206896551724138 0.8423076923076923 0.11925287356321838 0.8192307692307692 0.11925287356321838
0 1.2942307692307693 0.022988505747126436 1.2942307692307693 0.02442528735632184 1.3153846153846154 0.02442528735632184 1.3153846153846154 0.022988505747126436 1.2942307692307693 0.022988505747126436
0 0.8826923076923077 0.5402298850574713 0.8826923076923077 0.5416666666666666 0.8903846153846153 0.5416666666666666 0.8903846153846153 0.5402298850574713 0.8826923076923077 0.5402298850574713
0 0.9326923076923077 0.5862068965517241 0.9326923076923077 0.5876436781609196 0.9461538461538461 0.5876436781609196 0.9461538461538461 0.5862068965517241 0.9326923076923077 0.5862068965517241
0 0.1076923076923077 0.1867816091954023 0.1076923076923077 0.1882183908045977 0.125 0.1882183908045977 0.125 0.1867816091954023 0.1076923076923077 0.1867816091954023
0 0.9865384615384616 0.20689655172413793 0.9865384615384616 0.20833333333333334 0.9961538461538462 0.20833333333333334 0.9961538461538462 0.20689655172413793 0.9865384615384616 0.20689655172413793
0 0.9692307692307692 0.6853448275862069 0.9692307692307692 0.6867816091954023 0.9788461538461538 0.6867816091954023 0.9788461538461538 0.6853448275862069 0.9692307692307692 0.6853448275862069
0 0.7788461538461539 0.5330459770114943 0.7788461538461539 0.5344827586206896 0.7846153846153846 0.5344827586206896 0.7846153846153846 0.5330459770114943 0.7788461538461539 0.5330459770114943
0 1.2807692307692307 0.33045977011494254 1.2807692307692307 0.33189655172413796 1.2942307692307693 0.33189655172413796 1.2942307692307693 0.33045977011494254 1.2807692307692307 0.33045977011494254
0 0.8365384615384616 0.7083333333333334 0.8365384615384616 0.7097701149425287 0.8615384615384616 0.7097701149425287 0.8615384615384616 0.7083333333333334 0.8365384615384616 0.7083333333333334
0 0.8461538461538461 0.5100574712643678 0.8461538461538461 0.5114942528735632 0.85 0.5114942528735632 0.85 0.5100574712643678 0.8461538461538461 0.5100574712643678
0 0.7769230769230769 0.16666666666666666 0.7769230769230769 0.16810344827586207 0.7807692307692308 0.16810344827586207 0.7807692307692308 0.16666666666666666 0.7769230769230769 0.16666666666666666
0 0.801923076923077 0.34051724137931033 0.801923076923077 0.34195402298850575 0.823076923076923 0.34195402298850575 0.823076923076923 0.34051724137931033 0.801923076923077 0.34051724137931033
0 1.2115384615384615 0.7313218390804598 1.2115384615384615 0.7327586206896551 1.2173076923076922 0.7327586206896551 1.2173076923076922 0.7313218390804598 1.2115384615384615 0.7313218390804598
0 1.051923076923077 0.5316091954022989 1.051923076923077 0.5330459770114943 1.0673076923076923 0.5330459770114943 1.0673076923076923 0.5316091954022989 1.051923076923077 0.5316091954022989
0 0.9173076923076923 0.4339080459770115 0.9173076923076923 0.4353448275862069 0.9288461538461539 0.4353448275862069 0.9288461538461539 0.4339080459770115 0.9173076923076923 0.4339080459770115
0 0.16346153846153846 0.13649425287356323 0.16346153846153846 0.13793103448275862 0.17884615384615385 0.13793103448275862 0.17884615384615385 0.13649425287356323 0.16346153846153846 0.13649425287356323
0 0.3769230769230769 0.2672413793103448 0.3769230769230769 0.2686781609195402 0.3903846153846154 0.2686781609195402 0.3903846153846154 0.2672413793103448 0.3769230769230769 0.2672413793103448
0 0.375 0.7083333333333334 0.375 0.7097701149425287 0.38846153846153847 0.7097701149425287 0.38846153846153847 0.7083333333333334 0.375 0.7083333333333334
0 1.126923076923077 0.4224137931034483 1.126923076923077 0.4238505747126437 1.1326923076923077 0.4238505747126437 1.1326923076923077 0.4224137931034483 1.126923076923077 0.4224137931034483
0 1.3307692307692307 0.07614942528735633 1.3307692307692307 0.07758620689655173 1.3365384615384615 0.07758620689655173 1.3365384615384615 0.07614942528735633 1.3307692307692307 0.07614942528735633
0 0.7480769230769231 0.6839080459770115 0.7480769230769231 0.6853448275862069 0.7653846153846153 0.6853448275862069 0.7653846153846153 0.6839080459770115 0.7480769230769231 0.6839080459770115
0 1.3288461538461538 0.3563218390804598 1.3288461538461538 0.3577586206896552 1.3384615384615384 0.3577586206896552 1.3384615384615384 0.3563218390804598 1.3288461538461538 0.3563218390804598
0 0.7384615384615385 0.23132183908045978 0.7384615384615385 0.23275862068965517 0.7461538461538462 0.23275862068965517 0.7461538461538462 0.23132183908045978 0.7384615384615385 0.23132183908045978
0 0.6076923076923076 0.6724137931034483 0.6076923076923076 0.6738505747126436 0.6230769230769231 0.6738505747126436 0.6230769230769231 0.6724137931034483 0.6076923076923076 0.6724137931034483
0 1.1384615384615384 0.7083333333333334 1.1384615384615384 0.7097701149425287 1.1403846153846153 0.7097701149425287 1.1403846153846153 0.7083333333333334 1.1384615384615384 0.7083333333333334
0 0.18269230769230768 0.639367816091954 0.18269230769230768 0.6408045977011494 0.19615384615384615 0.6408045977011494 0.19615384615384615 0.639367816091954 0.18269230769230768 0.639367816091954
0 0.07692307692307693 0.35201149425287354 0.07692307692307693 0.35344827586206895 0.08269230769230769 0.35344827586206895 0.08269230769230769 0.35201149425287354 0.07692307692307693 0.35201149425287354
0 1.3211538461538461 0.1810344827586207 1.3211538461538461 0.1824712643678161 1.3384615384615384 0.1824712643678161 1.3384615384615384 0.1810344827586207 1.3211538461538461 0.1810344827586207
0 0.24615384615384617 0.6005747126436781 0.24615384615384617 0.6020114942528736 0.2653846153846154 0.6020114942528736 0.2653846153846154 0.6005747126436781 0.24615384615384617 0.6005747126436781
0 0.21923076923076923 0.10775862068965517 0.21923076923076923 0.10919540229885058 0.22692307692307692 0.10919540229885058 0.22692307692307692 0.10775862068965517 0.21923076923076923 0.10775862068965517
0 0.03461538461538462 0.6910919540229885 0.03461538461538462 0.6925287356321839 0.046153846153846156 0.6925287356321839 0.046153846153846156 0.6910919540229885 0.03461538461538462 0.6910919540229885
0 0.2903846153846154 0.0 0.2903846153846154 0.0014367816091954023 0.31153846153846154 0.0014367816091954023 0.31153846153846154 0.0 0.2903846153846154 0.0
0 0.8673076923076923 0.13649425287356323 0.8673076923076923 0.13793103448275862 0.8826923076923077 0.13793103448275862 0.8826923076923077 0.13649425287356323 0.8673076923076923 0.13649425287356323
0 0.698076923076923 0.2514367816091954 0.698076923076923 0.25287356321839083 0.7096153846153846 0.25287356321839083 0.7096153846153846 0.2514367816091954 0.698076923076923 0.2514367816091954
0 0.7788461538461539 0.3793103448275862 0.7788461538461539 0.3807471264367816 0.7980769230769231 0.3807471264367816 0.7980769230769231 0.3793103448275862 0.7788461538461539 0.3793103448275862
0 1.2115384615384615 0.15373563218390804 1.2115384615384615 0.15517241379310345 1.2230769230769232 0.15517241379310345 1.2230769230769232 0.15373563218390804 1.2115384615384615 0.15373563218390804
0 0.25384615384615383 0.16091954022988506 0.25384615384615383 0.16235632183908047 0.25961538461538464 0.16235632183908047 0.25961538461538464 0.16091954022988506 0.25384615384615383 0.16091954022988506
0 0.5903846153846154 0.6479885057471264 0.5903846153846154 0.6494252873563219 0.6 0.6494252873563219 0.6 0.6479885057471264 0.5903846153846154 0.6479885057471264
0 0.06538461538461539 0.7040229885057471 0.06538461538461539 0.7054597701149425 0.075 0.7054597701149425 0.075 0.7040229885057471 0.06538461538461539 0.7040229885057471
0 0.9923076923076923 0.41522988505747127 0.9923076923076923 0.4166666666666667 1.0269230769230768 0.4166666666666667 1.0269230769230768 0.41522988505747127 0.9923076923076923 0.41522988505747127
0 0.6596153846153846 0.29454022988505746 0.6596153846153846 0.2959770114942529 0.6730769230769231 0.2959770114942529 0.6730769230769231 0.29454022988505746 0.6596153846153846 0.29454022988505746
0 1.1884615384615385 0.09195402298850575 1.1884615384615385 0.09339080459770115 1.1961538461538461 0.09339080459770115 1.1961538461538461 0.09195402298850575 1.1884615384615385 0.09195402298850575
0 0.16153846153846155 0.13505747126436782 0.16153846153846155 0.13649425287356323 0.17115384615384616 0.13649425287356323 0.17115384615384616 0.13505747126436782 0.16153846153846155 0.13505747126436782
0 0.43846153846153846 0.3204022988505747 0.43846153846153846 0.3218390804597701 0.45384615384615384 0.3218390804597701 0.45384615384615384 0.3204022988505747 0.43846153846153846 0.3204022988505747
0 0.676923076923077 0.17385057471264367 0.676923076923077 0.1752873563218391 0.7 0.1752873563218391 0.7 0.17385057471264367 0.676923076923077 0.17385057471264367
0 0.10961538461538461 0.5373563218390804 0.10961538461538461 0.5387931034482759 0.12115384615384615 0.5387931034482759 0.12115384615384615 0.5373563218390804 0.10961538461538461 0.5373563218390804
0 0.40576923076923077 0.10919540229885058 0.40576923076923077 0.11063218390804598 0.425 0.11063218390804598 0.425 0.10919540229885058 0.40576923076923077 0.10919540229885058
0 0.08461538461538462 0.0014367816091954023 0.08461538461538462 0.0028735632183908046 0.1076923076923077 0.0028735632183908046 0.1076923076923077 0.0014367816091954023 0.08461538461538462 0.0014367816091954023
0 0.013461538461538462 0.6609195402298851 0.013461538461538462 0.6623563218390804 0.03461538461538462 0.6623563218390804 0.03461538461538462 0.6609195402298851 0.013461538461538462 0.6609195402298851
0 0.9519230769230769 0.0 0.9519230769230769 0.0014367816091954023 0.9884615384615385 0.0014367816091954023 0.9884615384615385 0.0 0.9519230769230769 0.0
0 0.47115384615384615 0.4583333333333333 0.47115384615384615 0.45977011494252873 0.49230769230769234 0.45977011494252873 0.49230769230769234 0.4583333333333333 0.47115384615384615 0.4583333333333333
0 0.47307692307692306 0.4454022988505747 0.47307692307692306 0.4468390804597701 0.4826923076923077 0.4468390804597701 0.4826923076923077 0.4454022988505747 0.47307692307692306 0.4454022988505747
0 0.11730769230769231 0.21120689655172414 0.11730769230769231 0.21264367816091953 0.125 0.21264367816091953 0.125 0.21120689655172414 0.11730769230769231 0.21120689655172414
0 1.023076923076923 0.5387931034482759 1.023076923076923 0.5402298850574713 1.0384615384615385 0.5402298850574713 1.0384615384615385 0.5387931034482759 1.023076923076923 0.5387931034482759
0 0.6576923076923077 0.4382183908045977 0.6576923076923077 0.4396551724137931 0.6634615384615384 0.4396551724137931 0.6634615384615384 0.4382183908045977 0.6576923076923077 0.4382183908045977
0 1.1788461538461539 0.23563218390804597 1.1788461538461539 0.23706896551724138 1.1846153846153846 0.23706896551724138 1.1846153846153846 0.23563218390804597 1.1788461538461539 0.23563218390804597
0 0.06923076923076923 0.1839080459770115 0.06923076923076923 0.1853448275862069 0.07692307692307693 0.1853448275862069 0.07692307692307693 0.1839080459770115 0.06923076923076923 0.1839080459770115
0 1.2788461538461537 0.05459770114942529 1.2788461538461537 0.05603448275862069 1.2923076923076924 0.05603448275862069 1.2923076923076924 0.05459770114942529 1.2788461538461537 0.05459770114942529
0 1.1711538461538462 0.6752873563218391 1.1711538461538462 0.6767241379310345 1.176923076923077 0.6767241379310345 1.176923076923077 0.6752873563218391 1.1711538461538462 0.6752873563218391
0 0.4076923076923077 0.28735632183908044 0.4076923076923077 0.28879310344827586 0.45576923076923076 0.28879310344827586 0.45576923076923076 0.28735632183908044 0.4076923076923077 0.28735632183908044
0 0.34615384615384615 0.5359195402298851 0.34615384615384615 0.5373563218390804 0.3557692307692308 0.5373563218390804 0.3557692307692308 0.5359195402298851 0.34615384615384615 0.5359195402298851
0 0.4153846153846154 0.7313218390804598 0.4153846153846154 0.7327586206896551 0.43846153846153846 0.7327586206896551 0.43846153846153846 0.7313218390804598 0.4153846153846154 0.7313218390804598
0 0.8538461538461538 0.05028735632183908 0.8538461538461538 0.05172413793103448 0.8673076923076923 0.05172413793103448 0.8673076923076923 0.05028735632183908 0.8538461538461538 0.05028735632183908
0 0.5942307692307692 0.2988505747126437 0.5942307692307692 0.30028735632183906 0.6 0.30028735632183906 0.6 0.2988505747126437 0.5942307692307692 0.2988505747126437
0 0.6423076923076924 0.3390804597701149 0.6423076923076924 0.34051724137931033 0.6634615384615384 0.34051724137931033 0.6634615384615384 0.3390804597701149 0.6423076923076924 0.3390804597701149
0 0.6307692307692307 0.48563218390804597 0.6307692307692307 0.4870689655172414 0.6442307692307693 0.4870689655172414 0.6442307692307693 0.48563218390804597 0.6307692307692307 0.48563218390804597
0 1.0615384615384615 0.45545977011494254 1.0615384615384615 0.45689655172413796 1.075 0.45689655172413796 1.075 0.45545977011494254 1.0615384615384615 0.45545977011494254
0 0.4288461538461538 0.17959770114942528 0.4288461538461538 0.1810344827586207 0.4403846153846154 0.1810344827586207 0.4403846153846154 0.17959770114942528 0.4288461538461538 0.17959770114942528
0 1.3365384615384615 0.7011494252873564 1.3365384615384615 0.7025862068965517 1.3384615384615384 0.7025862068965517 1.3384615384615384 0.7011494252873564 1.3365384615384615 0.7011494252873564
0 0.046153846153846156 0.2672413793103448 0.046153846153846156 0.2686781609195402 0.04807692307692308 0.2686781609195402 0.04807692307692308 0.2672413793103448 0.046153846153846156 0.2672413793103448
0 0.4307692307692308 0.27729885057471265 0.4307692307692308 0.27873563218390807 0.43653846153846154 0.27873563218390807 0.43653846153846154 0.27729885057471265 0.4307692307692308 0.27729885057471265
0 0.4980769230769231 0.40373563218390807 0.4980769230769231 0.4051724137931034 0.5038461538461538 0.4051724137931034 0.5038461538461538 0.40373563218390807 0.4980769230769231 0.40373563218390807
0 1.0403846153846155 0.728448275862069 1.0403846153846155 0.7298850574712644 1.051923076923077 0.7298850574712644 1.051923076923077 0.728448275862069 1.0403846153846155 0.728448275862069
0 0.525 0.47270114942528735 0.525 0.47413793103448276 0.5576923076923077 0.47413793103448276 0.5576923076923077 0.47270114942528735 0.525 0.47270114942528735
0 1.0711538461538461 0.11206896551724138 1.0711538461538461 0.11350574712643678 1.0788461538461538 0.11350574712643678 1.0788461538461538 0.11206896551724138 1.0711538461538461 0.11206896551724138
0 0.0 0.5014367816091954 0.0 0.5028735632183908 0.009615384615384616 0.5028735632183908 0.009615384615384616 0.5014367816091954 0.0 0.5014367816091954
0 0.6442307692307693 0.40948275862068967 0.6442307692307693 0.4109195402298851 0.6673076923076923 0.4109195402298851 0.6673076923076923 0.40948275862068967 0.6442307692307693 0.40948275862068967
0 0.6288461538461538 0.08045977011494253 0.6288461538461538 0.08189655172413793 0.6365384615384615 0.08189655172413793 0.6365384615384615 0.08045977011494253 0.6288461538461538 0.08045977011494253
0 1.251923076923077 0.5977011494252874 1.251923076923077 0.5991379310344828 1.2673076923076922 0.5991379310344828 1.2673076923076922 0.5977011494252874 1.251923076923077 0.5977011494252874
0 0.015384615384615385 0.0 0.015384615384615385 0.0014367816091954023 0.08076923076923077 0.0014367816091954023 0.08076923076923077 0.0 0.015384615384615385 0.0
0 1.2384615384615385 0.39511494252873564 1.2384615384615385 0.39655172413793105 1.2615384615384615 0.39655172413793105 1.2615384615384615 0.39511494252873564 1.2384615384615385 0.39511494252873564
0 1.0 0.3275862068965517 1.0 0.3290229885057471 1.0096153846153846 0.3290229885057471 1.0096153846153846 0.3275862068965517 1.0 0.3275862068965517
0 1.2788461538461537 0.41235632183908044 1.2788461538461537 0.41379310344827586 1.2903846153846155 0.41379310344827586 1.2903846153846155 0.41235632183908044 1.2788461538461537 0.41235632183908044
0 0.09230769230769231 0.14511494252873564 0.09230769230769231 0.14655172413793102 0.1 0.14655172413793102 0.1 0.14511494252873564 0.09230769230769231 0.14511494252873564
0 1.2461538461538462 0.7341954022988506 1.2461538461538462 0.735632183908046 1.2634615384615384 0.735632183908046 1.2634615384615384 0.7341954022988506 1.2461538461538462 0.7341954022988506
0 0.013461538461538462 0.23563218390804597 0.013461538461538462 0.23706896551724138 0.032692307692307694 0.23706896551724138 0.032692307692307694 0.23563218390804597 0.013461538461538462 0.23563218390804597
0 1.2 0.3175287356321839 1.2 0.31896551724137934 1.2038461538461538 0.31896551724137934 1.2038461538461538 0.3175287356321839 1.2 0.3175287356321839
0 0.40192307692307694 0.1997126436781609 0.40192307692307694 0.20114942528735633 0.4230769230769231 0.20114942528735633 0.4230769230769231 0.1997126436781609 0.40192307692307694 0.1997126436781609
0 1.0480769230769231 0.1724137931034483 1.0480769230769231 0.17385057471264367 1.0673076923076923 0.17385057471264367 1.0673076923076923 0.1724137931034483 1.0480769230769231 0.1724137931034483
0 1.2192307692307693 0.35344827586206895 1.2192307692307693 0.35488505747126436 1.2307692307692308 0.35488505747126436 1.2307692307692308 0.35344827586206895 1.2192307692307693 0.35344827586206895
0 0.6076923076923076 0.6077586206896551 0.6076923076923076 0.6091954022988506 0.6115384615384616 0.6091954022988506 0.6115384615384616 0.6077586206896551 0.6076923076923076 0.6077586206896551
0 0.28846153846153844 0.27729885057471265 0.28846153846153844 0.27873563218390807 0.3096153846153846 0.27873563218390807 0.3096153846153846 0.27729885057471265 0.28846153846153844 0.27729885057471265
0 0.6134615384615385 0.0 0.6134615384615385 0.0014367816091954023 0.6346153846153846 0.0014367816091954023 0.6346153846153846 0.0 0.6134615384615385 0.0
0 0.9615384615384616 0.7212643678160919 0.9615384615384616 0.7227011494252874 0.975 0.7227011494252874 0.975 0.7212643678160919 0.9615384615384616 0.7212643678160919
0 0.9461538461538461 0.21264367816091953 0.9461538461538461 0.21408045977011494 0.9673076923076923 0.21408045977011494 0.9673076923076923 0.21264367816091953 0.9461538461538461 0.21264367816091953
0 0.7211538461538461 0.40086206896551724 0.7211538461538461 0.40229885057471265 0.7307692307692307 0.40229885057471265 0.7307692307692307 0.40086206896551724 0.7211538461538461 0.40086206896551724
0 0.013461538461538462 0.6824712643678161 0.013461538461538462 0.6839080459770115 0.01730769230769231 0.6839080459770115 0.01730769230769231 0.6824712643678161 0.013461538461538462 0.6824712643678161
0 1.1346153846153846 0.6149425287356322 1.1346153846153846 0.6163793103448276 1.1384615384615384 0.6163793103448276 1.1384615384615384 0.6149425287356322 1.1346153846153846 0.6149425287356322
0 0.028846153846153848 0.7155172413793104 0.028846153846153848 0.7169540229885057 0.04038461538461539 0.7169540229885057 0.04038461538461539 0.7155172413793104 0.028846153846153848 0.7155172413793104
0 0.27884615384615385 0.7083333333333334 0.27884615384615385 0.7097701149425287 0.28846153846153844 0.7097701149425287 0.28846153846153844 0.7083333333333334 0.27884615384615385 0.7083333333333334
0 1.0788461538461538 0.08045977011494253 1.0788461538461538 0.08189655172413793 1.0961538461538463 0.08189655172413793 1.0961538461538463 0.08045977011494253 1.0788461538461538 0.08045977011494253
0 0.23846153846153847 0.17959770114942528 0.23846153846153847 0.1810344827586207 0.24807692307692308 0.1810344827586207 0.24807692307692308 0.17959770114942528 0.23846153846153847 0.17959770114942528
0 0.9153846153846154 0.33477011494252873 0.9153846153846154 0.33620689655172414 0.9288461538461539 0.33620689655172414 0.9288461538461539 0.33477011494252873 0.9153846153846154 0.33477011494252873
0 0.08269230769230769 0.14367816091954022 0.08269230769230769 0.14511494252873564 0.11153846153846154 0.14511494252873564 0.11153846153846154 0.14367816091954022 0.08269230769230769 0.14367816091954022
0 0.75 0.5172413793103449 0.75 0.5186781609195402 0.7576923076923077 0.5186781609195402 0.7576923076923077 0.5172413793103449 0.75 0.5172413793103449
0 0.7634615384615384 0.5876436781609196 0.7634615384615384 0.5890804597701149 0.7865384615384615 0.5890804597701149 0.7865384615384615 0.5876436781609196 0.7634615384615384 0.5876436781609196
0 0.33076923076923076 0.639367816091954 0.33076923076923076 0.6408045977011494 0.34423076923076923 0.6408045977011494 0.34423076923076923 0.639367816091954 0.33076923076923076 0.639367816091954
0 0.6461538461538462 0.0603448275862069 0.6461538461538462 0.0617816091954023 0.6653846153846154 0.0617816091954023 0.6653846153846154 0.0603448275862069 0.6461538461538462 0.0603448275862069
0 1.3307692307692307 0.3117816091954023 1.3307692307692307 0.3132183908045977 1.3384615384615384 0.3132183908045977 1.3384615384615384 0.3117816091954023 1.3307692307692307 0.3117816091954023
0 0.7057692307692308 0.05603448275862069 0.7057692307692308 0.05747126436781609 0.7115384615384616 0.05747126436781609 0.7115384615384616 0.05603448275862069 0.7057692307692308 0.05603448275862069
0 0.4980769230769231 0.07040229885057471 0.4980769230769231 0.07183908045977011 0.5096153846153846 0.07183908045977011 0.5096153846153846 0.07040229885057471 0.4980769230769231 0.07040229885057471
0 0.8115384615384615 0.23132183908045978 0.8115384615384615 0.23275862068965517 0.823076923076923 0.23275862068965517 0.823076923076923 0.23132183908045978 0.8115384615384615 0.23132183908045978
0 0.17307692307692307 0.3160919540229885 0.17307692307692307 0.3175287356321839 0.17692307692307693 0.3175287356321839 0.17692307692307693 0.3160919540229885 0.17307692307692307 0.3160919540229885
0 1.2 0.23706896551724138 1.2 0.23850574712643677 1.2057692307692307 0.23850574712643677 1.2057692307692307 0.23706896551724138 1.2 0.23706896551724138
0 0.16153846153846155 0.22126436781609196 0.16153846153846155 0.22270114942528735 0.17884615384615385 0.22270114942528735 0.17884615384615385 0.22126436781609196 0.16153846153846155 0.22126436781609196
0 1.1653846153846155 0.1752873563218391 1.1653846153846155 0.17672413793103448 1.176923076923077 0.17672413793103448 1.176923076923077 0.1752873563218391 1.1653846153846155 0.1752873563218391
0 0.075 0.6666666666666666 0.075 0.6681034482758621 0.09230769230769231 0.6681034482758621 0.09230769230769231 0.6666666666666666 0.075 0.6666666666666666
0 0.25769230769230766 0.7097701149425287 0.25769230769230766 0.7112068965517241 0.2673076923076923 0.7112068965517241 0.2673076923076923 0.7097701149425287 0.25769230769230766 0.7097701149425287
0 0.03076923076923077 0.1781609195402299 0.03076923076923077 0.17959770114942528 0.03461538461538462 0.17959770114942528 0.03461538461538462 0.1781609195402299 0.03076923076923077 0.1781609195402299
0 0.6076923076923076 0.5316091954022989 0.6076923076923076 0.5330459770114943 0.6134615384615385 0.5330459770114943 0.6134615384615385 0.5316091954022989 0.6076923076923076 0.5316091954022989
0 0.9019230769230769 0.5258620689655172 0.9019230769230769 0.5272988505747126 0.9153846153846154 0.5272988505747126 0.9153846153846154 0.5258620689655172 0.9019230769230769 0.5258620689655172
0 0.19038461538461537 0.6968390804597702 0.19038461538461537 0.6982758620689655 0.2076923076923077 0.6982758620689655 0.2076923076923077 0.6968390804597702 0.19038461538461537 0.6968390804597702
0 1.0980769230769232 0.07758620689655173 1.0980769230769232 0.07902298850574713 1.1115384615384616 0.07902298850574713 1.1115384615384616 0.07758620689655173 1.0980769230769232 0.07758620689655173
0 0.15 0.4396551724137931 0.15 0.4410919540229885 0.16153846153846155 0.4410919540229885 0.16153846153846155 0.4396551724137931 0.15 0.4396551724137931
0 0.5788461538461539 0.39080459770114945 0.5788461538461539 0.3922413793103448 0.5846153846153846 0.3922413793103448 0.5846153846153846 0.39080459770114945 0.5788461538461539 0.39080459770114945
0 1.3365384615384615 0.6293103448275862 1.3365384615384615 0.6307471264367817 1.3384615384615384 0.6307471264367817 1.3384615384615384 0.6293103448275862 1.3365384615384615 0.6293103448275862
0 1.1211538461538462 0.3031609195402299 1.1211538461538462 0.3045977011494253 1.1365384615384615 0.3045977011494253 1.1365384615384615 0.3031609195402299 1.1211538461538462 0.3031609195402299
0 1.1826923076923077 0.6522988505747126 1.1826923076923077 0.6537356321839081 1.1903846153846154 0.6537356321839081 1.1903846153846154 0.6522988505747126 1.1826923076923077 0.6522988505747126
0 1.1788461538461539 0.3807471264367816 1.1788461538461539 0.382183908045977 1.2173076923076922 0.382183908045977 1.2173076923076922 0.3807471264367816 1.1788461538461539 0.3807471264367816
0 0.17307692307692307 0.40373563218390807 0.17307692307692307 0.4051724137931034 0.17692307692307693 0.4051724137931034 0.17692307692307693 0.40373563218390807 0.17307692307692307 0.40373563218390807
0 0.6115384615384616 0.3045977011494253 0.6115384615384616 0.30603448275862066 0.6288461538461538 0.30603448275862066 0.6288461538461538 0.3045977011494253 0.6115384615384616 0.3045977011494253
0 0.7846153846153846 0.7025862068965517 0.7846153846153846 0.7040229885057471 0.801923076923077 0.7040229885057471 0.801923076923077 0.7025862068965517 0.7846153846153846 0.7025862068965517
0 0.9384615384615385 0.2916666666666667 0.9384615384615385 0.29310344827586204 0.9634615384615385 0.29310344827586204 0.9634615384615385 0.2916666666666667 0.9384615384615385 0.2916666666666667
0 1.2596153846153846 0.29310344827586204 1.2596153846153846 0.29454022988505746 1.3 0.29454022988505746 1.3 0.29310344827586204 1.2596153846153846 0.29310344827586204
0 0.25961538461538464 0.1336206896551724 0.25961538461538464 0.13505747126436782 0.27307692307692305 0.13505747126436782 0.27307692307692305 0.1336206896551724 0.25961538461538464 0.1336206896551724
0 1.0596153846153846 0.6925287356321839 1.0596153846153846 0.6939655172413793 1.0807692307692307 0.6939655172413793 1.0807692307692307 0.6925287356321839 1.0596153846153846 0.6925287356321839
0 0.4673076923076923 0.1752873563218391 0.4673076923076923 0.17672413793103448 0.47884615384615387 0.17672413793103448 0.47884615384615387 0.1752873563218391 0.4673076923076923 0.1752873563218391
0 0.40384615384615385 0.3793103448275862 0.40384615384615385 0.3807471264367816 0.4096153846153846 0.3807471264367816 0.4096153846153846 0.3793103448275862 0.40384615384615385 0.3793103448275862
0 0.19807692307692307 0.27011494252873564 0.19807692307692307 0.27155172413793105 0.21346153846153845 0.27155172413793105 0.21346153846153845 0.27011494252873564 0.19807692307692307 0.27011494252873564
0 0.9884615384615385 0.5962643678160919 0.9884615384615385 0.5977011494252874 1.0057692307692307 0.5977011494252874 1.0057692307692307 0.5962643678160919 0.9884615384615385 0.5962643678160919
0 0.35 0.0 0.35 0.0014367816091954023 0.38076923076923075 0.0014367816091954023 0.38076923076923075 0.0 0.35 0.0
0 0.7288461538461538 0.5488505747126436 0.7288461538461538 0.5502873563218391 0.7365384615384616 0.5502873563218391 0.7365384615384616 0.5488505747126436 0.7288461538461538 0.5488505747126436
0 0.35192307692307695 0.7385057471264368 0.35192307692307695 0.7399425287356322 0.36346153846153845 0.7399425287356322 0.36346153846153845 0.7385057471264368 0.35192307692307695 0.7385057471264368
0 0.9173076923076923 0.1853448275862069 0.9173076923076923 0.1867816091954023 0.9307692307692308 0.1867816091954023 0.9307692307692308 0.1853448275862069 0.9173076923076923 0.1853448275862069
0 0.5115384615384615 0.6135057471264368 0.5115384615384615 0.6149425287356322 0.5211538461538462 0.6149425287356322 0.5211538461538462 0.6135057471264368 0.5115384615384615 0.6135057471264368
0 0.9711538461538461 0.34913793103448276 0.9711538461538461 0.3505747126436782 0.9788461538461538 0.3505747126436782 0.9788461538461538 0.34913793103448276 0.9711538461538461 0.34913793103448276
0 1.103846153846154 0.7183908045977011 1.103846153846154 0.7198275862068966 1.1211538461538462 0.7198275862068966 1.1211538461538462 0.7183908045977011 1.103846153846154 0.7183908045977011
0 0.19038461538461537 0.7298850574712644 0.19038461538461537 0.7313218390804598 0.22115384615384615 0.7313218390804598 0.22115384615384615 0.7298850574712644 0.19038461538461537 0.7298850574712644
0 0.09230769230769231 0.07471264367816093 0.09230769230769231 0.07614942528735633 0.11346153846153846 0.07614942528735633 0.11346153846153846 0.07471264367816093 0.09230769230769231 0.07471264367816093
0 0.26346153846153847 0.610632183908046 0.26346153846153847 0.6120689655172413 0.275 0.6120689655172413 0.275 0.610632183908046 0.26346153846153847 0.610632183908046
0 1.0288461538461537 0.3017241379310345 1.0288461538461537 0.3031609195402299 1.05 0.3031609195402299 1.05 0.3017241379310345 1.0288461538461537 0.3017241379310345
0 1.2346153846153847 0.015804597701149427 1.2346153846153847 0.017241379310344827 1.2403846153846154 0.017241379310344827 1.2403846153846154 0.015804597701149427 1.2346153846153847 0.015804597701149427
0 1.3288461538461538 0.15229885057471265 1.3288461538461538 0.15373563218390804 1.3384615384615384 0.15373563218390804 1.3384615384615384 0.15229885057471265 1.3288461538461538 0.15229885057471265
0 1.1711538461538462 0.1910919540229885 1.1711538461538462 0.1925287356321839 1.1846153846153846 0.1925287356321839 1.1846153846153846 0.1910919540229885 1.1711538461538462 0.1910919540229885
0 0.7307692307692307 0.09339080459770115 0.7307692307692307 0.09482758620689655 0.7403846153846154 0.09482758620689655 0.7403846153846154 0.09339080459770115 0.7307692307692307 0.09339080459770115
0 0.8307692307692308 0.2686781609195402 0.8307692307692308 0.27011494252873564 0.8442307692307692 0.27011494252873564 0.8442307692307692 0.2686781609195402 0.8307692307692308 0.2686781609195402
0 0.9384615384615385 0.11206896551724138 0.9384615384615385 0.11350574712643678 0.9423076923076923 0.11350574712643678 0.9423076923076923 0.11206896551724138 0.9384615384615385 0.11206896551724138
0 0.20961538461538462 0.20833333333333334 0.20961538461538462 0.20977011494252873 0.23076923076923078 0.20977011494252873 0.23076923076923078 0.20833333333333334 0.20961538461538462 0.20833333333333334
0 0.5096153846153846 0.23706896551724138 0.5096153846153846 0.23850574712643677 0.525 0.23850574712643677 0.525 0.23706896551724138 0.5096153846153846 0.23706896551724138
0 0.038461538461538464 0.07327586206896551 0.038461538461538464 0.07471264367816093 0.046153846153846156 0.07471264367816093 0.046153846153846156 0.07327586206896551 0.038461538461538464 0.07327586206896551
0 0.5326923076923077 0.22270114942528735 0.5326923076923077 0.22413793103448276 0.5384615384615384 0.22413793103448276 0.5384615384615384 0.22270114942528735 0.5326923076923077 0.22270114942528735
0 0.19807692307692307 0.492816091954023 0.19807692307692307 0.4942528735632184 0.20576923076923076 0.4942528735632184 0.20576923076923076 0.492816091954023 0.19807692307692307 0.492816091954023
0 0.573076923076923 0.09913793103448276 0.573076923076923 0.10057471264367816 0.5846153846153846 0.10057471264367816 0.5846153846153846 0.09913793103448276 0.573076923076923 0.09913793103448276
0 0.3769230769230769 0.15517241379310345 0.3769230769230769 0.15660919540229884 0.38076923076923075 0.15660919540229884 0.38076923076923075 0.15517241379310345 0.3769230769230769 0.15517241379310345
0 0.4846153846153846 0.05890804597701149 0.4846153846153846 0.0603448275862069 0.49615384615384617 0.0603448275862069 0.49615384615384617 0.05890804597701149 0.4846153846153846 0.05890804597701149
0 0.2230769230769231 0.5704022988505747 0.2230769230769231 0.5718390804597702 0.2423076923076923 0.5718390804597702 0.2423076923076923 0.5704022988505747 0.2230769230769231 0.5704022988505747
0 0.45576923076923076 0.09482758620689655 0.45576923076923076 0.09626436781609195 0.47115384615384615 0.09626436781609195 0.47115384615384615 0.09482758620689655 0.45576923076923076 0.09482758620689655
0 0.6480769230769231 0.08620689655172414 0.6480769230769231 0.08764367816091954 0.6711538461538461 0.08764367816091954 0.6711538461538461 0.08620689655172414 0.6480769230769231 0.08620689655172414
0 0.29423076923076924 0.3635057471264368 0.29423076923076924 0.3649425287356322 0.3211538461538462 0.3649425287356322 0.3211538461538462 0.3635057471264368 0.29423076923076924 0.3635057471264368
0 1.0 0.3635057471264368 1.0 0.3649425287356322 1.0057692307692307 0.3649425287356322 1.0057692307692307 0.3635057471264368 1.0 0.3635057471264368
0 0.5846153846153846 0.42528735632183906 0.5846153846153846 0.4267241379310345 0.6019230769230769 0.4267241379310345 0.6019230769230769 0.42528735632183906 0.5846153846153846 0.42528735632183906
0 0.4442307692307692 0.6479885057471264 0.4442307692307692 0.6494252873563219 0.47692307692307695 0.6494252873563219 0.47692307692307695 0.6479885057471264 0.4442307692307692 0.6479885057471264
0 0.026923076923076925 0.6882183908045977 0.026923076923076925 0.6896551724137931 0.04230769230769231 0.6896551724137931 0.04230769230769231 0.6882183908045977 0.026923076923076925 0.6882183908045977
0 0.5903846153846154 0.514367816091954 0.5903846153846154 0.5158045977011494 0.5980769230769231 0.5158045977011494 0.5980769230769231 0.514367816091954 0.5903846153846154 0.514367816091954
0 0.9173076923076923 0.6479885057471264 0.9173076923076923 0.6494252873563219 0.9423076923076923 0.6494252873563219 0.9423076923076923 0.6479885057471264 0.9173076923076923 0.6479885057471264
0 1.101923076923077 0.31896551724137934 1.101923076923077 0.3204022988505747 1.1173076923076923 0.3204022988505747 1.1173076923076923 0.31896551724137934 1.101923076923077 0.31896551724137934
0 0.7846153846153846 0.492816091954023 0.7846153846153846 0.4942528735632184 0.825 0.4942528735632184 0.825 0.492816091954023 0.7846153846153846 0.492816091954023
0 0.55 0.47413793103448276 0.55 0.4755747126436782 0.5596153846153846 0.4755747126436782 0.5596153846153846 0.47413793103448276 0.55 0.47413793103448276
0 0.6923076923076923 0.6163793103448276 0.6923076923076923 0.617816091954023 0.7038461538461539 0.617816091954023 0.7038461538461539 0.6163793103448276 0.6923076923076923 0.6163793103448276
0 1.1884615384615385 0.04310344827586207 1.1884615384615385 0.04454022988505747 1.198076923076923 0.04454022988505747 1.198076923076923 0.04310344827586207 1.1884615384615385 0.04310344827586207
0 0.025 0.4813218390804598 0.025 0.4827586206896552 0.03653846153846154 0.4827586206896552 0.03653846153846154 0.4813218390804598 0.025 0.4813218390804598
0 0.3596153846153846 0.10919540229885058 0.3596153846153846 0.11063218390804598 0.37884615384615383 0.11063218390804598 0.37884615384615383 0.10919540229885058 0.3596153846153846 0.10919540229885058
0 0.20961538461538462 0.15804597701149425 0.20961538461538462 0.15948275862068967 0.23076923076923078 0.15948275862068967 0.23076923076923078 0.15804597701149425 0.20961538461538462 0.15804597701149425
0 0.5307692307692308 0.007183908045977011 0.5307692307692308 0.008620689655172414 0.55 0.008620689655172414 0.55 0.007183908045977011 0.5307692307692308 0.007183908045977011
0 0.27307692307692305 0.4511494252873563 0.27307692307692305 0.4525862068965517 0.2846153846153846 0.4525862068965517 0.2846153846153846 0.4511494252873563 0.27307692307692305 0.4511494252873563
0 0.8711538461538462 0.027298850574712645 0.8711538461538462 0.028735632183908046 0.875 0.028735632183908046 0.875 0.027298850574712645 0.8711538461538462 0.027298850574712645
0 1.1807692307692308 0.22988505747126436 1.1807692307692308 0.23132183908045978 1.198076923076923 0.23132183908045978 1.198076923076923 0.22988505747126436 1.1807692307692308 0.22988505747126436
0 0.45384615384615384 0.028735632183908046 0.45384615384615384 0.03017241379310345 0.4596153846153846 0.03017241379310345 0.4596153846153846 0.028735632183908046 0.45384615384615384 0.028735632183908046
0 0.06346153846153846 0.2916666666666667 0.06346153846153846 0.29310344827586204 0.075 0.29310344827586204 0.075 0.2916666666666667 0.06346153846153846 0.2916666666666667
0 0.8480769230769231 0.6091954022988506 0.8480769230769231 0.610632183908046 0.8615384615384616 0.610632183908046 0.8615384615384616 0.6091954022988506 0.8480769230769231 0.6091954022988506
0 0.26153846153846155 0.6594827586206896 0.26153846153846155 0.6609195402298851 0.2903846153846154 0.6609195402298851 0.2903846153846154 0.6594827586206896 0.26153846153846155 0.6594827586206896
0 0.8730769230769231 0.49137931034482757 0.8730769230769231 0.492816091954023 0.8846153846153846 0.492816091954023 0.8846153846153846 0.49137931034482757 0.8730769230769231 0.49137931034482757
0 0.025 0.6163793103448276 0.025 0.617816091954023 0.04230769230769231 0.617816091954023 0.04230769230769231 0.6163793103448276 0.025 0.6163793103448276
0 1.0673076923076923 0.3577586206896552 1.0673076923076923 0.35919540229885055 1.0826923076923076 0.35919540229885055 1.0826923076923076 0.3577586206896552 1.0673076923076923 0.3577586206896552