0 0.0546875 0.665625 0.0546875 0.66875 0.0703125 0.66875 0.0703125 0.665625 0.0546875 0.665625
0 1.23828125 0.55625 1.23828125 0.559375 1.25 0.559375 1.25 0.55625 1.23828125 0.55625
0 0.33203125 0.55625 0.33203125 0.559375 0.36328125 0.559375 0.36328125 0.55625 0.33203125 0.55625
0 0.19921875 0.70625 0.19921875 0.709375 0.21484375 0.709375 0.21484375 0.70625 0.19921875 0.70625
0 1.14453125 0.6875 1.14453125 0.690625 1.16796875 0.690625 1.16796875 0.6875 1.14453125 0.6875
0 0.76953125 0.575 0.76953125 0.578125 0.78515625 0.578125 0.78515625 0.575 0.76953125 0.575
0 0.89453125 0.76875 0.89453125 0.771875 0.921875 0.771875 0.921875 0.76875 0.89453125 0.76875
0 0.08203125 0.76875 0.08203125 0.771875 0.10546875 0.771875 0.10546875 0.76875 0.08203125 0.76875
0 0.55859375 0.771875 0.55859375 0.775 0.6328125 0.775 0.6328125 0.771875 0.55859375 0.771875
0 0.9375 0.778125 0.9375 0.78125 0.95703125 0.78125 0.95703125 0.778125 0.9375 0.778125
0 0.5703125 0.075 0.5703125 0.078125 0.59375 0.078125 0.59375 0.075 0.5703125 0.075
0 0.99609375 0.275 0.99609375 0.278125 1.0 0.278125 1.0 0.275 0.99609375 0.275
0 0.015625 0.0 0.015625 0.003125 0.1953125 0.003125 0.1953125 0.0 0.015625 0.0
0 0.5078125 0.265625 0.5078125 0.26875 0.54296875 0.26875 0.54296875 0.265625 0.5078125 0.265625
0 0.93359375 0.14375 0.93359375 0.146875 0.96484375 0.146875 0.96484375 0.14375 0.93359375 0.14375
0 0.3203125 0.43125 0.3203125 0.434375 0.34375 0.434375 0.34375 0.43125 0.3203125 0.43125
0 0.57421875 0.48125 0.57421875 0.484375 0.61328125 0.484375 0.61328125 0.48125 0.57421875 0.48125
0 0.9296875 0.025 0.9296875 0.028125 0.94140625 0.028125 0.94140625 0.025 0.9296875 0.025
0 0.53515625 0.39375 0.53515625 0.396875 0.55859375 0.396875 0.55859375 0.39375 0.53515625 0.39375
0 0.50390625 0.015625 0.50390625 0.01875 0.546875 0.01875 0.546875 0.015625 0.50390625 0.015625
0 0.23828125 0.7875 0.23828125 0.790625 0.25390625 0.790625 0.25390625 0.7875 0.23828125 0.7875
0 0.83203125 0.609375 0.83203125 0.6125 0.84765625 0.6125 0.84765625 0.609375 0.83203125 0.609375
0 0.90625 0.7625 0.90625 0.765625 0.9296875 0.765625 0.9296875 0.7625 0.90625 0.7625
0 0.47265625 0.0 0.47265625 0.003125 0.5625 0.003125 0.5625 0.0 0.47265625 0.0
0 0.50390625 0.609375 0.50390625 0.6125 0.5234375 0.6125 0.5234375 0.609375 0.50390625 0.609375
0 0.2890625 0.76875 0.2890625 0.771875 0.3125 0.771875 0.3125 0.76875 0.2890625 0.76875
0 1.0234375 0.515625 1.0234375 0.51875 1.0546875 0.51875 1.0546875 0.515625 1.0234375 0.515625
0 0.1484375 0.18125 0.1484375 0.184375 0.1953125 0.184375 0.1953125 0.18125 0.1484375 0.18125
0 0.5078125 0.21875 0.5078125 0.221875 0.5234375 0.221875 0.5234375 0.21875 0.5078125 0.21875
0 0.1171875 0.58125 0.1171875 0.584375 0.140625 0.584375 0.140625 0.58125 0.1171875 0.58125
0 0.359375 0.69375 0.359375 0.696875 0.37890625 0.696875 0.37890625 0.69375 0.359375 0.69375
0 0.29296875 0.58125 0.29296875 0.584375 0.3046875 0.584375 0.3046875 0.58125 0.29296875 0.58125