0 1.248076923076923 0.6206896551724138 1.248076923076923 0.6221264367816092 1.2576923076923077 0.6221264367816092 1.2576923076923077 0.6206896551724138 1.248076923076923 0.6206896551724138
0 1.0826923076923076 0.040229885057471264 1.0826923076923076 0.041666666666666664 1.1096153846153847 0.041666666666666664 1.1096153846153847 0.040229885057471264 1.0826923076923076 0.040229885057471264
0 0.7288461538461538 0.34195402298850575 0.7288461538461538 0.34339080459770116 0.7423076923076923 0.34339080459770116 0.7423076923076923 0.34195402298850575 0.7288461538461538 0.34195402298850575
0 0.7134615384615385 0.4339080459770115 0.7134615384615385 0.4353448275862069 0.725 0.4353448275862069 0.725 0.4339080459770115 0.7134615384615385 0.4339080459770115
0 0.40192307692307694 0.20833333333333334 0.40192307692307694 0.20977011494252873 0.41346153846153844 0.20977011494252873 0.41346153846153844 0.20833333333333334 0.40192307692307694 0.20833333333333334
0 0.11923076923076924 0.6422413793103449 0.11923076923076924 0.6436781609195402 0.12692307692307692 0.6436781609195402 0.12692307692307692 0.6422413793103449 0.11923076923076924 0.6422413793103449
0 0.5365384615384615 0.5459770114942529 0.5365384615384615 0.5474137931034483 0.5423076923076923 0.5474137931034483 0.5423076923076923 0.5459770114942529 0.5365384615384615 0.5459770114942529
0 0.275 0.017241379310344827 0.275 0.01867816091954023 0.2923076923076923 0.01867816091954023 0.2923076923076923 0.017241379310344827 0.275 0.017241379310344827
0 1.3346153846153845 0.41954022988505746 1.3346153846153845 0.4209770114942529 1.3384615384615384 0.4209770114942529 1.3384615384615384 0.41954022988505746 1.3346153846153845 0.41954022988505746
0 0.37115384615384617 0.6939655172413793 0.37115384615384617 0.6954022988505747 0.38076923076923075 0.6954022988505747 0.38076923076923075 0.6939655172413793 0.37115384615384617 0.6939655172413793
0 0.10961538461538461 0.46264367816091956 0.10961538461538461 0.4640804597701149 0.11538461538461539 0.4640804597701149 0.11538461538461539 0.46264367816091956 0.10961538461538461 0.46264367816091956
0 1.2615384615384615 0.3045977011494253 1.2615384615384615 0.30603448275862066 1.2807692307692307 0.30603448275862066 1.2807692307692307 0.3045977011494253 1.2615384615384615 0.3045977011494253
0 0.801923076923077 0.3218390804597701 0.801923076923077 0.3232758620689655 0.8153846153846154 0.3232758620689655 0.8153846153846154 0.3218390804597701 0.801923076923077 0.3218390804597701
0 1.1326923076923077 0.6681034482758621 1.1326923076923077 0.6695402298850575 1.1365384615384615 0.6695402298850575 1.1365384615384615 0.6681034482758621 1.1326923076923077 0.6681034482758621
0 0.8826923076923077 0.1867816091954023 0.8826923076923077 0.1882183908045977 0.8865384615384615 0.1882183908045977 0.8865384615384615 0.1867816091954023 0.8826923076923077 0.1867816091954023
0 0.47692307692307695 0.22270114942528735 0.47692307692307695 0.22413793103448276 0.5 0.22413793103448276 0.5 0.22270114942528735 0.47692307692307695 0.22270114942528735
0 0.7019230769230769 0.10775862068965517 0.7019230769230769 0.10919540229885058 0.7153846153846154 0.10919540229885058 0.7153846153846154 0.10775862068965517 0.7019230769230769 0.10775862068965517
0 0.425 0.005747126436781609 0.425 0.007183908045977011 0.43653846153846154 0.007183908045977011 0.43653846153846154 0.005747126436781609 0.425 0.005747126436781609
0 0.6634615384615384 0.07327586206896551 0.6634615384615384 0.07471264367816093 0.6865384615384615 0.07471264367816093 0.6865384615384615 0.07327586206896551 0.6634615384615384 0.07327586206896551
0 0.7173076923076923 0.26436781609195403 0.7173076923076923 0.26580459770114945 0.7230769230769231 0.26580459770114945 0.7230769230769231 0.26436781609195403 0.7173076923076923 0.26436781609195403
0 0.6076923076923076 0.6551724137931034 0.6076923076923076 0.6566091954022989 0.6153846153846154 0.6566091954022989 0.6153846153846154 0.6551724137931034 0.6076923076923076 0.6551724137931034
0 0.8788461538461538 0.08045977011494253 0.8788461538461538 0.08189655172413793 0.8923076923076924 0.08189655172413793 0.8923076923076924 0.08045977011494253 0.8788461538461538 0.08045977011494253
0 0.55 0.7270114942528736 0.55 0.728448275862069 0.5653846153846154 0.728448275862069 0.5653846153846154 0.7270114942528736 0.55 0.7270114942528736
0 1.0307692307692307 0.5086206896551724 1.0307692307692307 0.5100574712643678 1.0442307692307693 0.5100574712643678 1.0442307692307693 0.5086206896551724 1.0307692307692307 0.5086206896551724
0 1.0634615384615385 0.4166666666666667 1.0634615384615385 0.41810344827586204 1.075 0.41810344827586204 1.075 0.4166666666666667 1.0634615384615385 0.4166666666666667
0 0.36923076923076925 0.6120689655172413 0.36923076923076925 0.6135057471264368 0.38846153846153847 0.6135057471264368 0.38846153846153847 0.6120689655172413 0.36923076923076925 0.6120689655172413
0 0.49423076923076925 0.10632183908045977 0.49423076923076925 0.10775862068965517 0.5019230769230769 0.10775862068965517 0.5019230769230769 0.10632183908045977 0.49423076923076925 0.10632183908045977
0 0.025 0.4468390804597701 0.025 0.4482758620689655 0.026923076923076925 0.4482758620689655 0.026923076923076925 0.4468390804597701 0.025 0.4468390804597701
0 0.8980769230769231 0.6939655172413793 0.8980769230769231 0.6954022988505747 0.9019230769230769 0.6954022988505747 0.9019230769230769 0.6939655172413793 0.8980769230769231 0.6939655172413793
0 0.7653846153846153 0.10201149425287356 0.7653846153846153 0.10344827586206896 0.7730769230769231 0.10344827586206896 0.7730769230769231 0.10201149425287356 0.7653846153846153 0.10201149425287356
0 0.11538461538461539 0.27586206896551724 0.11538461538461539 0.27729885057471265 0.12307692307692308 0.27729885057471265 0.12307692307692308 0.27586206896551724 0.11538461538461539 0.27586206896551724
0 0.8038461538461539 0.3448275862068966 0.8038461538461539 0.34626436781609193 0.8192307692307692 0.34626436781609193 0.8192307692307692 0.3448275862068966 0.8038461538461539 0.3448275862068966
0 1.1211538461538462 0.6451149425287356 1.1211538461538462 0.646551724137931 1.123076923076923 0.646551724137931 1.123076923076923 0.6451149425287356 1.1211538461538462 0.6451149425287356
0 1.075 0.40948275862068967 1.075 0.4109195402298851 1.0865384615384615 0.4109195402298851 1.0865384615384615 0.40948275862068967 1.075 0.40948275862068967
0 1.1288461538461538 0.5301724137931034 1.1288461538461538 0.5316091954022989 1.1365384615384615 0.5316091954022989 1.1365384615384615 0.5301724137931034 1.1288461538461538 0.5301724137931034
0 0.948076923076923 0.7370689655172413 0.948076923076923 0.7385057471264368 0.9711538461538461 0.7385057471264368 0.9711538461538461 0.7370689655172413 0.948076923076923 0.7370689655172413
0 0.13846153846153847 0.3577586206896552 0.13846153846153847 0.35919540229885055 0.15 0.35919540229885055 0.15 0.3577586206896552 0.13846153846153847 0.3577586206896552
0 0.8288461538461539 0.3879310344827586 0.8288461538461539 0.38936781609195403 0.8461538461538461 0.38936781609195403 0.8461538461538461 0.3879310344827586 0.8288461538461539 0.3879310344827586
0 0.7461538461538462 0.4899425287356322 0.7461538461538462 0.49137931034482757 0.7653846153846153 0.49137931034482757 0.7653846153846153 0.4899425287356322 0.7461538461538462 0.4899425287356322
0 0.26346153846153847 0.2413793103448276 0.26346153846153847 0.24281609195402298 0.27307692307692305 0.24281609195402298 0.27307692307692305 0.2413793103448276 0.26346153846153847 0.2413793103448276
0 0.6269230769230769 0.07902298850574713 0.6269230769230769 0.08045977011494253 0.6384615384615384 0.08045977011494253 0.6384615384615384 0.07902298850574713 0.6269230769230769 0.07902298850574713
0 0.4576923076923077 0.16522988505747127 0.4576923076923077 0.16666666666666666 0.4634615384615385 0.16666666666666666 0.4634615384615385 0.16522988505747127 0.4576923076923077 0.16522988505747127
0 0.675 0.3577586206896552 0.675 0.35919540229885055 0.6846153846153846 0.35919540229885055 0.6846153846153846 0.3577586206896552 0.675 0.3577586206896552
0 0.7692307692307693 0.7183908045977011 0.7692307692307693 0.7198275862068966 0.7788461538461539 0.7198275862068966 0.7788461538461539 0.7183908045977011 0.7692307692307693 0.7183908045977011
0 0.47692307692307695 0.6135057471264368 0.47692307692307695 0.6149425287356322 0.4846153846153846 0.6149425287356322 0.4846153846153846 0.6135057471264368 0.47692307692307695 0.6135057471264368
0 0.9153846153846154 0.21839080459770116 0.9153846153846154 0.21982758620689655 0.9288461538461539 0.21982758620689655 0.9288461538461539 0.21839080459770116 0.9153846153846154 0.21839080459770116
0 0.4673076923076923 0.035919540229885055 0.4673076923076923 0.03735632183908046 0.4807692307692308 0.03735632183908046 0.4807692307692308 0.035919540229885055 0.4673076923076923 0.035919540229885055
0 1.2 0.1235632183908046 1.2 0.125 1.2057692307692307 0.125 1.2057692307692307 0.1235632183908046 1.2 0.1235632183908046
0 0.7134615384615385 0.6278735632183908 0.7134615384615385 0.6293103448275862 0.7288461538461538 0.6293103448275862 0.7288461538461538 0.6278735632183908 0.7134615384615385 0.6278735632183908
0 1.1807692307692308 0.5086206896551724 1.1807692307692308 0.5100574712643678 1.1846153846153846 0.5100574712643678 1.1846153846153846 0.5086206896551724 1.1807692307692308 0.5086206896551724
0 0.8942307692307693 0.15517241379310345 0.8942307692307693 0.15660919540229884 0.9115384615384615 0.15660919540229884 0.9115384615384615 0.15517241379310345 0.8942307692307693 0.15517241379310345
0 0.8115384615384615 0.16522988505747127 0.8115384615384615 0.16666666666666666 0.8384615384615385 0.16666666666666666 0.8384615384615385 0.16522988505747127 0.8115384615384615 0.16522988505747127
0 0.9365384615384615 0.0 0.9365384615384615 0.0014367816091954023 0.9788461538461538 0.0014367816091954023 0.9788461538461538 0.0 0.9365384615384615 0.0
0 1.2442307692307693 0.48419540229885055 1.2442307692307693 0.48563218390804597 1.2538461538461538 0.48563218390804597 1.2538461538461538 0.48419540229885055 1.2442307692307693 0.48419540229885055
0 0.5480769230769231 0.7083333333333334 0.5480769230769231 0.7097701149425287 0.5596153846153846 0.7097701149425287 0.5596153846153846 0.7083333333333334 0.5480769230769231 0.7083333333333334
0 1.3269230769230769 0.514367816091954 1.3269230769230769 0.5158045977011494 1.3307692307692307 0.5158045977011494 1.3307692307692307 0.514367816091954 1.3269230769230769 0.514367816091954
0 1.1057692307692308 0.3218390804597701 1.1057692307692308 0.3232758620689655 1.1173076923076923 0.3232758620689655 1.1173076923076923 0.3218390804597701 1.1057692307692308 0.3218390804597701
0 1.1115384615384616 0.21264367816091953 1.1115384615384616 0.21408045977011494 1.1173076923076923 0.21408045977011494 1.1173076923076923 0.21264367816091953 1.1115384615384616 0.21264367816091953
0 1.3365384615384615 0.6508620689655172 1.3365384615384615 0.6522988505747126 1.3384615384615384 0.6522988505747126 1.3384615384615384 0.6508620689655172 1.3365384615384615 0.6508620689655172
0 0.6346153846153846 0.29310344827586204 0.6346153846153846 0.29454022988505746 0.6519230769230769 0.29454022988505746 0.6519230769230769 0.29310344827586204 0.6346153846153846 0.29310344827586204
0 1.0557692307692308 0.1221264367816092 1.0557692307692308 0.1235632183908046 1.0615384615384615 0.1235632183908046 1.0615384615384615 0.1221264367816092 1.0557692307692308 0.1221264367816092
0 1.2769230769230768 0.1968390804597701 1.2769230769230768 0.19827586206896552 1.2846153846153847 0.19827586206896552 1.2846153846153847 0.1968390804597701 1.2769230769230768 0.1968390804597701
0 1.1865384615384615 0.36063218390804597 1.1865384615384615 0.3620689655172414 1.2076923076923076 0.3620689655172414 1.2076923076923076 0.36063218390804597 1.1865384615384615 0.36063218390804597
0 0.3192307692307692 0.3764367816091954 0.3192307692307692 0.37787356321839083 0.3230769230769231 0.37787356321839083 0.3230769230769231 0.3764367816091954 0.3192307692307692 0.3764367816091954
0 0.7711538461538462 0.375 0.7711538461538462 0.3764367816091954 0.7769230769230769 0.3764367816091954 0.7769230769230769 0.375 0.7711538461538462 0.375
0 0.4153846153846154 0.44396551724137934 0.4153846153846154 0.4454022988505747 0.42115384615384616 0.4454022988505747 0.42115384615384616 0.44396551724137934 0.4153846153846154 0.44396551724137934
0 1.3153846153846154 0.21551724137931033 1.3153846153846154 0.21695402298850575 1.3288461538461538 0.21695402298850575 1.3288461538461538 0.21551724137931033 1.3153846153846154 0.21551724137931033
0 0.05961538461538462 0.13649425287356323 0.05961538461538462 0.13793103448275862 0.07307692307692308 0.13793103448275862 0.07307692307692308 0.13649425287356323 0.05961538461538462 0.13649425287356323
0 1.176923076923077 0.5862068965517241 1.176923076923077 0.5876436781609196 1.1826923076923077 0.5876436781609196 1.1826923076923077 0.5862068965517241 1.176923076923077 0.5862068965517241
0 0.38076923076923075 0.6149425287356322 0.38076923076923075 0.6163793103448276 0.4 0.6163793103448276 0.4 0.6149425287356322 0.38076923076923075 0.6149425287356322
0 0.575 0.1752873563218391 0.575 0.17672413793103448 0.5769230769230769 0.17672413793103448 0.5769230769230769 0.1752873563218391 0.575 0.1752873563218391
0 0.051923076923076926 0.625 0.051923076923076926 0.6264367816091954 0.0673076923076923 0.6264367816091954 0.0673076923076923 0.625 0.051923076923076926 0.625
0 0.9076923076923077 0.3649425287356322 0.9076923076923077 0.36637931034482757 0.9192307692307692 0.36637931034482757 0.9192307692307692 0.3649425287356322 0.9076923076923077 0.3649425287356322
0 1.1634615384615385 0.3103448275862069 1.1634615384615385 0.3117816091954023 1.1807692307692308 0.3117816091954023 1.1807692307692308 0.3103448275862069 1.1634615384615385 0.3103448275862069
0 1.0192307692307692 0.7327586206896551 1.0192307692307692 0.7341954022988506 1.0384615384615385 0.7341954022988506 1.0384615384615385 0.7327586206896551 1.0192307692307692 0.7327586206896551
0 0.9903846153846154 0.7341954022988506 0.9903846153846154 0.735632183908046 1.0038461538461538 0.735632183908046 1.0038461538461538 0.7341954022988506 0.9903846153846154 0.7341954022988506
0 0.06923076923076923 0.3074712643678161 0.06923076923076923 0.3089080459770115 0.07307692307692308 0.3089080459770115 0.07307692307692308 0.3074712643678161 0.06923076923076923 0.3074712643678161
0 1.0538461538461539 0.5459770114942529 1.0538461538461539 0.5474137931034483 1.0634615384615385 0.5474137931034483 1.0634615384615385 0.5459770114942529 1.0538461538461539 0.5459770114942529
0 1.251923076923077 0.492816091954023 1.251923076923077 0.4942528735632184 1.2653846153846153 0.4942528735632184 1.2653846153846153 0.492816091954023 1.251923076923077 0.492816091954023
0 0.8173076923076923 0.2025862068965517 0.8173076923076923 0.20402298850574713 0.823076923076923 0.20402298850574713 0.823076923076923 0.2025862068965517 0.8173076923076923 0.2025862068965517
0 0.8326923076923077 0.06321839080459771 0.8326923076923077 0.06465517241379311 0.8557692307692307 0.06465517241379311 0.8557692307692307 0.06321839080459771 0.8326923076923077 0.06321839080459771
0 0.8807692307692307 0.010057471264367816 0.8807692307692307 0.011494252873563218 0.8961538461538462 0.011494252873563218 0.8961538461538462 0.010057471264367816 0.8807692307692307 0.010057471264367816
0 1.25 0.3649425287356322 1.25 0.36637931034482757 1.2769230769230768 0.36637931034482757 1.2769230769230768 0.3649425287356322 1.25 0.3649425287356322
0 0.22115384615384615 0.16810344827586207 0.22115384615384615 0.16954022988505746 0.24423076923076922 0.16954022988505746 0.24423076923076922 0.16810344827586207 0.22115384615384615 0.16810344827586207
0 0.4346153846153846 0.5258620689655172 0.4346153846153846 0.5272988505747126 0.4461538461538462 0.5272988505747126 0.4461538461538462 0.5258620689655172 0.4346153846153846 0.5258620689655172
0 0.475 0.3793103448275862 0.475 0.3807471264367816 0.4846153846153846 0.3807471264367816 0.4846153846153846 0.3793103448275862 0.475 0.3793103448275862
0 1.2134615384615384 0.10344827586206896 1.2134615384615384 0.10488505747126436 1.2153846153846153 0.10488505747126436 1.2153846153846153 0.10344827586206896 1.2134615384615384 0.10344827586206896
0 0.03076923076923077 0.1781609195402299 0.03076923076923077 0.17959770114942528 0.038461538461538464 0.17959770114942528 0.038461538461538464 0.1781609195402299 0.03076923076923077 0.1781609195402299
0 0.23653846153846153 0.5445402298850575 0.23653846153846153 0.5459770114942529 0.2519230769230769 0.5459770114942529 0.2519230769230769 0.5445402298850575 0.23653846153846153 0.5445402298850575
0 1.0134615384615384 0.15229885057471265 1.0134615384615384 0.15373563218390804 1.0288461538461537 0.15373563218390804 1.0288461538461537 0.15229885057471265 1.0134615384615384 0.15229885057471265
0 1.2615384615384615 0.632183908045977 1.2615384615384615 0.6336206896551724 1.273076923076923 0.6336206896551724 1.273076923076923 0.632183908045977 1.2615384615384615 0.632183908045977
0 0.2 0.30028735632183906 0.2 0.3017241379310345 0.21153846153846154 0.3017241379310345 0.21153846153846154 0.30028735632183906 0.2 0.30028735632183906
0 0.17115384615384616 0.5258620689655172 0.17115384615384616 0.5272988505747126 0.19230769230769232 0.5272988505747126 0.19230769230769232 0.5258620689655172 0.17115384615384616 0.5258620689655172
0 0.18076923076923077 0.5732758620689655 0.18076923076923077 0.5747126436781609 0.19615384615384615 0.5747126436781609 0.19615384615384615 0.5732758620689655 0.18076923076923077 0.5732758620689655
0 0.27692307692307694 0.41235632183908044 0.27692307692307694 0.41379310344827586 0.29615384615384616 0.41379310344827586 0.29615384615384616 0.41235632183908044 0.27692307692307694 0.41235632183908044
0 0.12307692307692308 0.0 0.12307692307692308 0.0014367816091954023 0.16346153846153846 0.0014367816091954023 0.16346153846153846 0.0 0.12307692307692308 0.0
0 1.0076923076923077 0.08333333333333333 1.0076923076923077 0.08477011494252873 1.025 0.08477011494252873 1.025 0.08333333333333333 1.0076923076923077 0.08333333333333333
0 0.14807692307692308 0.7112068965517241 0.14807692307692308 0.7126436781609196 0.15384615384615385 0.7126436781609196 0.15384615384615385 0.7112068965517241 0.14807692307692308 0.7112068965517241
0 0.6923076923076923 0.5761494252873564 0.6923076923076923 0.5775862068965517 0.698076923076923 0.5775862068965517 0.698076923076923 0.5761494252873564 0.6923076923076923 0.5761494252873564
0 0.13076923076923078 0.020114942528735632 0.13076923076923078 0.021551724137931036 0.1423076923076923 0.021551724137931036 0.1423076923076923 0.020114942528735632 0.13076923076923078 0.020114942528735632
0 1.021153846153846 0.12643678160919541 1.021153846153846 0.1278735632183908 1.0442307692307693 0.1278735632183908 1.0442307692307693 0.12643678160919541 1.021153846153846 0.12643678160919541
0 0.23076923076923078 0.1221264367816092 0.23076923076923078 0.1235632183908046 0.23653846153846153 0.1235632183908046 0.23653846153846153 0.1221264367816092 0.23076923076923078 0.1221264367816092
0 0.6134615384615385 0.26580459770114945 0.6134615384615385 0.2672413793103448 0.6288461538461538 0.2672413793103448 0.6288461538461538 0.26580459770114945 0.6134615384615385 0.26580459770114945
0 1.175 0.4899425287356322 1.175 0.49137931034482757 1.1903846153846154 0.49137931034482757 1.1903846153846154 0.4899425287356322 1.175 0.4899425287356322
0 1.125 0.639367816091954 1.125 0.6408045977011494 1.1346153846153846 0.6408045977011494 1.1346153846153846 0.639367816091954 1.125 0.639367816091954
0 1.2192307692307693 0.13793103448275862 1.2192307692307693 0.13936781609195403 1.25 0.13936781609195403 1.25 0.13793103448275862 1.2192307692307693 0.13793103448275862
0 1.0153846153846153 0.3232758620689655 1.0153846153846153 0.32471264367816094 1.0326923076923078 0.32471264367816094 1.0326923076923078 0.3232758620689655 1.0153846153846153 0.3232758620689655
0 0.11153846153846154 0.28735632183908044 0.11153846153846154 0.28879310344827586 0.12692307692307692 0.28879310344827586 0.12692307692307692 0.28735632183908044 0.11153846153846154 0.28735632183908044
0 1.1173076923076923 0.4339080459770115 1.1173076923076923 0.4353448275862069 1.1288461538461538 0.4353448275862069 1.1288461538461538 0.4339080459770115 1.1173076923076923 0.4339080459770115
0 0.1673076923076923 0.7083333333333334 0.1673076923076923 0.7097701149425287 0.17307692307692307 0.7097701149425287 0.17307692307692307 0.7083333333333334 0.1673076923076923 0.7083333333333334
0 0.625 0.4410919540229885 0.625 0.4425287356321839 0.6538461538461539 0.4425287356321839 0.6538461538461539 0.4410919540229885 0.625 0.4410919540229885
0 0.9384615384615385 0.4382183908045977 0.9384615384615385 0.4396551724137931 0.9423076923076923 0.4396551724137931 0.9423076923076923 0.4382183908045977 0.9384615384615385 0.4382183908045977
0 0.7653846153846153 0.4295977011494253 0.7653846153846153 0.43103448275862066 0.7692307692307693 0.43103448275862066 0.7692307692307693 0.4295977011494253 0.7653846153846153 0.4295977011494253
0 0.9884615384615385 0.34770114942528735 0.9884615384615385 0.34913793103448276 0.9961538461538462 0.34913793103448276 0.9961538461538462 0.34770114942528735 0.9884615384615385 0.34770114942528735
0 0.225 0.20833333333333334 0.225 0.20977011494252873 0.23461538461538461 0.20977011494252873 0.23461538461538461 0.20833333333333334 0.225 0.20833333333333334
0 0.14423076923076922 0.4827586206896552 0.14423076923076922 0.48419540229885055 0.18846153846153846 0.48419540229885055 0.18846153846153846 0.4827586206896552 0.14423076923076922 0.4827586206896552
0 1.0865384615384615 0.1896551724137931 1.0865384615384615 0.1910919540229885 1.0903846153846153 0.1910919540229885 1.0903846153846153 0.1896551724137931 1.0865384615384615 0.1896551724137931
0 1.1326923076923077 0.4382183908045977 1.1326923076923077 0.4396551724137931 1.1365384615384615 0.4396551724137931 1.1365384615384615 0.4382183908045977 1.1326923076923077 0.4382183908045977
0 0.7 0.027298850574712645 0.7 0.028735632183908046 0.725 0.028735632183908046 0.725 0.027298850574712645 0.7 0.027298850574712645
0 1.2192307692307693 0.22701149425287356 1.2192307692307693 0.22844827586206898 1.2403846153846154 0.22844827586206898 1.2403846153846154 0.22701149425287356 1.2192307692307693 0.22701149425287356
0 0.27115384615384613 0.16666666666666666 0.27115384615384613 0.16810344827586207 0.2826923076923077 0.16810344827586207 0.2826923076923077 0.16666666666666666 0.27115384615384613 0.16666666666666666
0 1.1192307692307693 0.5890804597701149 1.1192307692307693 0.5905172413793104 1.1384615384615384 0.5905172413793104 1.1384615384615384 0.5890804597701149 1.1192307692307693 0.5890804597701149
0 0.2865384615384615 0.39655172413793105 0.2865384615384615 0.39798850574712646 0.3019230769230769 0.39798850574712646 0.3019230769230769 0.39655172413793105 0.2865384615384615 0.39655172413793105
0 1.198076923076923 0.3706896551724138 1.198076923076923 0.37212643678160917 1.2134615384615384 0.37212643678160917 1.2134615384615384 0.3706896551724138 1.198076923076923 0.3706896551724138
0 1.146153846153846 0.13793103448275862 1.146153846153846 0.13936781609195403 1.1692307692307693 0.13936781609195403 1.1692307692307693 0.13793103448275862 1.146153846153846 0.13793103448275862
0 0.26153846153846155 0.5158045977011494 0.26153846153846155 0.5172413793103449 0.27307692307692305 0.5172413793103449 0.27307692307692305 0.5158045977011494 0.26153846153846155 0.5158045977011494
0 1.2326923076923078 0.2859195402298851 1.2326923076923078 0.28735632183908044 1.2423076923076923 0.28735632183908044 1.2423076923076923 0.2859195402298851 1.2326923076923078 0.2859195402298851
0 0.6923076923076923 0.5660919540229885 0.6923076923076923 0.5675287356321839 0.7038461538461539 0.5675287356321839 0.7038461538461539 0.5660919540229885 0.6923076923076923 0.5660919540229885
0 1.0557692307692308 0.010057471264367816 1.0557692307692308 0.011494252873563218 1.0692307692307692 0.011494252873563218 1.0692307692307692 0.010057471264367816 1.0557692307692308 0.010057471264367816
0 0.5673076923076923 0.11206896551724138 0.5673076923076923 0.11350574712643678 0.5769230769230769 0.11350574712643678 0.5769230769230769 0.11206896551724138 0.5673076923076923 0.11206896551724138
0 1.3326923076923076 0.23419540229885058 1.3326923076923076 0.23563218390804597 1.3346153846153845 0.23563218390804597 1.3346153846153845 0.23419540229885058 1.3326923076923076 0.23419540229885058
0 1.1615384615384616 0.6278735632183908 1.1615384615384616 0.6293103448275862 1.176923076923077 0.6293103448275862 1.176923076923077 0.6278735632183908 1.1615384615384616 0.6278735632183908
0 0.775 0.15373563218390804 0.775 0.15517241379310345 0.7826923076923077 0.15517241379310345 0.7826923076923077 0.15373563218390804 0.775 0.15373563218390804
0 1.1538461538461537 0.23706896551724138 1.1538461538461537 0.23850574712643677 1.1711538461538462 0.23850574712643677 1.1711538461538462 0.23706896551724138 1.1538461538461537 0.23706896551724138
0 0.3326923076923077 0.5373563218390804 0.3326923076923077 0.5387931034482759 0.3403846153846154 0.5387931034482759 0.3403846153846154 0.5373563218390804 0.3326923076923077 0.5373563218390804
0 1.2634615384615384 0.3160919540229885 1.2634615384615384 0.3175287356321839 1.2769230769230768 0.3175287356321839 1.2769230769230768 0.3160919540229885 1.2634615384615384 0.3160919540229885
0 0.8846153846153846 0.5847701149425287 0.8846153846153846 0.5862068965517241 0.8923076923076924 0.5862068965517241 0.8923076923076924 0.5847701149425287 0.8846153846153846 0.5847701149425287
0 0.4846153846153846 0.7385057471264368 0.4846153846153846 0.7399425287356322 0.49230769230769234 0.7399425287356322 0.49230769230769234 0.7385057471264368 0.4846153846153846 0.7385057471264368
0 0.7057692307692308 0.49137931034482757 0.7057692307692308 0.492816091954023 0.7096153846153846 0.492816091954023 0.7096153846153846 0.49137931034482757 0.7057692307692308 0.49137931034482757
0 1.2423076923076923 0.3793103448275862 1.2423076923076923 0.3807471264367816 1.2576923076923077 0.3807471264367816 1.2576923076923077 0.3793103448275862 1.2423076923076923 0.3793103448275862
0 0.9923076923076923 0.05603448275862069 0.9923076923076923 0.05747126436781609 0.9961538461538462 0.05747126436781609 0.9961538461538462 0.05603448275862069 0.9923076923076923 0.05603448275862069
0 0.8038461538461539 0.6623563218390804 0.8038461538461539 0.6637931034482759 0.8076923076923077 0.6637931034482759 0.8076923076923077 0.6623563218390804 0.8038461538461539 0.6623563218390804
0 0.07884615384615384 0.3089080459770115 0.07884615384615384 0.3103448275862069 0.08653846153846154 0.3103448275862069 0.08653846153846154 0.3089080459770115 0.07884615384615384 0.3089080459770115
0 1.1096153846153847 0.6810344827586207 1.1096153846153847 0.6824712643678161 1.126923076923077 0.6824712643678161 1.126923076923077 0.6810344827586207 1.1096153846153847 0.6810344827586207
0 0.45384615384615384 0.05028735632183908 0.45384615384615384 0.05172413793103448 0.4653846153846154 0.05172413793103448 0.4653846153846154 0.05028735632183908 0.45384615384615384 0.05028735632183908
0 0.1346153846153846 0.39798850574712646 0.1346153846153846 0.3994252873563218 0.14038461538461539 0.3994252873563218 0.14038461538461539 0.39798850574712646 0.1346153846153846 0.39798850574712646
0 0.007692307692307693 0.6767241379310345 0.007692307692307693 0.6781609195402298 0.015384615384615385 0.6781609195402298 0.015384615384615385 0.6767241379310345 0.007692307692307693 0.6767241379310345
0 1.3038461538461539 0.06896551724137931 1.3038461538461539 0.07040229885057471 1.3076923076923077 0.07040229885057471 1.3076923076923077 0.06896551724137931 1.3038461538461539 0.06896551724137931
0 0.026923076923076925 0.3735632183908046 0.026923076923076925 0.375 0.032692307692307694 0.375 0.032692307692307694 0.3735632183908046 0.026923076923076925 0.3735632183908046
0 0.6634615384615384 0.10919540229885058 0.6634615384615384 0.11063218390804598 0.6730769230769231 0.11063218390804598 0.6730769230769231 0.10919540229885058 0.6634615384615384 0.10919540229885058
0 0.6019230769230769 0.3850574712643678 0.6019230769230769 0.3864942528735632 0.6134615384615385 0.3864942528735632 0.6134615384615385 0.3850574712643678 0.6019230769230769 0.3850574712643678
0 0.7 0.0 0.7 0.0014367816091954023 0.7480769230769231 0.0014367816091954023 0.7480769230769231 0.0 0.7 0.0
0 1.301923076923077 0.5445402298850575 1.301923076923077 0.5459770114942529 1.323076923076923 0.5459770114942529 1.323076923076923 0.5445402298850575 1.301923076923077 0.5445402298850575
0 0.6596153846153846 0.6652298850574713 0.6596153846153846 0.6666666666666666 0.6673076923076923 0.6666666666666666 0.6673076923076923 0.6652298850574713 0.6596153846153846 0.6652298850574713
0 1.0653846153846154 0.5445402298850575 1.0653846153846154 0.5459770114942529 1.0769230769230769 0.5459770114942529 1.0769230769230769 0.5445402298850575 1.0653846153846154 0.5445402298850575
0 0.6576923076923077 0.4583333333333333 0.6576923076923077 0.45977011494252873 0.676923076923077 0.45977011494252873 0.676923076923077 0.4583333333333333 0.6576923076923077 0.4583333333333333
0 1.3038461538461539 0.015804597701149427 1.3038461538461539 0.017241379310344827 1.3115384615384615 0.017241379310344827 1.3115384615384615 0.015804597701149427 1.3038461538461539 0.015804597701149427
0 0.5019230769230769 0.6048850574712644 0.5019230769230769 0.6063218390804598 0.5076923076923077 0.6063218390804598 0.5076923076923077 0.6048850574712644 0.5019230769230769 0.6048850574712644
0 1.301923076923077 0.6048850574712644 1.301923076923077 0.6063218390804598 1.3096153846153846 0.6063218390804598 1.3096153846153846 0.6048850574712644 1.301923076923077 0.6048850574712644
0 1.2788461538461537 0.3333333333333333 1.2788461538461537 0.33477011494252873 1.2865384615384616 0.33477011494252873 1.2865384615384616 0.3333333333333333 1.2788461538461537 0.3333333333333333
0 0.22115384615384615 0.19540229885057472 0.22115384615384615 0.1968390804597701 0.225 0.1968390804597701 0.225 0.19540229885057472 0.22115384615384615 0.19540229885057472
0 0.15384615384615385 0.45689655172413796 0.15384615384615385 0.4583333333333333 0.17115384615384616 0.4583333333333333 0.17115384615384616 0.45689655172413796 0.15384615384615385 0.45689655172413796
0 1.3 0.5043103448275862 1.3 0.5057471264367817 1.3173076923076923 0.5057471264367817 1.3173076923076923 0.5043103448275862 1.3 0.5043103448275862
0 0.8057692307692308 0.6724137931034483 0.8057692307692308 0.6738505747126436 0.825 0.6738505747126436 0.825 0.6724137931034483 0.8057692307692308 0.6724137931034483
0 1.2980769230769231 0.29310344827586204 1.2980769230769231 0.29454022988505746 1.3096153846153846 0.29454022988505746 1.3096153846153846 0.29310344827586204 1.2980769230769231 0.29310344827586204
0 0.05 0.7399425287356322 0.05 0.7413793103448276 0.06538461538461539 0.7413793103448276 0.06538461538461539 0.7399425287356322 0.05 0.7399425287356322
0 0.6826923076923077 0.22126436781609196 0.6826923076923077 0.22270114942528735 0.6961538461538461 0.22270114942528735 0.6961538461538461 0.22126436781609196 0.6826923076923077 0.22126436781609196
0 0.4673076923076923 0.4166666666666667 0.4673076923076923 0.41810344827586204 0.4807692307692308 0.41810344827586204 0.4807692307692308 0.4166666666666667 0.4673076923076923 0.4166666666666667
0 1.1326923076923077 0.7298850574712644 1.1326923076923077 0.7313218390804598 1.1403846153846153 0.7313218390804598 1.1403846153846153 0.7298850574712644 1.1326923076923077 0.7298850574712644
0 0.8192307692307692 0.1752873563218391 0.8192307692307692 0.17672413793103448 0.8269230769230769 0.17672413793103448 0.8269230769230769 0.1752873563218391 0.8192307692307692 0.1752873563218391
0 0.36538461538461536 0.5905172413793104 0.36538461538461536 0.5919540229885057 0.3730769230769231 0.5919540229885057 0.3730769230769231 0.5905172413793104 0.36538461538461536 0.5905172413793104
0 0.27307692307692305 0.10919540229885058 0.27307692307692305 0.11063218390804598 0.27692307692307694 0.11063218390804598 0.27692307692307694 0.10919540229885058 0.27307692307692305 0.10919540229885058
0 1.0942307692307693 0.7054597701149425 1.0942307692307693 0.7068965517241379 1.1 0.7068965517241379 1.1 0.7054597701149425 1.0942307692307693 0.7054597701149425
0 0.3730769230769231 0.08333333333333333 0.3730769230769231 0.08477011494252873 0.3923076923076923 0.08477011494252873 0.3923076923076923 0.08333333333333333 0.3730769230769231 0.08333333333333333
0 0.3923076923076923 0.07471264367816093 0.3923076923076923 0.07614942528735633 0.4 0.07614942528735633 0.4 0.07471264367816093 0.3923076923076923 0.07471264367816093
0 0.4442307692307692 0.2025862068965517 0.4442307692307692 0.20402298850574713 0.45576923076923076 0.20402298850574713 0.45576923076923076 0.2025862068965517 0.4442307692307692 0.2025862068965517
0 0.5961538461538461 0.521551724137931 0.5961538461538461 0.5229885057471264 0.6 0.5229885057471264 0.6 0.521551724137931 0.5961538461538461 0.521551724137931
0 1.2461538461538462 0.21120689655172414 1.2461538461538462 0.21264367816091953 1.25 0.21264367816091953 1.25 0.21120689655172414 1.2461538461538462 0.21120689655172414
0 0.6115384615384616 0.7068965517241379 0.6115384615384616 0.7083333333333334 0.6173076923076923 0.7083333333333334 0.6173076923076923 0.7068965517241379 0.6115384615384616 0.7068965517241379