0 0.6019230769230769 0.4525862068965517 0.6019230769230769 0.4540229885057471 0.6134615384615385 0.4540229885057471 0.6134615384615385 0.4525862068965517 0.6019230769230769 0.4525862068965517
0 1.2 0.3045977011494253 1.2 0.30603448275862066 1.2134615384615384 0.30603448275862066 1.2134615384615384 0.3045977011494253 1.2 0.3045977011494253
0 0.5461538461538461 0.40373563218390807 0.5461538461538461 0.4051724137931034 0.5711538461538461 0.4051724137931034 0.5711538461538461 0.40373563218390807 0.5461538461538461 0.40373563218390807
0 0.6807692307692308 0.3922413793103448 0.6807692307692308 0.3936781609195402 0.6923076923076923 0.3936781609195402 0.6923076923076923 0.3922413793103448 0.6807692307692308 0.3922413793103448
0 0.5365384615384615 0.06609195402298851 0.5365384615384615 0.06752873563218391 0.5576923076923077 0.06752873563218391 0.5576923076923077 0.06609195402298851 0.5365384615384615 0.06609195402298851
0 0.8846153846153846 0.33764367816091956 0.8846153846153846 0.3390804597701149 0.8903846153846153 0.3390804597701149 0.8903846153846153 0.33764367816091956 0.8846153846153846 0.33764367816091956
0 0.6038461538461538 0.5100574712643678 0.6038461538461538 0.5114942528735632 0.6134615384615385 0.5114942528735632 0.6134615384615385 0.5100574712643678 0.6038461538461538 0.5100574712643678
0 0.10576923076923077 0.24568965517241378 0.10576923076923077 0.2471264367816092 0.11730769230769231 0.2471264367816092 0.11730769230769231 0.24568965517241378 0.10576923076923077 0.24568965517241378
0 1.2153846153846153 0.6867816091954023 1.2153846153846153 0.6882183908045977 1.2230769230769232 0.6882183908045977 1.2230769230769232 0.6867816091954023 1.2153846153846153 0.6867816091954023
0 1.2173076923076922 0.5675287356321839 1.2173076923076922 0.5689655172413793 1.228846153846154 0.5689655172413793 1.228846153846154 0.5675287356321839 1.2173076923076922 0.5675287356321839
0 0.7903846153846154 0.257183908045977 0.7903846153846154 0.25862068965517243 0.8134615384615385 0.25862068965517243 0.8134615384615385 0.257183908045977 0.7903846153846154 0.257183908045977
0 1.2038461538461538 0.010057471264367816 1.2038461538461538 0.011494252873563218 1.2153846153846153 0.011494252873563218 1.2153846153846153 0.010057471264367816 1.2038461538461538 0.010057471264367816
0 1.2769230769230768 0.6336206896551724 1.2769230769230768 0.6350574712643678 1.2884615384615385 0.6350574712643678 1.2884615384615385 0.6336206896551724 1.2769230769230768 0.6336206896551724
0 0.6711538461538461 0.7112068965517241 0.6711538461538461 0.7126436781609196 0.6961538461538461 0.7126436781609196 0.6961538461538461 0.7112068965517241 0.6711538461538461 0.7112068965517241
0 0.9307692307692308 0.6264367816091954 0.9307692307692308 0.6278735632183908 0.9365384615384615 0.6278735632183908 0.9365384615384615 0.6264367816091954 0.9307692307692308 0.6264367816091954
0 1.0192307692307692 0.3204022988505747 1.0192307692307692 0.3218390804597701 1.023076923076923 0.3218390804597701 1.023076923076923 0.3204022988505747 1.0192307692307692 0.3204022988505747
0 0.8826923076923077 0.24281609195402298 0.8826923076923077 0.2442528735632184 0.9 0.2442528735632184 0.9 0.24281609195402298 0.8826923076923077 0.24281609195402298
0 0.9461538461538461 0.37212643678160917 0.9461538461538461 0.3735632183908046 0.9519230769230769 0.3735632183908046 0.9519230769230769 0.37212643678160917 0.9461538461538461 0.37212643678160917
0 0.25 0.5373563218390804 0.25 0.5387931034482759 0.2673076923076923 0.5387931034482759 0.2673076923076923 0.5373563218390804 0.25 0.5373563218390804
0 1.1634615384615385 0.2629310344827586 1.1634615384615385 0.26436781609195403 1.1788461538461539 0.26436781609195403 1.1788461538461539 0.2629310344827586 1.1634615384615385 0.2629310344827586
0 0.43846153846153846 0.646551724137931 0.43846153846153846 0.6479885057471264 0.45 0.6479885057471264 0.45 0.646551724137931 0.43846153846153846 0.646551724137931
0 0.33653846153846156 0.0 0.33653846153846156 0.0014367816091954023 0.3730769230769231 0.0014367816091954023 0.3730769230769231 0.0 0.33653846153846156 0.0
0 1.25 0.5272988505747126 1.25 0.5287356321839081 1.2769230769230768 0.5287356321839081 1.2769230769230768 0.5272988505747126 1.25 0.5272988505747126
0 1.1173076923076923 0.08764367816091954 1.1173076923076923 0.08908045977011494 1.123076923076923 0.08908045977011494 1.123076923076923 0.08764367816091954 1.1173076923076923 0.08764367816091954
0 0.023076923076923078 0.5574712643678161 0.023076923076923078 0.5589080459770115 0.032692307692307694 0.5589080459770115 0.032692307692307694 0.5574712643678161 0.023076923076923078 0.5574712643678161
0 0.47884615384615387 0.7083333333333334 0.47884615384615387 0.7097701149425287 0.48846153846153845 0.7097701149425287 0.48846153846153845 0.7083333333333334 0.47884615384615387 0.7083333333333334
0 0.675 0.45545977011494254 0.675 0.45689655172413796 0.6807692307692308 0.45689655172413796 0.6807692307692308 0.45545977011494254 0.675 0.45545977011494254
0 1.1596153846153847 0.22270114942528735 1.1596153846153847 0.22413793103448276 1.1730769230769231 0.22413793103448276 1.1730769230769231 0.22270114942528735 1.1596153846153847 0.22270114942528735
0 0.5346153846153846 0.5862068965517241 0.5346153846153846 0.5876436781609196 0.5461538461538461 0.5876436781609196 0.5461538461538461 0.5862068965517241 0.5346153846153846 0.5862068965517241
0 0.08653846153846154 0.6278735632183908 0.08653846153846154 0.6293103448275862 0.09230769230769231 0.6293103448275862 0.09230769230769231 0.6278735632183908 0.08653846153846154 0.6278735632183908
0 1.2 0.28735632183908044 1.2 0.28879310344827586 1.2115384615384615 0.28879310344827586 1.2115384615384615 0.28735632183908044 1.2 0.28735632183908044
0 0.075 0.5387931034482759 0.075 0.5402298850574713 0.07692307692307693 0.5402298850574713 0.07692307692307693 0.5387931034482759 0.075 0.5387931034482759
0 0.6923076923076923 0.0 0.6923076923076923 0.0014367816091954023 0.7423076923076923 0.0014367816091954023 0.7423076923076923 0.0 0.6923076923076923 0.0
0 0.6923076923076923 0.47844827586206895 0.6923076923076923 0.47988505747126436 0.7134615384615385 0.47988505747126436 0.7134615384615385 0.47844827586206895 0.6923076923076923 0.47844827586206895
0 1.2307692307692308 0.6005747126436781 1.2307692307692308 0.6020114942528736 1.2461538461538462 0.6020114942528736 1.2461538461538462 0.6005747126436781 1.2307692307692308 0.6005747126436781
0 0.40384615384615385 0.6120689655172413 0.40384615384615385 0.6135057471264368 0.4096153846153846 0.6135057471264368 0.4096153846153846 0.6120689655172413 0.40384615384615385 0.6120689655172413
0 1.1192307692307693 0.7169540229885057 1.1192307692307693 0.7183908045977011 1.126923076923077 0.7183908045977011 1.126923076923077 0.7169540229885057 1.1192307692307693 0.7169540229885057
0 1.0596153846153846 0.020114942528735632 1.0596153846153846 0.021551724137931036 1.0692307692307692 0.021551724137931036 1.0692307692307692 0.020114942528735632 1.0596153846153846 0.020114942528735632
0 0.015384615384615385 0.0603448275862069 0.015384615384615385 0.0617816091954023 0.032692307692307694 0.0617816091954023 0.032692307692307694 0.0603448275862069 0.015384615384615385 0.0603448275862069
0 1.0192307692307692 0.4109195402298851 1.0192307692307692 0.41235632183908044 1.025 0.41235632183908044 1.025 0.4109195402298851 1.0192307692307692 0.4109195402298851
0 0.6615384615384615 0.5775862068965517 0.6615384615384615 0.5790229885057471 0.6653846153846154 0.5790229885057471 0.6653846153846154 0.5775862068965517 0.6615384615384615 0.5775862068965517
0 0.0 0.20689655172413793 0.0 0.20833333333333334 0.007692307692307693 0.20833333333333334 0.007692307692307693 0.20689655172413793 0.0 0.20689655172413793
0 1.2 0.3160919540229885 1.2 0.3175287356321839 1.2134615384615384 0.3175287356321839 1.2134615384615384 0.3160919540229885 1.2 0.3160919540229885
0 0.9557692307692308 0.3175287356321839 0.9557692307692308 0.31896551724137934 0.9730769230769231 0.31896551724137934 0.9730769230769231 0.3175287356321839 0.9557692307692308 0.3175287356321839
0 0.5596153846153846 0.4295977011494253 0.5596153846153846 0.43103448275862066 0.5692307692307692 0.43103448275862066 0.5692307692307692 0.4295977011494253 0.5596153846153846 0.4295977011494253
0 1.2865384615384616 0.08477011494252873 1.2865384615384616 0.08620689655172414 1.3076923076923077 0.08620689655172414 1.3076923076923077 0.08477011494252873 1.2865384615384616 0.08477011494252873
0 0.01730769230769231 0.4640804597701149 0.01730769230769231 0.46551724137931033 0.03461538461538462 0.46551724137931033 0.03461538461538462 0.4640804597701149 0.01730769230769231 0.4640804597701149
0 0.4230769230769231 0.10201149425287356 0.4230769230769231 0.10344827586206896 0.4403846153846154 0.10344827586206896 0.4403846153846154 0.10201149425287356 0.4230769230769231 0.10201149425287356
0 0.8423076923076923 0.521551724137931 0.8423076923076923 0.5229885057471264 0.8538461538461538 0.5229885057471264 0.8538461538461538 0.521551724137931 0.8423076923076923 0.521551724137931
0 0.8096153846153846 0.40086206896551724 0.8096153846153846 0.40229885057471265 0.8384615384615385 0.40229885057471265 0.8384615384615385 0.40086206896551724 0.8096153846153846 0.40086206896551724
0 0.3346153846153846 0.5359195402298851 0.3346153846153846 0.5373563218390804 0.35192307692307695 0.5373563218390804 0.35192307692307695 0.5359195402298851 0.3346153846153846 0.5359195402298851
0 0.6923076923076923 0.4885057471264368 0.6923076923076923 0.4899425287356322 0.7134615384615385 0.4899425287356322 0.7134615384615385 0.4885057471264368 0.6923076923076923 0.4885057471264368
0 0.06538461538461539 0.01293103448275862 0.06538461538461539 0.014367816091954023 0.06923076923076923 0.014367816091954023 0.06923076923076923 0.01293103448275862 0.06538461538461539 0.01293103448275862
0 0.9711538461538461 0.24856321839080459 0.9711538461538461 0.25 0.9826923076923076 0.25 0.9826923076923076 0.24856321839080459 0.9711538461538461 0.24856321839080459
0 0.20192307692307693 0.4454022988505747 0.20192307692307693 0.4468390804597701 0.22692307692307692 0.4468390804597701 0.22692307692307692 0.4454022988505747 0.20192307692307693 0.4454022988505747
0 0.9653846153846154 0.6882183908045977 0.9653846153846154 0.6896551724137931 0.9826923076923076 0.6896551724137931 0.9826923076923076 0.6882183908045977 0.9653846153846154 0.6882183908045977
0 0.09038461538461538 0.033045977011494254 0.09038461538461538 0.034482758620689655 0.10576923076923077 0.034482758620689655 0.10576923076923077 0.033045977011494254 0.09038461538461538 0.033045977011494254
0 0.8961538461538462 0.0 0.8961538461538462 0.0014367816091954023 0.9326923076923077 0.0014367816091954023 0.9326923076923077 0.0 0.8961538461538462 0.0
0 0.26153846153846155 0.646551724137931 0.26153846153846155 0.6479885057471264 0.27307692307692305 0.6479885057471264 0.27307692307692305 0.646551724137931 0.26153846153846155 0.646551724137931
0 1.0096153846153846 0.25862068965517243 1.0096153846153846 0.2600574712643678 1.0192307692307692 0.2600574712643678 1.0192307692307692 0.25862068965517243 1.0096153846153846 0.25862068965517243
0 0.09423076923076923 0.3635057471264368 0.09423076923076923 0.3649425287356322 0.10576923076923077 0.3649425287356322 0.10576923076923077 0.3635057471264368 0.09423076923076923 0.3635057471264368
0 0.6538461538461539 0.40804597701149425 0.6538461538461539 0.40948275862068967 0.6711538461538461 0.40948275862068967 0.6711538461538461 0.40804597701149425 0.6538461538461539 0.40804597701149425
0 0.5461538461538461 0.04885057471264368 0.5461538461538461 0.05028735632183908 0.5596153846153846 0.05028735632183908 0.5596153846153846 0.04885057471264368 0.5461538461538461 0.04885057471264368
0 1.2538461538461538 0.4339080459770115 1.2538461538461538 0.4353448275862069 1.2769230769230768 0.4353448275862069 1.2769230769230768 0.4339080459770115 1.2538461538461538 0.4339080459770115
0 0.37884615384615383 0.12931034482758622 0.37884615384615383 0.1307471264367816 0.38461538461538464 0.1307471264367816 0.38461538461538464 0.12931034482758622 0.37884615384615383 0.12931034482758622
0 0.27115384615384613 0.14080459770114942 0.27115384615384613 0.14224137931034483 0.28076923076923077 0.14224137931034483 0.28076923076923077 0.14080459770114942 0.27115384615384613 0.14080459770114942
0 0.05961538461538462 0.6709770114942529 0.05961538461538462 0.6724137931034483 0.075 0.6724137931034483 0.075 0.6709770114942529 0.05961538461538462 0.6709770114942529
0 0.8576923076923076 0.14511494252873564 0.8576923076923076 0.14655172413793102 0.8634615384615385 0.14655172413793102 0.8634615384615385 0.14511494252873564 0.8576923076923076 0.14511494252873564
0 0.6634615384615384 0.35488505747126436 0.6634615384615384 0.3563218390804598 0.6692307692307692 0.3563218390804598 0.6692307692307692 0.35488505747126436 0.6634615384615384 0.35488505747126436
0 0.8442307692307692 0.4956896551724138 0.8442307692307692 0.49712643678160917 0.8519230769230769 0.49712643678160917 0.8519230769230769 0.4956896551724138 0.8442307692307692 0.4956896551724138
0 0.0673076923076923 0.2614942528735632 0.0673076923076923 0.2629310344827586 0.08461538461538462 0.2629310344827586 0.08461538461538462 0.2614942528735632 0.0673076923076923 0.2614942528735632
0 0.19807692307692307 0.5086206896551724 0.19807692307692307 0.5100574712643678 0.20961538461538462 0.5100574712643678 0.20961538461538462 0.5086206896551724 0.19807692307692307 0.5086206896551724
0 0.7269230769230769 0.028735632183908046 0.7269230769230769 0.03017241379310345 0.7326923076923076 0.03017241379310345 0.7326923076923076 0.028735632183908046 0.7269230769230769 0.028735632183908046
0 0.47692307692307695 0.13649425287356323 0.47692307692307695 0.13793103448275862 0.5076923076923077 0.13793103448275862 0.5076923076923077 0.13649425287356323 0.47692307692307695 0.13649425287356323
0 0.7634615384615384 0.3175287356321839 0.7634615384615384 0.31896551724137934 0.7769230769230769 0.31896551724137934 0.7769230769230769 0.3175287356321839 0.7634615384615384 0.3175287356321839
0 0.23076923076923078 0.1221264367816092 0.23076923076923078 0.1235632183908046 0.23461538461538461 0.1235632183908046 0.23461538461538461 0.1221264367816092 0.23076923076923078 0.1221264367816092
0 1.1115384615384616 0.3045977011494253 1.1115384615384616 0.30603448275862066 1.1192307692307693 0.30603448275862066 1.1192307692307693 0.3045977011494253 1.1115384615384616 0.3045977011494253
0 0.39807692307692305 0.7112068965517241 0.39807692307692305 0.7126436781609196 0.40576923076923077 0.7126436781609196 0.40576923076923077 0.7112068965517241 0.39807692307692305 0.7112068965517241
0 0.6307692307692307 0.5502873563218391 0.6307692307692307 0.5517241379310345 0.65 0.5517241379310345 0.65 0.5502873563218391 0.6307692307692307 0.5502873563218391
0 1.2461538461538462 0.35201149425287354 1.2461538461538462 0.35344827586206895 1.2653846153846153 0.35344827586206895 1.2653846153846153 0.35201149425287354 1.2461538461538462 0.35201149425287354
0 0.07115384615384615 0.4396551724137931 0.07115384615384615 0.4410919540229885 0.08269230769230769 0.4410919540229885 0.08269230769230769 0.4396551724137931 0.07115384615384615 0.4396551724137931
0 1.2153846153846153 0.21695402298850575 1.2153846153846153 0.21839080459770116 1.2211538461538463 0.21839080459770116 1.2211538461538463 0.21695402298850575 1.2153846153846153 0.21695402298850575
0 0.23846153846153847 0.0 0.23846153846153847 0.0014367816091954023 0.27307692307692305 0.0014367816091954023 0.27307692307692305 0.0 0.23846153846153847 0.0
0 0.8076923076923077 0.14224137931034483 0.8076923076923077 0.14367816091954022 0.8307692307692308 0.14367816091954022 0.8307692307692308 0.14224137931034483 0.8076923076923077 0.14224137931034483
0 0.9769230769230769 0.41379310344827586 0.9769230769230769 0.41522988505747127 0.9961538461538462 0.41522988505747127 0.9961538461538462 0.41379310344827586 0.9769230769230769 0.41379310344827586
0 1.126923076923077 0.6264367816091954 1.126923076923077 0.6278735632183908 1.1423076923076922 0.6278735632183908 1.1423076923076922 0.6264367816091954 1.126923076923077 0.6264367816091954
0 1.2961538461538462 0.17959770114942528 1.2961538461538462 0.1810344827586207 1.3134615384615385 0.1810344827586207 1.3134615384615385 0.17959770114942528 1.2961538461538462 0.17959770114942528
0 0.2673076923076923 0.632183908045977 0.2673076923076923 0.6336206896551724 0.2865384615384615 0.6336206896551724 0.2865384615384615 0.632183908045977 0.2673076923076923 0.632183908045977
0 0.23076923076923078 0.3936781609195402 0.23076923076923078 0.39511494252873564 0.2423076923076923 0.39511494252873564 0.2423076923076923 0.3936781609195402 0.23076923076923078 0.3936781609195402
0 1.271153846153846 0.5474137931034483 1.271153846153846 0.5488505747126436 1.2903846153846155 0.5488505747126436 1.2903846153846155 0.5474137931034483 1.271153846153846 0.5474137931034483
0 1.25 0.16954022988505746 1.25 0.17097701149425287 1.2557692307692307 0.17097701149425287 1.2557692307692307 0.16954022988505746 1.25 0.16954022988505746
0 0.2153846153846154 0.04885057471264368 0.2153846153846154 0.05028735632183908 0.2403846153846154 0.05028735632183908 0.2403846153846154 0.04885057471264368 0.2153846153846154 0.04885057471264368
0 0.45 0.6135057471264368 0.45 0.6149425287356322 0.46923076923076923 0.6149425287356322 0.46923076923076923 0.6135057471264368 0.45 0.6135057471264368
0 1.1211538461538462 0.7112068965517241 1.1211538461538462 0.7126436781609196 1.1365384615384615 0.7126436781609196 1.1365384615384615 0.7112068965517241 1.1211538461538462 0.7112068965517241
0 0.6807692307692308 0.6192528735632183 0.6807692307692308 0.6206896551724138 0.6865384615384615 0.6206896551724138 0.6865384615384615 0.6192528735632183 0.6807692307692308 0.6192528735632183
0 0.2846153846153846 0.13793103448275862 0.2846153846153846 0.13936781609195403 0.29615384615384616 0.13936781609195403 0.29615384615384616 0.13793103448275862 0.2846153846153846 0.13793103448275862
0 0.013461538461538462 0.22988505747126436 0.013461538461538462 0.23132183908045978 0.019230769230769232 0.23132183908045978 0.019230769230769232 0.22988505747126436 0.013461538461538462 0.22988505747126436
0 0.7365384615384616 0.7270114942528736 0.7365384615384616 0.728448275862069 0.7384615384615385 0.728448275862069 0.7384615384615385 0.7270114942528736 0.7365384615384616 0.7270114942528736
0 0.5634615384615385 0.2801724137931034 0.5634615384615385 0.28160919540229884 0.5711538461538461 0.28160919540229884 0.5711538461538461 0.2801724137931034 0.5634615384615385 0.2801724137931034
0 0.675 0.15373563218390804 0.675 0.15517241379310345 0.6807692307692308 0.15517241379310345 0.6807692307692308 0.15373563218390804 0.675 0.15373563218390804
0 0.6038461538461538 0.07614942528735633 0.6038461538461538 0.07758620689655173 0.6076923076923076 0.07758620689655173 0.6076923076923076 0.07614942528735633 0.6038461538461538 0.07614942528735633
0 0.37115384615384617 0.6853448275862069 0.37115384615384617 0.6867816091954023 0.38461538461538464 0.6867816091954023 0.38461538461538464 0.6853448275862069 0.37115384615384617 0.6853448275862069
0 0.03076923076923077 0.5704022988505747 0.03076923076923077 0.5718390804597702 0.046153846153846156 0.5718390804597702 0.046153846153846156 0.5704022988505747 0.03076923076923077 0.5704022988505747
0 1.325 0.4956896551724138 1.325 0.49712643678160917 1.3365384615384615 0.49712643678160917 1.3365384615384615 0.4956896551724138 1.325 0.4956896551724138
0 0.6365384615384615 0.4755747126436782 0.6365384615384615 0.47701149425287354 0.6519230769230769 0.47701149425287354 0.6519230769230769 0.4755747126436782 0.6365384615384615 0.4755747126436782
0 0.1423076923076923 0.20545977011494254 0.1423076923076923 0.20689655172413793 0.1596153846153846 0.20689655172413793 0.1596153846153846 0.20545977011494254 0.1423076923076923 0.20545977011494254
0 0.6076923076923076 0.0 0.6076923076923076 0.0014367816091954023 0.6480769230769231 0.0014367816091954023 0.6480769230769231 0.0 0.6076923076923076 0.0
0 0.7769230769230769 0.5057471264367817 0.7769230769230769 0.507183908045977 0.7865384615384615 0.507183908045977 0.7865384615384615 0.5057471264367817 0.7769230769230769 0.5057471264367817
0 0.49230769230769234 0.010057471264367816 0.49230769230769234 0.011494252873563218 0.525 0.011494252873563218 0.525 0.010057471264367816 0.49230769230769234 0.010057471264367816
0 1.3326923076923076 0.13505747126436782 1.3326923076923076 0.13649425287356323 1.3384615384615384 0.13649425287356323 1.3384615384615384 0.13505747126436782 1.3326923076923076 0.13505747126436782
0 1.2596153846153846 0.08764367816091954 1.2596153846153846 0.08908045977011494 1.2673076923076922 0.08908045977011494 1.2673076923076922 0.08764367816091954 1.2596153846153846 0.08764367816091954
0 1.1326923076923077 0.20402298850574713 1.1326923076923077 0.20545977011494254 1.146153846153846 0.20545977011494254 1.146153846153846 0.20402298850574713 1.1326923076923077 0.20402298850574713
0 0.028846153846153848 0.6997126436781609 0.028846153846153848 0.7011494252873564 0.03653846153846154 0.7011494252873564 0.03653846153846154 0.6997126436781609 0.028846153846153848 0.6997126436781609
0 0.5115384615384615 0.32471264367816094 0.5115384615384615 0.3261494252873563 0.5173076923076924 0.3261494252873563 0.5173076923076924 0.32471264367816094 0.5115384615384615 0.32471264367816094
0 1.0711538461538461 0.5890804597701149 1.0711538461538461 0.5905172413793104 1.0884615384615384 0.5905172413793104 1.0884615384615384 0.5890804597701149 1.0711538461538461 0.5890804597701149
0 1.0576923076923077 0.7327586206896551 1.0576923076923077 0.7341954022988506 1.0711538461538461 0.7341954022988506 1.0711538461538461 0.7327586206896551 1.0576923076923077 0.7327586206896551
0 1.1384615384615384 0.5646551724137931 1.1384615384615384 0.5660919540229885 1.1634615384615385 0.5660919540229885 1.1634615384615385 0.5646551724137931 1.1384615384615384 0.5646551724137931
0 0.06538461538461539 0.10201149425287356 0.06538461538461539 0.10344827586206896 0.075 0.10344827586206896 0.075 0.10201149425287356 0.06538461538461539 0.10201149425287356
0 0.8961538461538462 0.3175287356321839 0.8961538461538462 0.31896551724137934 0.9096153846153846 0.31896551724137934 0.9096153846153846 0.3175287356321839 0.8961538461538462 0.3175287356321839
0 0.8576923076923076 0.37787356321839083 0.8576923076923076 0.3793103448275862 0.8653846153846154 0.3793103448275862 0.8653846153846154 0.37787356321839083 0.8576923076923076 0.37787356321839083
0 0.18846153846153846 0.0603448275862069 0.18846153846153846 0.0617816091954023 0.19230769230769232 0.0617816091954023 0.19230769230769232 0.0603448275862069 0.18846153846153846 0.0603448275862069
0 0.801923076923077 0.5502873563218391 0.801923076923077 0.5517241379310345 0.8346153846153846 0.5517241379310345 0.8346153846153846 0.5502873563218391 0.801923076923077 0.5502873563218391
0 0.7192307692307692 0.1910919540229885 0.7192307692307692 0.1925287356321839 0.725 0.1925287356321839 0.725 0.1910919540229885 0.7192307692307692 0.1910919540229885
0 0.1673076923076923 0.4281609195402299 0.1673076923076923 0.4295977011494253 0.18076923076923077 0.4295977011494253 0.18076923076923077 0.4281609195402299 0.1673076923076923 0.4281609195402299
0 0.4673076923076923 0.41954022988505746 0.4673076923076923 0.4209770114942529 0.47884615384615387 0.4209770114942529 0.47884615384615387 0.41954022988505746 0.4673076923076923 0.41954022988505746
0 0.8115384615384615 0.04454022988505747 0.8115384615384615 0.04597701149425287 0.823076923076923 0.04597701149425287 0.823076923076923 0.04454022988505747 0.8115384615384615 0.04454022988505747
0 0.25384615384615383 0.7270114942528736 0.25384615384615383 0.728448275862069 0.2692307692307692 0.728448275862069 0.2692307692307692 0.7270114942528736 0.25384615384615383 0.7270114942528736
0 0.8730769230769231 0.2744252873563218 0.8730769230769231 0.27586206896551724 0.8865384615384615 0.27586206896551724 0.8865384615384615 0.2744252873563218 0.8730769230769231 0.2744252873563218
0 0.19423076923076923 0.5100574712643678 0.19423076923076923 0.5114942528735632 0.2 0.5114942528735632 0.2 0.5100574712643678 0.19423076923076923 0.5100574712643678
0 0.5153846153846153 0.3045977011494253 0.5153846153846153 0.30603448275862066 0.5211538461538462 0.30603448275862066 0.5211538461538462 0.3045977011494253 0.5153846153846153 0.3045977011494253
0 0.5384615384615384 0.4468390804597701 0.5384615384615384 0.4482758620689655 0.5480769230769231 0.4482758620689655 0.5480769230769231 0.4468390804597701 0.5384615384615384 0.4468390804597701
0 0.3269230769230769 0.014367816091954023 0.3269230769230769 0.015804597701149427 0.35192307692307695 0.015804597701149427 0.35192307692307695 0.014367816091954023 0.3269230769230769 0.014367816091954023
0 0.3076923076923077 0.4870689655172414 0.3076923076923077 0.4885057471264368 0.3192307692307692 0.4885057471264368 0.3192307692307692 0.4870689655172414 0.3076923076923077 0.4870689655172414
0 0.3230769230769231 0.6594827586206896 0.3230769230769231 0.6609195402298851 0.33653846153846156 0.6609195402298851 0.33653846153846156 0.6594827586206896 0.3230769230769231 0.6594827586206896
0 1.0326923076923078 0.4224137931034483 1.0326923076923078 0.4238505747126437 1.0442307692307693 0.4238505747126437 1.0442307692307693 0.4224137931034483 1.0326923076923078 0.4224137931034483
0 0.28846153846153844 0.05459770114942529 0.28846153846153844 0.05603448275862069 0.2923076923076923 0.05603448275862069 0.2923076923076923 0.05459770114942529 0.28846153846153844 0.05459770114942529
0 0.3769230769230769 0.6293103448275862 0.3769230769230769 0.6307471264367817 0.39615384615384613 0.6307471264367817 0.39615384615384613 0.6293103448275862 0.3769230769230769 0.6293103448275862
0 0.6596153846153846 0.1882183908045977 0.6596153846153846 0.1896551724137931 0.6615384615384615 0.1896551724137931 0.6615384615384615 0.1882183908045977 0.6596153846153846 0.1882183908045977
0 0.7538461538461538 0.5359195402298851 0.7538461538461538 0.5373563218390804 0.7576923076923077 0.5373563218390804 0.7576923076923077 0.5359195402298851 0.7538461538461538 0.5359195402298851
0 0.40192307692307694 0.15086206896551724 0.40192307692307694 0.15229885057471265 0.4153846153846154 0.15229885057471265 0.4153846153846154 0.15086206896551724 0.40192307692307694 0.15086206896551724
0 0.7961538461538461 0.16810344827586207 0.7961538461538461 0.16954022988505746 0.8115384615384615 0.16954022988505746 0.8115384615384615 0.16810344827586207 0.7961538461538461 0.16810344827586207
0 0.9307692307692308 0.07327586206896551 0.9307692307692308 0.07471264367816093 0.9384615384615385 0.07471264367816093 0.9384615384615385 0.07327586206896551 0.9307692307692308 0.07327586206896551
0 0.4519230769230769 0.367816091954023 0.4519230769230769 0.3692528735632184 0.4673076923076923 0.3692528735632184 0.4673076923076923 0.367816091954023 0.4519230769230769 0.367816091954023
0 1.0 0.5905172413793104 1.0 0.5919540229885057 1.021153846153846 0.5919540229885057 1.021153846153846 0.5905172413793104 1.0 0.5905172413793104
0 0.4 0.5229885057471264 0.4 0.5244252873563219 0.41346153846153844 0.5244252873563219 0.41346153846153844 0.5229885057471264 0.4 0.5229885057471264
0 0.8346153846153846 0.033045977011494254 0.8346153846153846 0.034482758620689655 0.8442307692307692 0.034482758620689655 0.8442307692307692 0.033045977011494254 0.8346153846153846 0.033045977011494254
0 0.9903846153846154 0.4324712643678161 0.9903846153846154 0.4339080459770115 0.9961538461538462 0.4339080459770115 0.9961538461538462 0.4324712643678161 0.9903846153846154 0.4324712643678161
0 0.5846153846153846 0.5933908045977011 0.5846153846153846 0.5948275862068966 0.6 0.5948275862068966 0.6 0.5933908045977011 0.5846153846153846 0.5933908045977011
0 1.0923076923076922 0.3706896551724138 1.0923076923076922 0.37212643678160917 1.1153846153846154 0.37212643678160917 1.1153846153846154 0.3706896551724138 1.0923076923076922 0.3706896551724138
0 0.8288461538461539 0.3563218390804598 0.8288461538461539 0.3577586206896552 0.8423076923076923 0.3577586206896552 0.8423076923076923 0.3563218390804598 0.8288461538461539 0.3563218390804598
0 0.32884615384615384 0.25862068965517243 0.32884615384615384 0.2600574712643678 0.3403846153846154 0.2600574712643678 0.3403846153846154 0.25862068965517243 0.32884615384615384 0.25862068965517243
0 0.4519230769230769 0.6551724137931034 0.4519230769230769 0.6566091954022989 0.46153846153846156 0.6566091954022989 0.46153846153846156 0.6551724137931034 0.4519230769230769 0.6551724137931034
0 0.5076923076923077 0.6048850574712644 0.5076923076923077 0.6063218390804598 0.5096153846153846 0.6063218390804598 0.5096153846153846 0.6048850574712644 0.5076923076923077 0.6048850574712644
0 1.1307692307692307 0.1896551724137931 1.1307692307692307 0.1910919540229885 1.1403846153846153 0.1910919540229885 1.1403846153846153 0.1896551724137931 1.1307692307692307 0.1896551724137931
0 0.2903846153846154 0.09770114942528736 0.2903846153846154 0.09913793103448276 0.29615384615384616 0.09913793103448276 0.29615384615384616 0.09770114942528736 0.2903846153846154 0.09770114942528736
0 0.7269230769230769 0.32471264367816094 0.7269230769230769 0.3261494252873563 0.7365384615384616 0.3261494252873563 0.7365384615384616 0.32471264367816094 0.7269230769230769 0.32471264367816094
0 0.12692307692307692 0.1824712643678161 0.12692307692307692 0.1839080459770115 0.13846153846153847 0.1839080459770115 0.13846153846153847 0.1824712643678161 0.12692307692307692 0.1824712643678161