0 0.9538461538461539 0.5504322766570605 0.9538461538461539 0.553314121037464 0.9576923076923077 0.553314121037464 0.9576923076923077 0.5504322766570605 0.9538461538461539 0.5504322766570605
0 0.7423076923076923 0.0 0.7423076923076923 0.002881844380403458 0.7961538461538461 0.002881844380403458 0.7961538461538461 0.0 0.7423076923076923 0.0
0 1.1538461538461537 0.02881844380403458 1.1538461538461537 0.03170028818443804 1.1653846153846155 0.03170028818443804 1.1653846153846155 0.02881844380403458 1.1538461538461537 0.02881844380403458
0 0.5807692307692308 0.4783861671469741 0.5807692307692308 0.4812680115273775 0.5923076923076923 0.4812680115273775 0.5923076923076923 0.4783861671469741 0.5807692307692308 0.4783861671469741
0 0.8846153846153846 0.0 0.8846153846153846 0.002881844380403458 0.9884615384615385 0.002881844380403458 0.9884615384615385 0.0 0.8846153846153846 0.0
0 0.019230769230769232 0.5129682997118156 0.019230769230769232 0.515850144092219 0.06923076923076923 0.515850144092219 0.06923076923076923 0.5129682997118156 0.019230769230769232 0.5129682997118156
0 0.11923076923076924 0.5504322766570605 0.11923076923076924 0.553314121037464 0.13076923076923078 0.553314121037464 0.13076923076923078 0.5504322766570605 0.11923076923076924 0.5504322766570605
0 1.0615384615384615 0.40634005763688763 1.0615384615384615 0.4092219020172911 1.0846153846153845 0.4092219020172911 1.0846153846153845 0.40634005763688763 1.0615384615384615 0.40634005763688763
0 0.4076923076923077 0.7060518731988472 0.4076923076923077 0.7089337175792507 0.4230769230769231 0.7089337175792507 0.4230769230769231 0.7060518731988472 0.4076923076923077 0.7060518731988472
0 1.073076923076923 0.659942363112392 1.073076923076923 0.6628242074927954 1.0961538461538463 0.6628242074927954 1.0961538461538463 0.659942363112392 1.073076923076923 0.659942363112392
0 0.8730769230769231 0.12968299711815562 0.8730769230769231 0.13256484149855907 0.9115384615384615 0.13256484149855907 0.9115384615384615 0.12968299711815562 0.8730769230769231 0.12968299711815562
0 1.2230769230769232 0.7146974063400576 1.2230769230769232 0.7175792507204611 1.2461538461538462 0.7175792507204611 1.2461538461538462 0.7146974063400576 1.2230769230769232 0.7146974063400576
0 1.1 0.5763688760806917 1.1 0.579250720461095 1.126923076923077 0.579250720461095 1.126923076923077 0.5763688760806917 1.1 0.5763688760806917
0 0.6230769230769231 0.6023054755043228 0.6230769230769231 0.6051873198847262 0.6423076923076924 0.6051873198847262 0.6423076923076924 0.6023054755043228 0.6230769230769231 0.6023054755043228
0 0.03461538461538462 0.2680115273775216 0.03461538461538462 0.27089337175792505 0.05384615384615385 0.27089337175792505 0.05384615384615385 0.2680115273775216 0.03461538461538462 0.2680115273775216
0 1.3 0.3631123919308357 1.3 0.3659942363112392 1.3153846153846154 0.3659942363112392 1.3153846153846154 0.3631123919308357 1.3 0.3631123919308357
0 0.4846153846153846 0.04610951008645533 0.4846153846153846 0.04899135446685879 0.49615384615384617 0.04899135446685879 0.49615384615384617 0.04610951008645533 0.4846153846153846 0.04610951008645533
0 0.16923076923076924 0.35446685878962536 0.16923076923076924 0.3573487031700288 0.18076923076923077 0.3573487031700288 0.18076923076923077 0.35446685878962536 0.16923076923076924 0.35446685878962536
0 0.16153846153846155 0.46397694524495675 0.16153846153846155 0.4668587896253602 0.18461538461538463 0.4668587896253602 0.18461538461538463 0.46397694524495675 0.16153846153846155 0.46397694524495675
0 1.2923076923076924 0.6945244956772334 1.2923076923076924 0.6974063400576369 1.3076923076923077 0.6974063400576369 1.3076923076923077 0.6945244956772334 1.2923076923076924 0.6945244956772334
0 0.13076923076923078 0.18155619596541786 0.13076923076923078 0.1844380403458213 0.17307692307692307 0.1844380403458213 0.17307692307692307 0.18155619596541786 0.13076923076923078 0.18155619596541786
0 0.09230769230769231 0.6368876080691642 0.09230769230769231 0.6397694524495677 0.11538461538461539 0.6397694524495677 0.11538461538461539 0.6368876080691642 0.09230769230769231 0.6368876080691642
0 0.7884615384615384 0.3170028818443804 0.7884615384615384 0.31988472622478387 0.8346153846153846 0.31988472622478387 0.8346153846153846 0.3170028818443804 0.7884615384615384 0.3170028818443804
0 0.25769230769230766 0.49855907780979825 0.25769230769230766 0.5014409221902018 0.27692307692307694 0.5014409221902018 0.27692307692307694 0.49855907780979825 0.25769230769230766 0.49855907780979825
0 0.7461538461538462 0.4438040345821326 0.7461538461538462 0.44668587896253603 0.7615384615384615 0.44668587896253603 0.7615384615384615 0.4438040345821326 0.7461538461538462 0.4438040345821326
0 0.2423076923076923 0.040345821325648415 0.2423076923076923 0.043227665706051875 0.24615384615384617 0.043227665706051875 0.24615384615384617 0.040345821325648415 0.2423076923076923 0.040345821325648415
0 0.0038461538461538464 0.0 0.0038461538461538464 0.002881844380403458 0.015384615384615385 0.002881844380403458 0.015384615384615385 0.0 0.0038461538461538464 0.0
0 0.16923076923076924 0.11815561959654179 0.16923076923076924 0.12103746397694524 0.18076923076923077 0.12103746397694524 0.18076923076923077 0.11815561959654179 0.16923076923076924 0.11815561959654179
0 0.7730769230769231 0.020172910662824207 0.7730769230769231 0.023054755043227664 0.8 0.023054755043227664 0.8 0.020172910662824207 0.7730769230769231 0.020172910662824207
0 0.7615384615384615 0.48703170028818443 0.7615384615384615 0.4899135446685879 0.7692307692307693 0.4899135446685879 0.7692307692307693 0.48703170028818443 0.7615384615384615 0.48703170028818443
0 1.3192307692307692 0.03170028818443804 1.3192307692307692 0.0345821325648415 1.3346153846153845 0.0345821325648415 1.3346153846153845 0.03170028818443804 1.3192307692307692 0.03170028818443804
0 0.3269230769230769 0.5129682997118156 0.3269230769230769 0.515850144092219 0.3384615384615385 0.515850144092219 0.3384615384615385 0.5129682997118156 0.3269230769230769 0.5129682997118156
0 0.8038461538461539 0.21037463976945245 0.8038461538461539 0.2132564841498559 0.8115384615384615 0.2132564841498559 0.8115384615384615 0.21037463976945245 0.8038461538461539 0.21037463976945245
0 0.7884615384615384 0.10951008645533142 0.7884615384615384 0.11239193083573487 0.8038461538461539 0.11239193083573487 0.8038461538461539 0.10951008645533142 0.7884615384615384 0.10951008645533142
0 0.6076923076923076 0.7146974063400576 0.6076923076923076 0.7175792507204611 0.6269230769230769 0.7175792507204611 0.6269230769230769 0.7146974063400576 0.6076923076923076 0.7146974063400576
0 0.9730769230769231 0.6829971181556196 0.9730769230769231 0.6858789625360231 0.9961538461538462 0.6858789625360231 0.9961538461538462 0.6829971181556196 0.9730769230769231 0.6829971181556196
0 0.007692307692307693 0.3112391930835735 0.007692307692307693 0.31412103746397696 0.03076923076923077 0.31412103746397696 0.03076923076923077 0.3112391930835735 0.007692307692307693 0.3112391930835735
0 0.676923076923077 0.414985590778098 0.676923076923077 0.41786743515850144 0.7 0.41786743515850144 0.7 0.414985590778098 0.676923076923077 0.414985590778098
0 1.1153846153846154 0.10086455331412104 1.1153846153846154 0.1037463976945245 1.1346153846153846 0.1037463976945245 1.1346153846153846 0.10086455331412104 1.1153846153846154 0.10086455331412104
0 0.6692307692307692 0.07492795389048991 0.6692307692307692 0.07780979827089338 0.7153846153846154 0.07780979827089338 0.7153846153846154 0.07492795389048991 0.6692307692307692 0.07492795389048991
0 0.2653846153846154 0.4495677233429395 0.2653846153846154 0.45244956772334294 0.27307692307692305 0.45244956772334294 0.27307692307692305 0.4495677233429395 0.2653846153846154 0.4495677233429395
0 0.3192307692307692 0.3688760806916426 0.3192307692307692 0.37175792507204614 0.3384615384615385 0.37175792507204614 0.3384615384615385 0.3688760806916426 0.3192307692307692 0.3688760806916426
0 0.3230769230769231 0.09221902017291066 0.3230769230769231 0.09510086455331412 0.35 0.09510086455331412 0.35 0.09221902017291066 0.3230769230769231 0.09221902017291066
0 0.7461538461538462 0.2478386167146974 0.7461538461538462 0.2507204610951009 0.75 0.2507204610951009 0.75 0.2478386167146974 0.7461538461538462 0.2478386167146974
0 1.2576923076923077 0.1037463976945245 1.2576923076923077 0.10662824207492795 1.2884615384615385 0.10662824207492795 1.2884615384615385 0.1037463976945245 1.2576923076923077 0.1037463976945245
0 1.1076923076923078 0.4495677233429395 1.1076923076923078 0.45244956772334294 1.1153846153846154 0.45244956772334294 1.1153846153846154 0.4495677233429395 1.1076923076923078 0.4495677233429395
0 1.1 0.29394812680115273 1.1 0.2968299711815562 1.1192307692307693 0.2968299711815562 1.1192307692307693 0.29394812680115273 1.1 0.29394812680115273
0 1.0269230769230768 0.29971181556195964 1.0269230769230768 0.3025936599423631 1.0346153846153847 0.3025936599423631 1.0346153846153847 0.29971181556195964 1.0269230769230768 0.29971181556195964
0 0.8307692307692308 0.2219020172910663 0.8307692307692308 0.22478386167146974 0.8346153846153846 0.22478386167146974 0.8346153846153846 0.2219020172910663 0.8307692307692308 0.2219020172910663
0 0.6653846153846154 0.023054755043227664 0.6653846153846154 0.025936599423631124 0.676923076923077 0.025936599423631124 0.676923076923077 0.023054755043227664 0.6653846153846154 0.023054755043227664
0 1.0653846153846154 0.3688760806916426 1.0653846153846154 0.37175792507204614 1.103846153846154 0.37175792507204614 1.103846153846154 0.3688760806916426 1.0653846153846154 0.3688760806916426
0 0.6153846153846154 0.3227665706051873 0.6153846153846154 0.3256484149855908 0.6307692307692307 0.3256484149855908 0.6307692307692307 0.3227665706051873 0.6153846153846154 0.3227665706051873
0 0.5923076923076923 0.0 0.5923076923076923 0.002881844380403458 0.6423076923076924 0.002881844380403458 0.6423076923076924 0.0 0.5923076923076923 0.0
0 0.38846153846153847 0.0 0.38846153846153847 0.002881844380403458 0.5038461538461538 0.002881844380403458 0.5038461538461538 0.0 0.38846153846153847 0.0
0 1.1538461538461537 0.4034582132564842 1.1538461538461537 0.40634005763688763 1.1576923076923078 0.40634005763688763 1.1576923076923078 0.4034582132564842 1.1538461538461537 0.4034582132564842
0 1.0576923076923077 0.5821325648414986 1.0576923076923077 0.5850144092219021 1.0807692307692307 0.5850144092219021 1.0807692307692307 0.5821325648414986 1.0576923076923077 0.5821325648414986
0 1.0961538461538463 0.41210374639769454 1.0961538461538463 0.414985590778098 1.1153846153846154 0.414985590778098 1.1153846153846154 0.41210374639769454 1.0961538461538463 0.41210374639769454
0 0.9115384615384615 0.4207492795389049 0.9115384615384615 0.42363112391930835 0.9153846153846154 0.42363112391930835 0.9153846153846154 0.4207492795389049 0.9115384615384615 0.4207492795389049
0 1.3307692307692307 0.020172910662824207 1.3307692307692307 0.023054755043227664 1.3346153846153845 0.023054755043227664 1.3346153846153845 0.020172910662824207 1.3307692307692307 0.020172910662824207
0 0.9192307692307692 0.207492795389049 0.9192307692307692 0.21037463976945245 0.9307692307692308 0.21037463976945245 0.9307692307692308 0.207492795389049 0.9192307692307692 0.207492795389049
0 1.1346153846153846 0.4092219020172911 1.1346153846153846 0.41210374639769454 1.1653846153846155 0.41210374639769454 1.1653846153846155 0.4092219020172911 1.1346153846153846 0.4092219020172911
0 0.3346153846153846 0.31988472622478387 0.3346153846153846 0.3227665706051873 0.35384615384615387 0.3227665706051873 0.35384615384615387 0.31988472622478387 0.3346153846153846 0.31988472622478387
0 1.0807692307692307 0.2219020172910663 1.0807692307692307 0.22478386167146974 1.0846153846153845 0.22478386167146974 1.0846153846153845 0.2219020172910663 1.0807692307692307 0.2219020172910663
0 0.8538461538461538 0.5100864553314121 0.8538461538461538 0.5129682997118156 0.8730769230769231 0.5129682997118156 0.8730769230769231 0.5100864553314121 0.8538461538461538 0.5100864553314121
0 0.6346153846153846 0.06051873198847262 0.6346153846153846 0.06340057636887608 0.6384615384615384 0.06340057636887608 0.6384615384615384 0.06051873198847262 0.6346153846153846 0.06051873198847262
0 0.8 0.5043227665706052 0.8 0.5072046109510087 0.8038461538461539 0.5072046109510087 0.8038461538461539 0.5043227665706052 0.8 0.5043227665706052
0 0.7884615384615384 0.13256484149855907 0.7884615384615384 0.13544668587896252 0.7961538461538461 0.13544668587896252 0.7961538461538461 0.13256484149855907 0.7884615384615384 0.13256484149855907
0 0.3153846153846154 0.19596541786743515 0.3153846153846154 0.1988472622478386 0.34615384615384615 0.1988472622478386 0.34615384615384615 0.19596541786743515 0.3153846153846154 0.19596541786743515
0 0.046153846153846156 0.622478386167147 0.046153846153846156 0.6253602305475504 0.06153846153846154 0.6253602305475504 0.06153846153846154 0.622478386167147 0.046153846153846156 0.622478386167147
0 0.85 0.3025936599423631 0.85 0.30547550432276654 0.8653846153846154 0.30547550432276654 0.8653846153846154 0.3025936599423631 0.85 0.3025936599423631