0 0.9615384615384616 0.27011494252873564 0.9615384615384616 0.27155172413793105 0.9846153846153847 0.27155172413793105 0.9846153846153847 0.27011494252873564 0.9615384615384616 0.27011494252873564
0 1.0442307692307693 0.1896551724137931 1.0442307692307693 0.1910919540229885 1.0480769230769231 0.1910919540229885 1.0480769230769231 0.1896551724137931 1.0442307692307693 0.1896551724137931
0 0.975 0.5560344827586207 0.975 0.5574712643678161 0.9807692307692307 0.5574712643678161 0.9807692307692307 0.5560344827586207 0.975 0.5560344827586207
0 0.9692307692307692 0.021551724137931036 0.9692307692307692 0.022988505747126436 0.9903846153846154 0.022988505747126436 0.9903846153846154 0.021551724137931036 0.9692307692307692 0.021551724137931036
0 0.15576923076923077 0.22701149425287356 0.15576923076923077 0.22844827586206898 0.18269230769230768 0.22844827586206898 0.18269230769230768 0.22701149425287356 0.15576923076923077 0.22701149425287356
0 0.6326923076923077 0.6063218390804598 0.6326923076923077 0.6077586206896551 0.6519230769230769 0.6077586206896551 0.6519230769230769 0.6063218390804598 0.6326923076923077 0.6063218390804598
0 0.06923076923076923 0.43103448275862066 0.06923076923076923 0.4324712643678161 0.08076923076923077 0.4324712643678161 0.08076923076923077 0.43103448275862066 0.06923076923076923 0.43103448275862066
0 0.3038461538461538 0.0 0.3038461538461538 0.0014367816091954023 0.35 0.0014367816091954023 0.35 0.0 0.3038461538461538 0.0
0 1.0615384615384615 0.5431034482758621 1.0615384615384615 0.5445402298850575 1.0692307692307692 0.5445402298850575 1.0692307692307692 0.5431034482758621 1.0615384615384615 0.5431034482758621
0 0.825 0.034482758620689655 0.825 0.035919540229885055 0.8480769230769231 0.035919540229885055 0.8480769230769231 0.034482758620689655 0.825 0.034482758620689655
0 0.7923076923076923 0.6091954022988506 0.7923076923076923 0.610632183908046 0.8076923076923077 0.610632183908046 0.8076923076923077 0.6091954022988506 0.7923076923076923 0.6091954022988506
0 1.0423076923076924 0.5761494252873564 1.0423076923076924 0.5775862068965517 1.0538461538461539 0.5775862068965517 1.0538461538461539 0.5761494252873564 1.0423076923076924 0.5761494252873564
0 0.34423076923076923 0.4813218390804598 0.34423076923076923 0.4827586206896552 0.35384615384615387 0.4827586206896552 0.35384615384615387 0.4813218390804598 0.34423076923076923 0.4813218390804598
0 1.3288461538461538 0.5129310344827587 1.3288461538461538 0.514367816091954 1.3384615384615384 0.514367816091954 1.3384615384615384 0.5129310344827587 1.3288461538461538 0.5129310344827587
0 0.225 0.0 0.225 0.0014367816091954023 0.2673076923076923 0.0014367816091954023 0.2673076923076923 0.0 0.225 0.0
0 0.6461538461538462 0.3692528735632184 0.6461538461538462 0.3706896551724138 0.6557692307692308 0.3706896551724138 0.6557692307692308 0.3692528735632184 0.6461538461538462 0.3692528735632184
0 0.8769230769230769 0.3505747126436782 0.8769230769230769 0.35201149425287354 0.8884615384615384 0.35201149425287354 0.8884615384615384 0.3505747126436782 0.8769230769230769 0.3505747126436782
0 0.7038461538461539 0.5158045977011494 0.7038461538461539 0.5172413793103449 0.7115384615384616 0.5172413793103449 0.7115384615384616 0.5158045977011494 0.7038461538461539 0.5158045977011494
0 0.17692307692307693 0.6120689655172413 0.17692307692307693 0.6135057471264368 0.18653846153846154 0.6135057471264368 0.18653846153846154 0.6120689655172413 0.17692307692307693 0.6120689655172413
0 0.20576923076923076 0.005747126436781609 0.20576923076923076 0.007183908045977011 0.21153846153846154 0.007183908045977011 0.21153846153846154 0.005747126436781609 0.20576923076923076 0.005747126436781609
0 0.4269230769230769 0.5675287356321839 0.4269230769230769 0.5689655172413793 0.4519230769230769 0.5689655172413793 0.4519230769230769 0.5675287356321839 0.4269230769230769 0.5675287356321839
0 0.8 0.27873563218390807 0.8 0.2801724137931034 0.8211538461538461 0.2801724137931034 0.8211538461538461 0.27873563218390807 0.8 0.27873563218390807
0 0.6807692307692308 0.5517241379310345 0.6807692307692308 0.5531609195402298 0.6942307692307692 0.5531609195402298 0.6942307692307692 0.5517241379310345 0.6807692307692308 0.5517241379310345
0 0.05 0.028735632183908046 0.05 0.03017241379310345 0.08653846153846154 0.03017241379310345 0.08653846153846154 0.028735632183908046 0.05 0.028735632183908046
0 1.2615384615384615 0.5416666666666666 1.2615384615384615 0.5431034482758621 1.271153846153846 0.5431034482758621 1.271153846153846 0.5416666666666666 1.2615384615384615 0.5416666666666666
0 0.5538461538461539 0.031609195402298854 0.5538461538461539 0.033045977011494254 0.5576923076923077 0.033045977011494254 0.5576923076923077 0.031609195402298854 0.5538461538461539 0.031609195402298854
0 0.8673076923076923 0.0 0.8673076923076923 0.0014367816091954023 0.9596153846153846 0.0014367816091954023 0.9596153846153846 0.0 0.8673076923076923 0.0
0 0.8134615384615385 0.3864942528735632 0.8134615384615385 0.3879310344827586 0.825 0.3879310344827586 0.825 0.3864942528735632 0.8134615384615385 0.3864942528735632
0 0.7326923076923076 0.08333333333333333 0.7326923076923076 0.08477011494252873 0.7403846153846154 0.08477011494252873 0.7403846153846154 0.08333333333333333 0.7326923076923076 0.08333333333333333
0 0.225 0.6278735632183908 0.225 0.6293103448275862 0.2403846153846154 0.6293103448275862 0.2403846153846154 0.6278735632183908 0.225 0.6278735632183908
0 1.225 0.37212643678160917 1.225 0.3735632183908046 1.2403846153846154 0.3735632183908046 1.2403846153846154 0.37212643678160917 1.225 0.37212643678160917
0 0.3269230769230769 0.49712643678160917 0.3269230769230769 0.4985632183908046 0.3384615384615385 0.4985632183908046 0.3384615384615385 0.49712643678160917 0.3269230769230769 0.49712643678160917
0 0.9423076923076923 0.21839080459770116 0.9423076923076923 0.21982758620689655 0.9596153846153846 0.21982758620689655 0.9596153846153846 0.21839080459770116 0.9423076923076923 0.21839080459770116
0 0.1076923076923077 0.6350574712643678 0.1076923076923077 0.6364942528735632 0.12884615384615383 0.6364942528735632 0.12884615384615383 0.6350574712643678 0.1076923076923077 0.6350574712643678
0 0.7557692307692307 0.6709770114942529 0.7557692307692307 0.6724137931034483 0.7730769230769231 0.6724137931034483 0.7730769230769231 0.6709770114942529 0.7557692307692307 0.6709770114942529
0 0.03076923076923077 0.0 0.03076923076923077 0.0014367816091954023 0.11153846153846154 0.0014367816091954023 0.11153846153846154 0.0 0.03076923076923077 0.0
0 0.6519230769230769 0.6896551724137931 0.6519230769230769 0.6910919540229885 0.6730769230769231 0.6910919540229885 0.6730769230769231 0.6896551724137931 0.6519230769230769 0.6896551724137931
0 0.925 0.02442528735632184 0.925 0.02586206896551724 0.9365384615384615 0.02586206896551724 0.9365384615384615 0.02442528735632184 0.925 0.02442528735632184
0 0.48653846153846153 0.14224137931034483 0.48653846153846153 0.14367816091954022 0.49230769230769234 0.14367816091954022 0.49230769230769234 0.14224137931034483 0.48653846153846153 0.14224137931034483
0 0.1 0.6408045977011494 0.1 0.6422413793103449 0.1076923076923077 0.6422413793103449 0.1076923076923077 0.6408045977011494 0.1 0.6408045977011494
0 0.046153846153846156 0.6278735632183908 0.046153846153846156 0.6293103448275862 0.05 0.6293103448275862 0.05 0.6278735632183908 0.046153846153846156 0.6278735632183908
0 0.573076923076923 0.6609195402298851 0.573076923076923 0.6623563218390804 0.5923076923076923 0.6623563218390804 0.5923076923076923 0.6609195402298851 0.573076923076923 0.6609195402298851
0 0.6134615384615385 0.4367816091954023 0.6134615384615385 0.4382183908045977 0.6173076923076923 0.4382183908045977 0.6173076923076923 0.4367816091954023 0.6134615384615385 0.4367816091954023
0 0.8961538461538462 0.21264367816091953 0.8961538461538462 0.21408045977011494 0.9057692307692308 0.21408045977011494 0.9057692307692308 0.21264367816091953 0.8961538461538462 0.21264367816091953
0 0.5923076923076923 0.17959770114942528 0.5923076923076923 0.1810344827586207 0.6134615384615385 0.1810344827586207 0.6134615384615385 0.17959770114942528 0.5923076923076923 0.17959770114942528
0 0.6442307692307693 0.3017241379310345 0.6442307692307693 0.3031609195402299 0.65 0.3031609195402299 0.65 0.3017241379310345 0.6442307692307693 0.3017241379310345
0 0.8557692307692307 0.2672413793103448 0.8557692307692307 0.2686781609195402 0.8673076923076923 0.2686781609195402 0.8673076923076923 0.2672413793103448 0.8557692307692307 0.2672413793103448
0 1.0153846153846153 0.11781609195402298 1.0153846153846153 0.11925287356321838 1.0346153846153847 0.11925287356321838 1.0346153846153847 0.11781609195402298 1.0153846153846153 0.11781609195402298
0 1.0442307692307693 0.03879310344827586 1.0442307692307693 0.040229885057471264 1.073076923076923 0.040229885057471264 1.073076923076923 0.03879310344827586 1.0442307692307693 0.03879310344827586
0 1.025 0.1336206896551724 1.025 0.13505747126436782 1.0461538461538462 0.13505747126436782 1.0461538461538462 0.1336206896551724 1.025 0.1336206896551724
0 0.9230769230769231 0.7385057471264368 0.9230769230769231 0.7399425287356322 0.9403846153846154 0.7399425287356322 0.9403846153846154 0.7385057471264368 0.9230769230769231 0.7385057471264368
0 0.4 0.16522988505747127 0.4 0.16666666666666666 0.4096153846153846 0.16666666666666666 0.4096153846153846 0.16522988505747127 0.4 0.16522988505747127
0 0.9557692307692308 0.6982758620689655 0.9557692307692308 0.6997126436781609 0.975 0.6997126436781609 0.975 0.6982758620689655 0.9557692307692308 0.6982758620689655
0 1.3173076923076923 0.02586206896551724 1.3173076923076923 0.027298850574712645 1.3269230769230769 0.027298850574712645 1.3269230769230769 0.02586206896551724 1.3173076923076923 0.02586206896551724
0 0.9942307692307693 0.5948275862068966 0.9942307692307693 0.5962643678160919 0.9980769230769231 0.5962643678160919 0.9980769230769231 0.5948275862068966 0.9942307692307693 0.5948275862068966
0 0.8365384615384616 0.48419540229885055 0.8365384615384616 0.48563218390804597 0.8423076923076923 0.48563218390804597 0.8423076923076923 0.48419540229885055 0.8365384615384616 0.48419540229885055
0 1.3269230769230769 0.5474137931034483 1.3269230769230769 0.5488505747126436 1.3384615384615384 0.5488505747126436 1.3384615384615384 0.5474137931034483 1.3269230769230769 0.5474137931034483
0 0.023076923076923078 0.21839080459770116 0.023076923076923078 0.21982758620689655 0.051923076923076926 0.21982758620689655 0.051923076923076926 0.21839080459770116 0.023076923076923078 0.21839080459770116
0 1.0615384615384615 0.5445402298850575 1.0615384615384615 0.5459770114942529 1.0788461538461538 0.5459770114942529 1.0788461538461538 0.5445402298850575 1.0615384615384615 0.5445402298850575
0 0.8269230769230769 0.2025862068965517 0.8269230769230769 0.20402298850574713 0.8346153846153846 0.20402298850574713 0.8346153846153846 0.2025862068965517 0.8269230769230769 0.2025862068965517
0 0.24807692307692308 0.08764367816091954 0.24807692307692308 0.08908045977011494 0.25961538461538464 0.08908045977011494 0.25961538461538464 0.08764367816091954 0.24807692307692308 0.08764367816091954
0 0.35192307692307695 0.5100574712643678 0.35192307692307695 0.5114942528735632 0.36346153846153845 0.5114942528735632 0.36346153846153845 0.5100574712643678 0.35192307692307695 0.5100574712643678
0 0.6826923076923077 0.5387931034482759 0.6826923076923077 0.5402298850574713 0.6903846153846154 0.5402298850574713 0.6903846153846154 0.5387931034482759 0.6826923076923077 0.5387931034482759
0 1.1384615384615384 0.08045977011494253 1.1384615384615384 0.08189655172413793 1.1692307692307693 0.08189655172413793 1.1692307692307693 0.08045977011494253 1.1384615384615384 0.08045977011494253
0 0.4173076923076923 0.15373563218390804 0.4173076923076923 0.15517241379310345 0.4269230769230769 0.15517241379310345 0.4269230769230769 0.15373563218390804 0.4173076923076923 0.15373563218390804
0 1.1961538461538461 0.41379310344827586 1.1961538461538461 0.41522988505747127 1.2096153846153845 0.41522988505747127 1.2096153846153845 0.41379310344827586 1.1961538461538461 0.41379310344827586
0 0.5596153846153846 0.36063218390804597 0.5596153846153846 0.3620689655172414 0.5711538461538461 0.3620689655172414 0.5711538461538461 0.36063218390804597 0.5596153846153846 0.36063218390804597
0 0.7788461538461539 0.4367816091954023 0.7788461538461539 0.4382183908045977 0.7807692307692308 0.4382183908045977 0.7807692307692308 0.4367816091954023 0.7788461538461539 0.4367816091954023
0 0.12307692307692308 0.0 0.12307692307692308 0.0014367816091954023 0.17115384615384616 0.0014367816091954023 0.17115384615384616 0.0 0.12307692307692308 0.0
0 0.9326923076923077 0.492816091954023 0.9326923076923077 0.4942528735632184 0.9538461538461539 0.4942528735632184 0.9538461538461539 0.492816091954023 0.9326923076923077 0.492816091954023
0 0.051923076923076926 0.7183908045977011 0.051923076923076926 0.7198275862068966 0.05576923076923077 0.7198275862068966 0.05576923076923077 0.7183908045977011 0.051923076923076926 0.7183908045977011
0 0.4596153846153846 0.5086206896551724 0.4596153846153846 0.5100574712643678 0.47115384615384615 0.5100574712643678 0.47115384615384615 0.5086206896551724 0.4596153846153846 0.5086206896551724
0 1.2019230769230769 0.1307471264367816 1.2019230769230769 0.13218390804597702 1.2115384615384615 0.13218390804597702 1.2115384615384615 0.1307471264367816 1.2019230769230769 0.1307471264367816
0 0.4461538461538462 0.7011494252873564 0.4461538461538462 0.7025862068965517 0.46153846153846156 0.7025862068965517 0.46153846153846156 0.7011494252873564 0.4461538461538462 0.7011494252873564
0 0.7615384615384615 0.05172413793103448 0.7615384615384615 0.05316091954022988 0.7673076923076924 0.05316091954022988 0.7673076923076924 0.05172413793103448 0.7615384615384615 0.05172413793103448
0 0.35192307692307695 0.6752873563218391 0.35192307692307695 0.6767241379310345 0.37115384615384617 0.6767241379310345 0.37115384615384617 0.6752873563218391 0.35192307692307695 0.6752873563218391