0 0.801923076923077 0.33764367816091956 0.801923076923077 0.3390804597701149 0.8115384615384615 0.3390804597701149 0.8115384615384615 0.33764367816091956 0.801923076923077 0.33764367816091956
0 0.11923076923076924 0.5287356321839081 0.11923076923076924 0.5301724137931034 0.12692307692307692 0.5301724137931034 0.12692307692307692 0.5287356321839081 0.11923076923076924 0.5287356321839081
0 0.28076923076923077 0.5732758620689655 0.28076923076923077 0.5747126436781609 0.28846153846153844 0.5747126436781609 0.28846153846153844 0.5732758620689655 0.28076923076923077 0.5732758620689655
0 0.5211538461538462 0.6235632183908046 0.5211538461538462 0.625 0.5384615384615384 0.625 0.5384615384615384 0.6235632183908046 0.5211538461538462 0.6235632183908046
0 0.0038461538461538464 0.7155172413793104 0.0038461538461538464 0.7169540229885057 0.013461538461538462 0.7169540229885057 0.013461538461538462 0.7155172413793104 0.0038461538461538464 0.7155172413793104
0 0.038461538461538464 0.7370689655172413 0.038461538461538464 0.7385057471264368 0.04230769230769231 0.7385057471264368 0.04230769230769231 0.7370689655172413 0.038461538461538464 0.7370689655172413
0 0.7288461538461538 0.5402298850574713 0.7288461538461538 0.5416666666666666 0.7384615384615385 0.5416666666666666 0.7384615384615385 0.5402298850574713 0.7288461538461538 0.5402298850574713
0 0.698076923076923 0.17385057471264367 0.698076923076923 0.1752873563218391 0.7096153846153846 0.1752873563218391 0.7096153846153846 0.17385057471264367 0.698076923076923 0.17385057471264367
0 0.015384615384615385 0.7227011494252874 0.015384615384615385 0.7241379310344828 0.03461538461538462 0.7241379310344828 0.03461538461538462 0.7227011494252874 0.015384615384615385 0.7227011494252874
0 0.25 0.43103448275862066 0.25 0.4324712643678161 0.26346153846153847 0.4324712643678161 0.26346153846153847 0.43103448275862066 0.25 0.43103448275862066
0 0.47115384615384615 0.7068965517241379 0.47115384615384615 0.7083333333333334 0.47692307692307695 0.7083333333333334 0.47692307692307695 0.7068965517241379 0.47115384615384615 0.7068965517241379
0 0.6288461538461538 0.7140804597701149 0.6288461538461538 0.7155172413793104 0.6538461538461539 0.7155172413793104 0.6538461538461539 0.7140804597701149 0.6288461538461538 0.7140804597701149
0 0.1596153846153846 0.10632183908045977 0.1596153846153846 0.10775862068965517 0.19038461538461537 0.10775862068965517 0.19038461538461537 0.10632183908045977 0.1596153846153846 0.10632183908045977
0 0.47115384615384615 0.5862068965517241 0.47115384615384615 0.5876436781609196 0.4826923076923077 0.5876436781609196 0.4826923076923077 0.5862068965517241 0.47115384615384615 0.5862068965517241
0 0.11538461538461539 0.5905172413793104 0.11538461538461539 0.5919540229885057 0.125 0.5919540229885057 0.125 0.5905172413793104 0.11538461538461539 0.5905172413793104
0 1.0288461538461537 0.45689655172413796 1.0288461538461537 0.4583333333333333 1.0538461538461539 0.4583333333333333 1.0538461538461539 0.45689655172413796 1.0288461538461537 0.45689655172413796
0 1.1557692307692307 0.47844827586206895 1.1557692307692307 0.47988505747126436 1.1692307692307693 0.47988505747126436 1.1692307692307693 0.47844827586206895 1.1557692307692307 0.47844827586206895
0 0.25769230769230766 0.20689655172413793 0.25769230769230766 0.20833333333333334 0.26153846153846155 0.20833333333333334 0.26153846153846155 0.20689655172413793 0.25769230769230766 0.20689655172413793
0 1.2461538461538462 0.3031609195402299 1.2461538461538462 0.3045977011494253 1.2576923076923077 0.3045977011494253 1.2576923076923077 0.3031609195402299 1.2461538461538462 0.3031609195402299
0 0.6576923076923077 0.2557471264367816 0.6576923076923077 0.257183908045977 0.6692307692307692 0.257183908045977 0.6692307692307692 0.2557471264367816 0.6576923076923077 0.2557471264367816
0 0.5692307692307692 0.6221264367816092 0.5692307692307692 0.6235632183908046 0.5769230769230769 0.6235632183908046 0.5769230769230769 0.6221264367816092 0.5692307692307692 0.6221264367816092
0 0.9865384615384616 0.5359195402298851 0.9865384615384616 0.5373563218390804 0.9980769230769231 0.5373563218390804 0.9980769230769231 0.5359195402298851 0.9865384615384616 0.5359195402298851
0 0.8403846153846154 0.07183908045977011 0.8403846153846154 0.07327586206896551 0.8538461538461538 0.07327586206896551 0.8538461538461538 0.07183908045977011 0.8403846153846154 0.07183908045977011
0 0.07115384615384615 0.47126436781609193 0.07115384615384615 0.47270114942528735 0.08269230769230769 0.47270114942528735 0.08269230769230769 0.47126436781609193 0.07115384615384615 0.47126436781609193
0 0.6192307692307693 0.23132183908045978 0.6192307692307693 0.23275862068965517 0.6307692307692307 0.23275862068965517 0.6307692307692307 0.23132183908045978 0.6192307692307693 0.23132183908045978
0 1.273076923076923 0.07758620689655173 1.273076923076923 0.07902298850574713 1.2788461538461537 0.07902298850574713 1.2788461538461537 0.07758620689655173 1.273076923076923 0.07758620689655173
0 0.10961538461538461 0.5517241379310345 0.10961538461538461 0.5531609195402298 0.12307692307692308 0.5531609195402298 0.12307692307692308 0.5517241379310345 0.10961538461538461 0.5517241379310345
0 1.2557692307692307 0.5977011494252874 1.2557692307692307 0.5991379310344828 1.2596153846153846 0.5991379310344828 1.2596153846153846 0.5977011494252874 1.2557692307692307 0.5977011494252874
0 0.5884615384615385 0.735632183908046 0.5884615384615385 0.7370689655172413 0.6076923076923076 0.7370689655172413 0.6076923076923076 0.735632183908046 0.5884615384615385 0.735632183908046
0 0.6596153846153846 0.040229885057471264 0.6596153846153846 0.041666666666666664 0.676923076923077 0.041666666666666664 0.676923076923077 0.040229885057471264 0.6596153846153846 0.040229885057471264
0 0.4442307692307692 0.3764367816091954 0.4442307692307692 0.37787356321839083 0.4596153846153846 0.37787356321839083 0.4596153846153846 0.3764367816091954 0.4442307692307692 0.3764367816091954
0 0.3423076923076923 0.14798850574712644 0.3423076923076923 0.14942528735632185 0.35384615384615387 0.14942528735632185 0.35384615384615387 0.14798850574712644 0.3423076923076923 0.14798850574712644
0 0.6269230769230769 0.0 0.6269230769230769 0.0014367816091954023 0.6788461538461539 0.0014367816091954023 0.6788461538461539 0.0 0.6269230769230769 0.0
0 0.5711538461538461 0.7183908045977011 0.5711538461538461 0.7198275862068966 0.573076923076923 0.7198275862068966 0.573076923076923 0.7183908045977011 0.5711538461538461 0.7183908045977011
0 1.2461538461538462 0.6336206896551724 1.2461538461538462 0.6350574712643678 1.2653846153846153 0.6350574712643678 1.2653846153846153 0.6336206896551724 1.2461538461538462 0.6336206896551724
0 0.5153846153846153 0.0 0.5153846153846153 0.0014367816091954023 0.575 0.0014367816091954023 0.575 0.0 0.5153846153846153 0.0
0 0.14038461538461539 0.4640804597701149 0.14038461538461539 0.46551724137931033 0.16153846153846155 0.46551724137931033 0.16153846153846155 0.4640804597701149 0.14038461538461539 0.4640804597701149
0 1.1615384615384616 0.3204022988505747 1.1615384615384616 0.3218390804597701 1.1788461538461539 0.3218390804597701 1.1788461538461539 0.3204022988505747 1.1615384615384616 0.3204022988505747
0 1.1653846153846155 0.29310344827586204 1.1653846153846155 0.29454022988505746 1.1711538461538462 0.29454022988505746 1.1711538461538462 0.29310344827586204 1.1653846153846155 0.29310344827586204
0 1.0903846153846153 0.44971264367816094 1.0903846153846153 0.4511494252873563 1.1 0.4511494252873563 1.1 0.44971264367816094 1.0903846153846153 0.44971264367816094
0 0.5576923076923077 0.22701149425287356 0.5576923076923077 0.22844827586206898 0.5673076923076923 0.22844827586206898 0.5673076923076923 0.22701149425287356 0.5576923076923077 0.22701149425287356
0 0.49038461538461536 0.6566091954022989 0.49038461538461536 0.6580459770114943 0.5057692307692307 0.6580459770114943 0.5057692307692307 0.6566091954022989 0.49038461538461536 0.6566091954022989
0 0.1346153846153846 0.6149425287356322 0.1346153846153846 0.6163793103448276 0.13846153846153847 0.6163793103448276 0.13846153846153847 0.6149425287356322 0.1346153846153846 0.6149425287356322
0 1.2365384615384616 0.6882183908045977 1.2365384615384616 0.6896551724137931 1.2423076923076923 0.6896551724137931 1.2423076923076923 0.6882183908045977 1.2365384615384616 0.6882183908045977
0 0.09423076923076923 0.1206896551724138 0.09423076923076923 0.1221264367816092 0.1076923076923077 0.1221264367816092 0.1076923076923077 0.1206896551724138 0.09423076923076923 0.1206896551724138
0 0.32884615384615384 0.521551724137931 0.32884615384615384 0.5229885057471264 0.3423076923076923 0.5229885057471264 0.3423076923076923 0.521551724137931 0.32884615384615384 0.521551724137931
0 0.6 0.4942528735632184 0.6 0.4956896551724138 0.6096153846153847 0.4956896551724138 0.6096153846153847 0.4942528735632184 0.6 0.4942528735632184
0 0.8403846153846154 0.4281609195402299 0.8403846153846154 0.4295977011494253 0.8557692307692307 0.4295977011494253 0.8557692307692307 0.4281609195402299 0.8403846153846154 0.4281609195402299
0 0.37115384615384617 0.3994252873563218 0.37115384615384617 0.40086206896551724 0.3903846153846154 0.40086206896551724 0.3903846153846154 0.3994252873563218 0.37115384615384617 0.3994252873563218
0 0.698076923076923 0.010057471264367816 0.698076923076923 0.011494252873563218 0.7153846153846154 0.011494252873563218 0.7153846153846154 0.010057471264367816 0.698076923076923 0.010057471264367816
0 0.8211538461538461 0.2959770114942529 0.8211538461538461 0.2974137931034483 0.8365384615384616 0.2974137931034483 0.8365384615384616 0.2959770114942529 0.8211538461538461 0.2959770114942529
0 0.8596153846153847 0.6580459770114943 0.8596153846153847 0.6594827586206896 0.8769230769230769 0.6594827586206896 0.8769230769230769 0.6580459770114943 0.8596153846153847 0.6580459770114943
0 0.29615384615384616 0.4324712643678161 0.29615384615384616 0.4339080459770115 0.31346153846153846 0.4339080459770115 0.31346153846153846 0.4324712643678161 0.29615384615384616 0.4324712643678161
0 0.16346153846153846 0.6048850574712644 0.16346153846153846 0.6063218390804598 0.175 0.6063218390804598 0.175 0.6048850574712644 0.16346153846153846 0.6048850574712644
0 0.7557692307692307 0.1235632183908046 0.7557692307692307 0.125 0.7653846153846153 0.125 0.7653846153846153 0.1235632183908046 0.7557692307692307 0.1235632183908046
0 1.025 0.11925287356321838 1.025 0.1206896551724138 1.0346153846153847 0.1206896551724138 1.0346153846153847 0.11925287356321838 1.025 0.11925287356321838
0 0.14807692307692308 0.06896551724137931 0.14807692307692308 0.07040229885057471 0.16346153846153846 0.07040229885057471 0.16346153846153846 0.06896551724137931 0.14807692307692308 0.06896551724137931
0 0.9076923076923077 0.0 0.9076923076923077 0.0014367816091954023 0.9903846153846154 0.0014367816091954023 0.9903846153846154 0.0 0.9076923076923077 0.0
0 0.5807692307692308 0.10919540229885058 0.5807692307692308 0.11063218390804598 0.5846153846153846 0.11063218390804598 0.5846153846153846 0.10919540229885058 0.5807692307692308 0.10919540229885058
0 1.2634615384615384 0.6982758620689655 1.2634615384615384 0.6997126436781609 1.2788461538461537 0.6997126436781609 1.2788461538461537 0.6982758620689655 1.2634615384615384 0.6982758620689655
0 0.7076923076923077 0.09051724137931035 0.7076923076923077 0.09195402298850575 0.7153846153846154 0.09195402298850575 0.7153846153846154 0.09051724137931035 0.7076923076923077 0.09051724137931035
0 0.05576923076923077 0.1896551724137931 0.05576923076923077 0.1910919540229885 0.07115384615384615 0.1910919540229885 0.07115384615384615 0.1896551724137931 0.05576923076923077 0.1896551724137931
0 0.051923076923076926 0.4353448275862069 0.051923076923076926 0.4367816091954023 0.05961538461538462 0.4367816091954023 0.05961538461538462 0.4353448275862069 0.051923076923076926 0.4353448275862069
0 0.3269230769230769 0.6795977011494253 0.3269230769230769 0.6810344827586207 0.3346153846153846 0.6810344827586207 0.3346153846153846 0.6795977011494253 0.3269230769230769 0.6795977011494253
0 0.5326923076923077 0.4942528735632184 0.5326923076923077 0.4956896551724138 0.5403846153846154 0.4956896551724138 0.5403846153846154 0.4942528735632184 0.5326923076923077 0.4942528735632184
0 0.07884615384615384 0.4511494252873563 0.07884615384615384 0.4525862068965517 0.09230769230769231 0.4525862068965517 0.09230769230769231 0.4511494252873563 0.07884615384615384 0.4511494252873563
0 1.0307692307692307 0.1867816091954023 1.0307692307692307 0.1882183908045977 1.0346153846153847 0.1882183908045977 1.0346153846153847 0.1867816091954023 1.0307692307692307 0.1867816091954023
0 0.35 0.11063218390804598 0.35 0.11206896551724138 0.35384615384615387 0.11206896551724138 0.35384615384615387 0.11063218390804598 0.35 0.11063218390804598
0 1.3096153846153846 0.16666666666666666 1.3096153846153846 0.16810344827586207 1.3269230769230769 0.16810344827586207 1.3269230769230769 0.16666666666666666 1.3096153846153846 0.16666666666666666
0 0.5557692307692308 0.035919540229885055 0.5557692307692308 0.03735632183908046 0.5615384615384615 0.03735632183908046 0.5615384615384615 0.035919540229885055 0.5557692307692308 0.035919540229885055
0 0.21346153846153845 0.10057471264367816 0.21346153846153845 0.10201149425287356 0.225 0.10201149425287356 0.225 0.10057471264367816 0.21346153846153845 0.10057471264367816
0 0.009615384615384616 0.0 0.009615384615384616 0.0014367816091954023 0.05576923076923077 0.0014367816091954023 0.05576923076923077 0.0 0.009615384615384616 0.0
0 1.0557692307692308 0.6537356321839081 1.0557692307692308 0.6551724137931034 1.0653846153846154 0.6551724137931034 1.0653846153846154 0.6537356321839081 1.0557692307692308 0.6537356321839081
0 0.9076923076923077 0.2859195402298851 0.9076923076923077 0.28735632183908044 0.9173076923076923 0.28735632183908044 0.9173076923076923 0.2859195402298851 0.9076923076923077 0.2859195402298851
0 0.5230769230769231 0.1336206896551724 0.5230769230769231 0.13505747126436782 0.5269230769230769 0.13505747126436782 0.5269230769230769 0.1336206896551724 0.5230769230769231 0.1336206896551724
0 0.6192307692307693 0.3275862068965517 0.6192307692307693 0.3290229885057471 0.6346153846153846 0.3290229885057471 0.6346153846153846 0.3275862068965517 0.6192307692307693 0.3275862068965517
0 0.1596153846153846 0.6882183908045977 0.1596153846153846 0.6896551724137931 0.16923076923076924 0.6896551724137931 0.16923076923076924 0.6882183908045977 0.1596153846153846 0.6882183908045977
0 0.9576923076923077 0.5172413793103449 0.9576923076923077 0.5186781609195402 0.9711538461538461 0.5186781609195402 0.9711538461538461 0.5172413793103449 0.9576923076923077 0.5172413793103449
0 0.551923076923077 0.2686781609195402 0.551923076923077 0.27011494252873564 0.5769230769230769 0.27011494252873564 0.5769230769230769 0.2686781609195402 0.551923076923077 0.2686781609195402
0 0.025 0.28879310344827586 0.025 0.29022988505747127 0.04038461538461539 0.29022988505747127 0.04038461538461539 0.28879310344827586 0.025 0.28879310344827586
0 0.5192307692307693 0.34195402298850575 0.5192307692307693 0.34339080459770116 0.5326923076923077 0.34339080459770116 0.5326923076923077 0.34195402298850575 0.5192307692307693 0.34195402298850575
0 0.9 0.1839080459770115 0.9 0.1853448275862069 0.9173076923076923 0.1853448275862069 0.9173076923076923 0.1839080459770115 0.9 0.1839080459770115
0 0.12692307692307692 0.04454022988505747 0.12692307692307692 0.04597701149425287 0.13846153846153847 0.04597701149425287 0.13846153846153847 0.04454022988505747 0.12692307692307692 0.04454022988505747
0 0.49615384615384617 0.23419540229885058 0.49615384615384617 0.23563218390804597 0.5153846153846153 0.23563218390804597 0.5153846153846153 0.23419540229885058 0.49615384615384617 0.23419540229885058
0 1.1826923076923077 0.7040229885057471 1.1826923076923077 0.7054597701149425 1.2 0.7054597701149425 1.2 0.7040229885057471 1.1826923076923077 0.7040229885057471
0 0.6 0.6580459770114943 0.6 0.6594827586206896 0.6153846153846154 0.6594827586206896 0.6153846153846154 0.6580459770114943 0.6 0.6580459770114943
0 0.14038461538461539 0.15804597701149425 0.14038461538461539 0.15948275862068967 0.1519230769230769 0.15948275862068967 0.1519230769230769 0.15804597701149425 0.14038461538461539 0.15804597701149425
0 1.1557692307692307 0.7112068965517241 1.1557692307692307 0.7126436781609196 1.1711538461538462 0.7126436781609196 1.1711538461538462 0.7112068965517241 1.1557692307692307 0.7112068965517241
0 0.7596153846153846 0.19827586206896552 0.7596153846153846 0.1997126436781609 0.7730769230769231 0.1997126436781609 0.7730769230769231 0.19827586206896552 0.7596153846153846 0.19827586206896552
0 0.25769230769230766 0.1867816091954023 0.25769230769230766 0.1882183908045977 0.27692307692307694 0.1882183908045977 0.27692307692307694 0.1867816091954023 0.25769230769230766 0.1867816091954023
0 0.6269230769230769 0.3333333333333333 0.6269230769230769 0.33477011494252873 0.6365384615384615 0.33477011494252873 0.6365384615384615 0.3333333333333333 0.6269230769230769 0.3333333333333333
0 0.1326923076923077 0.13218390804597702 0.1326923076923077 0.1336206896551724 0.14615384615384616 0.1336206896551724 0.14615384615384616 0.13218390804597702 0.1326923076923077 0.13218390804597702
0 0.3576923076923077 0.004310344827586207 0.3576923076923077 0.005747126436781609 0.36923076923076925 0.005747126436781609 0.36923076923076925 0.004310344827586207 0.3576923076923077 0.004310344827586207
0 0.7961538461538461 0.0 0.7961538461538461 0.0014367816091954023 0.8173076923076923 0.0014367816091954023 0.8173076923076923 0.0 0.7961538461538461 0.0
0 0.8461538461538461 0.3764367816091954 0.8461538461538461 0.37787356321839083 0.8634615384615385 0.37787356321839083 0.8634615384615385 0.3764367816091954 0.8461538461538461 0.3764367816091954
0 0.5134615384615384 0.028735632183908046 0.5134615384615384 0.03017241379310345 0.5326923076923077 0.03017241379310345 0.5326923076923077 0.028735632183908046 0.5134615384615384 0.028735632183908046
0 1.0153846153846153 0.4382183908045977 1.0153846153846153 0.4396551724137931 1.0423076923076924 0.4396551724137931 1.0423076923076924 0.4382183908045977 1.0153846153846153 0.4382183908045977
0 0.026923076923076925 0.5603448275862069 0.026923076923076925 0.5617816091954023 0.032692307692307694 0.5617816091954023 0.032692307692307694 0.5603448275862069 0.026923076923076925 0.5603448275862069
0 1.0173076923076922 0.041666666666666664 1.0173076923076922 0.04310344827586207 1.0326923076923078 0.04310344827586207 1.0326923076923078 0.041666666666666664 1.0173076923076922 0.041666666666666664
0 0.8730769230769231 0.4942528735632184 0.8730769230769231 0.4956896551724138 0.8807692307692307 0.4956896551724138 0.8807692307692307 0.4942528735632184 0.8730769230769231 0.4942528735632184
0 0.6384615384615384 0.0028735632183908046 0.6384615384615384 0.004310344827586207 0.65 0.004310344827586207 0.65 0.0028735632183908046 0.6384615384615384 0.0028735632183908046
0 0.22884615384615384 0.5632183908045977 0.22884615384615384 0.5646551724137931 0.23461538461538461 0.5646551724137931 0.23461538461538461 0.5632183908045977 0.22884615384615384 0.5632183908045977
0 1.3192307692307692 0.6623563218390804 1.3192307692307692 0.6637931034482759 1.3384615384615384 0.6637931034482759 1.3384615384615384 0.6623563218390804 1.3192307692307692 0.6623563218390804
0 0.34615384615384615 0.034482758620689655 0.34615384615384615 0.035919540229885055 0.3576923076923077 0.035919540229885055 0.3576923076923077 0.034482758620689655 0.34615384615384615 0.034482758620689655
0 0.9730769230769231 0.382183908045977 0.9730769230769231 0.38362068965517243 0.9884615384615385 0.38362068965517243 0.9884615384615385 0.382183908045977 0.9730769230769231 0.382183908045977
0 0.33076923076923076 0.12931034482758622 0.33076923076923076 0.1307471264367816 0.3384615384615385 0.1307471264367816 0.3384615384615385 0.12931034482758622 0.33076923076923076 0.12931034482758622
0 0.948076923076923 0.5028735632183908 0.948076923076923 0.5043103448275862 0.9615384615384616 0.5043103448275862 0.9615384615384616 0.5028735632183908 0.948076923076923 0.5028735632183908
0 0.028846153846153848 0.5933908045977011 0.028846153846153848 0.5948275862068966 0.038461538461538464 0.5948275862068966 0.038461538461538464 0.5933908045977011 0.028846153846153848 0.5933908045977011
0 0.4634615384615385 0.5517241379310345 0.4634615384615385 0.5531609195402298 0.475 0.5531609195402298 0.475 0.5517241379310345 0.4634615384615385 0.5517241379310345
0 0.9692307692307692 0.49137931034482757 0.9692307692307692 0.492816091954023 0.9769230769230769 0.492816091954023 0.9769230769230769 0.49137931034482757 0.9692307692307692 0.49137931034482757
0 1.1288461538461538 0.4511494252873563 1.1288461538461538 0.4525862068965517 1.1384615384615384 0.4525862068965517 1.1384615384615384 0.4511494252873563 1.1288461538461538 0.4511494252873563
0 0.3192307692307692 0.5272988505747126 0.3192307692307692 0.5287356321839081 0.3230769230769231 0.5287356321839081 0.3230769230769231 0.5272988505747126 0.3192307692307692 0.5272988505747126
0 0.775 0.19540229885057472 0.775 0.1968390804597701 0.7846153846153846 0.1968390804597701 0.7846153846153846 0.19540229885057472 0.775 0.19540229885057472
0 0.25576923076923075 0.30028735632183906 0.25576923076923075 0.3017241379310345 0.26153846153846155 0.3017241379310345 0.26153846153846155 0.30028735632183906 0.25576923076923075 0.30028735632183906
0 0.15384615384615385 0.41522988505747127 0.15384615384615385 0.4166666666666667 0.16153846153846155 0.4166666666666667 0.16153846153846155 0.41522988505747127 0.15384615384615385 0.41522988505747127
0 1.2653846153846153 0.40373563218390807 1.2653846153846153 0.4051724137931034 1.2903846153846155 0.4051724137931034 1.2903846153846155 0.40373563218390807 1.2653846153846153 0.40373563218390807
0 0.4153846153846154 0.257183908045977 0.4153846153846154 0.25862068965517243 0.4403846153846154 0.25862068965517243 0.4403846153846154 0.257183908045977 0.4153846153846154 0.257183908045977
0 0.8557692307692307 0.3922413793103448 0.8557692307692307 0.3936781609195402 0.8692307692307693 0.3936781609195402 0.8692307692307693 0.3922413793103448 0.8557692307692307 0.3922413793103448
0 0.6423076923076924 0.6336206896551724 0.6423076923076924 0.6350574712643678 0.6519230769230769 0.6350574712643678 0.6519230769230769 0.6336206896551724 0.6423076923076924 0.6336206896551724
0 0.23653846153846153 0.34051724137931033 0.23653846153846153 0.34195402298850575 0.25 0.34195402298850575 0.25 0.34051724137931033 0.23653846153846153 0.34051724137931033
0 0.23653846153846153 0.1206896551724138 0.23653846153846153 0.1221264367816092 0.2403846153846154 0.1221264367816092 0.2403846153846154 0.1206896551724138 0.23653846153846153 0.1206896551724138
0 0.85 0.49137931034482757 0.85 0.492816091954023 0.8730769230769231 0.492816091954023 0.8730769230769231 0.49137931034482757 0.85 0.49137931034482757
0 0.0057692307692307696 0.6063218390804598 0.0057692307692307696 0.6077586206896551 0.011538461538461539 0.6077586206896551 0.011538461538461539 0.6063218390804598 0.0057692307692307696 0.6063218390804598
0 1.1692307692307693 0.35919540229885055 1.1692307692307693 0.36063218390804597 1.1884615384615385 0.36063218390804597 1.1884615384615385 0.35919540229885055 1.1692307692307693 0.35919540229885055
0 0.625 0.06609195402298851 0.625 0.06752873563218391 0.6326923076923077 0.06752873563218391 0.6326923076923077 0.06609195402298851 0.625 0.06609195402298851
0 1.1557692307692307 0.5373563218390804 1.1557692307692307 0.5387931034482759 1.1653846153846155 0.5387931034482759 1.1653846153846155 0.5373563218390804 1.1557692307692307 0.5373563218390804
0 0.9730769230769231 0.20545977011494254 0.9730769230769231 0.20689655172413793 0.9865384615384616 0.20689655172413793 0.9865384615384616 0.20545977011494254 0.9730769230769231 0.20545977011494254
0 1.273076923076923 0.5632183908045977 1.273076923076923 0.5646551724137931 1.2826923076923078 0.5646551724137931 1.2826923076923078 0.5632183908045977 1.273076923076923 0.5632183908045977
0 0.11538461538461539 0.3505747126436782 0.11538461538461539 0.35201149425287354 0.14038461538461539 0.35201149425287354 0.14038461538461539 0.3505747126436782 0.11538461538461539 0.3505747126436782
0 0.8980769230769231 0.46839080459770116 0.8980769230769231 0.4698275862068966 0.9038461538461539 0.4698275862068966 0.9038461538461539 0.46839080459770116 0.8980769230769231 0.46839080459770116
0 1.0807692307692307 0.6968390804597702 1.0807692307692307 0.6982758620689655 1.0903846153846153 0.6982758620689655 1.0903846153846153 0.6968390804597702 1.0807692307692307 0.6968390804597702
0 0.5461538461538461 0.6652298850574713 0.5461538461538461 0.6666666666666666 0.5576923076923077 0.6666666666666666 0.5576923076923077 0.6652298850574713 0.5461538461538461 0.6652298850574713
0 1.273076923076923 0.35488505747126436 1.273076923076923 0.3563218390804598 1.2846153846153847 0.3563218390804598 1.2846153846153847 0.35488505747126436 1.273076923076923 0.35488505747126436
0 0.2076923076923077 0.5502873563218391 0.2076923076923077 0.5517241379310345 0.21346153846153845 0.5517241379310345 0.21346153846153845 0.5502873563218391 0.2076923076923077 0.5502873563218391
0 0.22692307692307692 0.2557471264367816 0.22692307692307692 0.257183908045977 0.23076923076923078 0.257183908045977 0.23076923076923078 0.2557471264367816 0.22692307692307692 0.2557471264367816
0 0.4653846153846154 0.47844827586206895 0.4653846153846154 0.47988505747126436 0.47307692307692306 0.47988505747126436 0.47307692307692306 0.47844827586206895 0.4653846153846154 0.47844827586206895