0 0.21484375 0.18125 0.21484375 0.184375 0.23828125 0.184375 0.23828125 0.18125 0.21484375 0.18125
0 0.61328125 0.165625 0.61328125 0.16875 0.62890625 0.16875 0.62890625 0.165625 0.61328125 0.165625
0 0.1640625 0.003125 0.1640625 0.00625 0.1796875 0.00625 0.1796875 0.003125 0.1640625 0.003125
0 1.06640625 0.096875 1.06640625 0.1 1.07421875 0.1 1.07421875 0.096875 1.06640625 0.096875
0 0.26953125 0.01875 0.26953125 0.021875 0.28515625 0.021875 0.28515625 0.01875 0.26953125 0.01875
0 0.32421875 0.01875 0.32421875 0.021875 0.34375 0.021875 0.34375 0.01875 0.32421875 0.01875
0 0.99609375 0.1875 0.99609375 0.190625 1.0 0.190625 1.0 0.1875 0.99609375 0.1875
0 0.67578125 0.0 0.67578125 0.003125 0.79296875 0.003125 0.79296875 0.0 0.67578125 0.0
0 0.8203125 0.2 0.8203125 0.203125 0.828125 0.203125 0.828125 0.2 0.8203125 0.2
0 1.046875 0.25625 1.046875 0.259375 1.0546875 0.259375 1.0546875 0.25625 1.046875 0.25625
0 0.5703125 0.65 0.5703125 0.653125 0.58203125 0.653125 0.58203125 0.65 0.5703125 0.65
0 0.33984375 0.29375 0.33984375 0.296875 0.3515625 0.296875 0.3515625 0.29375 0.33984375 0.29375
0 0.0 0.6625 0.0 0.665625 0.00390625 0.665625 0.00390625 0.6625 0.0 0.6625
0 0.70703125 0.278125 0.70703125 0.28125 0.71875 0.28125 0.71875 0.278125 0.70703125 0.278125
0 0.91796875 0.121875 0.91796875 0.125 0.93359375 0.125 0.93359375 0.121875 0.91796875 0.121875
0 0.80859375 0.79375 0.80859375 0.796875 0.8515625 0.796875 0.8515625 0.79375 0.80859375 0.79375
0 0.25 0.746875 0.25 0.75 0.25390625 0.75 0.25390625 0.746875 0.25 0.746875