0 0.35546875 0.16875 0.35546875 0.171875 0.390625 0.171875 0.390625 0.16875 0.35546875 0.16875
0 0.24609375 0.275 0.24609375 0.278125 0.29296875 0.278125 0.29296875 0.275 0.24609375 0.275
0 0.90625 0.2625 0.90625 0.265625 0.92578125 0.265625 0.92578125 0.2625 0.90625 0.2625
0 0.69140625 0.103125 0.69140625 0.10625 0.703125 0.10625 0.703125 0.103125 0.69140625 0.103125
0 0.4609375 0.440625 0.4609375 0.44375 0.49609375 0.44375 0.49609375 0.440625 0.4609375 0.440625
0 0.73828125 0.3375 0.73828125 0.340625 0.78515625 0.340625 0.78515625 0.3375 0.73828125 0.3375
0 0.7265625 0.115625 0.7265625 0.11875 0.73046875 0.11875 0.73046875 0.115625 0.7265625 0.115625
0 1.09375 0.29375 1.09375 0.296875 1.11328125 0.296875 1.11328125 0.29375 1.09375 0.29375
0 0.05859375 0.784375 0.05859375 0.7875 0.06640625 0.7875 0.06640625 0.784375 0.05859375 0.784375
0 0.02734375 0.171875 0.02734375 0.175 0.05859375 0.175 0.05859375 0.171875 0.02734375 0.171875
0 0.7265625 0.040625 0.7265625 0.04375 0.74609375 0.04375 0.74609375 0.040625 0.7265625 0.040625
0 0.12109375 0.66875 0.12109375 0.671875 0.1328125 0.671875 0.1328125 0.66875 0.12109375 0.66875
0 1.05078125 0.109375 1.05078125 0.1125 1.0625 0.1125 1.0625 0.109375 1.05078125 0.109375
0 0.3984375 0.34375 0.3984375 0.346875 0.4140625 0.346875 0.4140625 0.34375 0.3984375 0.34375
0 0.60546875 0.2625 0.60546875 0.265625 0.6171875 0.265625 0.6171875 0.2625 0.60546875 0.2625
0 0.7265625 0.453125 0.7265625 0.45625 0.73828125 0.45625 0.73828125 0.453125 0.7265625 0.453125
0 0.9296875 0.696875 0.9296875 0.7 0.97265625 0.7 0.97265625 0.696875 0.9296875 0.696875
0 1.19140625 0.078125 1.19140625 0.08125 1.203125 0.08125 1.203125 0.078125 1.19140625 0.078125
0 0.88671875 0.771875 0.88671875 0.775 0.8984375 0.775 0.8984375 0.771875 0.88671875 0.771875
0 1.17578125 0.58125 1.17578125 0.584375 1.1953125 0.584375 1.1953125 0.58125 1.17578125 0.58125
0 0.12109375 0.009375 0.12109375 0.0125 0.12890625 0.0125 0.12890625 0.009375 0.12109375 0.009375
0 0.75390625 0.0625 0.75390625 0.065625 0.78515625 0.065625 0.78515625 0.0625 0.75390625 0.0625
0 0.42578125 0.103125 0.42578125 0.10625 0.45703125 0.10625 0.45703125 0.103125 0.42578125 0.103125
0 0.23828125 0.59375 0.23828125 0.596875 0.26171875 0.596875 0.26171875 0.59375 0.23828125 0.59375
0 0.46875 0.7625 0.46875 0.765625 0.48046875 0.765625 0.48046875 0.7625 0.46875 0.7625
0 0.74609375 0.215625 0.74609375 0.21875 0.75 0.21875 0.75 0.215625 0.74609375 0.215625