0 0.6057692307692307 0.08764367816091954 0.6057692307692307 0.08908045977011494 0.6230769230769231 0.08908045977011494 0.6230769230769231 0.08764367816091954 0.6057692307692307 0.08764367816091954
0 0.057692307692307696 0.5201149425287356 0.057692307692307696 0.521551724137931 0.0673076923076923 0.521551724137931 0.0673076923076923 0.5201149425287356 0.057692307692307696 0.5201149425287356
0 0.823076923076923 0.07040229885057471 0.823076923076923 0.07183908045977011 0.8538461538461538 0.07183908045977011 0.8538461538461538 0.07040229885057471 0.823076923076923 0.07040229885057471
0 0.9576923076923077 0.0 0.9576923076923077 0.0014367816091954023 1.0 0.0014367816091954023 1.0 0.0 0.9576923076923077 0.0
0 0.5961538461538461 0.44971264367816094 0.5961538461538461 0.4511494252873563 0.6211538461538462 0.4511494252873563 0.6211538461538462 0.44971264367816094 0.5961538461538461 0.44971264367816094
0 0.33653846153846156 0.28879310344827586 0.33653846153846156 0.29022988505747127 0.3384615384615385 0.29022988505747127 0.3384615384615385 0.28879310344827586 0.33653846153846156 0.28879310344827586
0 0.6346153846153846 0.12643678160919541 0.6346153846153846 0.1278735632183908 0.6403846153846153 0.1278735632183908 0.6403846153846153 0.12643678160919541 0.6346153846153846 0.12643678160919541
0 0.49038461538461536 0.5445402298850575 0.49038461538461536 0.5459770114942529 0.5 0.5459770114942529 0.5 0.5445402298850575 0.49038461538461536 0.5445402298850575
0 0.11923076923076924 0.4238505747126437 0.11923076923076924 0.42528735632183906 0.1326923076923077 0.42528735632183906 0.1326923076923077 0.4238505747126437 0.11923076923076924 0.4238505747126437
0 0.9096153846153846 0.610632183908046 0.9096153846153846 0.6120689655172413 0.9230769230769231 0.6120689655172413 0.9230769230769231 0.610632183908046 0.9096153846153846 0.610632183908046
0 0.47884615384615387 0.0 0.47884615384615387 0.0014367816091954023 0.5192307692307693 0.0014367816091954023 0.5192307692307693 0.0 0.47884615384615387 0.0
0 1.1346153846153846 0.6566091954022989 1.1346153846153846 0.6580459770114943 1.1442307692307692 0.6580459770114943 1.1442307692307692 0.6566091954022989 1.1346153846153846 0.6566091954022989
0 1.2326923076923078 0.6020114942528736 1.2326923076923078 0.603448275862069 1.2461538461538462 0.603448275862069 1.2461538461538462 0.6020114942528736 1.2326923076923078 0.6020114942528736
0 0.011538461538461539 0.6436781609195402 0.011538461538461539 0.6451149425287356 0.026923076923076925 0.6451149425287356 0.026923076923076925 0.6436781609195402 0.011538461538461539 0.6436781609195402
0 1.175 0.4425287356321839 1.175 0.44396551724137934 1.1807692307692308 0.44396551724137934 1.1807692307692308 0.4425287356321839 1.175 0.4425287356321839
0 1.1384615384615384 0.4166666666666667 1.1384615384615384 0.41810344827586204 1.15 0.41810344827586204 1.15 0.4166666666666667 1.1384615384615384 0.4166666666666667
0 0.7384615384615385 0.005747126436781609 0.7384615384615385 0.007183908045977011 0.7653846153846153 0.007183908045977011 0.7653846153846153 0.005747126436781609 0.7384615384615385 0.005747126436781609
0 0.6365384615384615 0.015804597701149427 0.6365384615384615 0.017241379310344827 0.6403846153846153 0.017241379310344827 0.6403846153846153 0.015804597701149427 0.6365384615384615 0.015804597701149427
0 0.6942307692307692 0.2974137931034483 0.6942307692307692 0.2988505747126437 0.7096153846153846 0.2988505747126437 0.7096153846153846 0.2974137931034483 0.6942307692307692 0.2974137931034483
0 0.4 0.10057471264367816 0.4 0.10201149425287356 0.40576923076923077 0.10201149425287356 0.40576923076923077 0.10057471264367816 0.4 0.10057471264367816
0 0.4673076923076923 0.742816091954023 0.4673076923076923 0.7442528735632183 0.47692307692307695 0.7442528735632183 0.47692307692307695 0.742816091954023 0.4673076923076923 0.742816091954023
0 1.0576923076923077 0.25 1.0576923076923077 0.2514367816091954 1.073076923076923 0.2514367816091954 1.073076923076923 0.25 1.0576923076923077 0.25
0 1.2596153846153846 0.5574712643678161 1.2596153846153846 0.5589080459770115 1.275 0.5589080459770115 1.275 0.5574712643678161 1.2596153846153846 0.5574712643678161
0 0.17115384615384616 0.0 0.17115384615384616 0.0014367816091954023 0.23846153846153847 0.0014367816091954023 0.23846153846153847 0.0 0.17115384615384616 0.0
0 1.2057692307692307 0.44971264367816094 1.2057692307692307 0.4511494252873563 1.2192307692307693 0.4511494252873563 1.2192307692307693 0.44971264367816094 1.2057692307692307 0.44971264367816094
0 0.16538461538461538 0.5933908045977011 0.16538461538461538 0.5948275862068966 0.18653846153846154 0.5948275862068966 0.18653846153846154 0.5933908045977011 0.16538461538461538 0.5933908045977011
0 0.40192307692307694 0.21695402298850575 0.40192307692307694 0.21839080459770116 0.4173076923076923 0.21839080459770116 0.4173076923076923 0.21695402298850575 0.40192307692307694 0.21695402298850575
0 0.5923076923076923 0.3390804597701149 0.5923076923076923 0.34051724137931033 0.6153846153846154 0.34051724137931033 0.6153846153846154 0.3390804597701149 0.5923076923076923 0.3390804597701149
0 0.4153846153846154 0.1867816091954023 0.4153846153846154 0.1882183908045977 0.4288461538461538 0.1882183908045977 0.4288461538461538 0.1867816091954023 0.4153846153846154 0.1867816091954023
0 0.9403846153846154 0.3045977011494253 0.9403846153846154 0.30603448275862066 0.9519230769230769 0.30603448275862066 0.9519230769230769 0.3045977011494253 0.9403846153846154 0.3045977011494253
0 0.38076923076923075 0.10344827586206896 0.38076923076923075 0.10488505747126436 0.3942307692307692 0.10488505747126436 0.3942307692307692 0.10344827586206896 0.38076923076923075 0.10344827586206896
0 1.0326923076923078 0.28879310344827586 1.0326923076923078 0.29022988505747127 1.0480769230769231 0.29022988505747127 1.0480769230769231 0.28879310344827586 1.0326923076923078 0.28879310344827586
0 1.2 0.17385057471264367 1.2 0.1752873563218391 1.2211538461538463 0.1752873563218391 1.2211538461538463 0.17385057471264367 1.2 0.17385057471264367
0 0.4807692307692308 0.7054597701149425 0.4807692307692308 0.7068965517241379 0.48846153846153845 0.7068965517241379 0.48846153846153845 0.7054597701149425 0.4807692307692308 0.7054597701149425
0 0.0 0.0 0.0 0.0014367816091954023 0.015384615384615385 0.0014367816091954023 0.015384615384615385 0.0 0.0 0.0
0 1.2115384615384615 0.6910919540229885 1.2115384615384615 0.6925287356321839 1.226923076923077 0.6925287356321839 1.226923076923077 0.6910919540229885 1.2115384615384615 0.6910919540229885
0 0.5653846153846154 0.16091954022988506 0.5653846153846154 0.16235632183908047 0.5711538461538461 0.16235632183908047 0.5711538461538461 0.16091954022988506 0.5653846153846154 0.16091954022988506
0 0.2903846153846154 0.23706896551724138 0.2903846153846154 0.23850574712643677 0.3173076923076923 0.23850574712643677 0.3173076923076923 0.23706896551724138 0.2903846153846154 0.23706896551724138
0 0.7384615384615385 0.7040229885057471 0.7384615384615385 0.7054597701149425 0.7480769230769231 0.7054597701149425 0.7480769230769231 0.7040229885057471 0.7384615384615385 0.7040229885057471
0 0.19038461538461537 0.4267241379310345 0.19038461538461537 0.4281609195402299 0.20192307692307693 0.4281609195402299 0.20192307692307693 0.4267241379310345 0.19038461538461537 0.4267241379310345
0 0.825 0.25 0.825 0.2514367816091954 0.8384615384615385 0.2514367816091954 0.8384615384615385 0.25 0.825 0.25
0 1.0365384615384616 0.3031609195402299 1.0365384615384616 0.3045977011494253 1.0461538461538462 0.3045977011494253 1.0461538461538462 0.3031609195402299 1.0365384615384616 0.3031609195402299
0 0.13076923076923078 0.3232758620689655 0.13076923076923078 0.32471264367816094 0.1423076923076923 0.32471264367816094 0.1423076923076923 0.3232758620689655 0.13076923076923078 0.3232758620689655
0 0.34807692307692306 0.6264367816091954 0.34807692307692306 0.6278735632183908 0.3576923076923077 0.6278735632183908 0.3576923076923077 0.6264367816091954 0.34807692307692306 0.6264367816091954
0 0.55 0.5775862068965517 0.55 0.5790229885057471 0.5576923076923077 0.5790229885057471 0.5576923076923077 0.5775862068965517 0.55 0.5775862068965517
0 0.7346153846153847 0.17385057471264367 0.7346153846153847 0.1752873563218391 0.75 0.1752873563218391 0.75 0.17385057471264367 0.7346153846153847 0.17385057471264367
0 0.36730769230769234 0.45545977011494254 0.36730769230769234 0.45689655172413796 0.38269230769230766 0.45689655172413796 0.38269230769230766 0.45545977011494254 0.36730769230769234 0.45545977011494254
0 1.0192307692307692 0.5560344827586207 1.0192307692307692 0.5574712643678161 1.0307692307692307 0.5574712643678161 1.0307692307692307 0.5560344827586207 1.0192307692307692 0.5560344827586207
0 1.2211538461538463 0.3879310344827586 1.2211538461538463 0.38936781609195403 1.2326923076923078 0.38936781609195403 1.2326923076923078 0.3879310344827586 1.2211538461538463 0.3879310344827586
0 0.49423076923076925 0.6580459770114943 0.49423076923076925 0.6594827586206896 0.5057692307692307 0.6594827586206896 0.5057692307692307 0.6580459770114943 0.49423076923076925 0.6580459770114943
0 0.10384615384615385 0.03017241379310345 0.10384615384615385 0.031609195402298854 0.12307692307692308 0.031609195402298854 0.12307692307692308 0.03017241379310345 0.10384615384615385 0.03017241379310345
0 1.0653846153846154 0.3232758620689655 1.0653846153846154 0.32471264367816094 1.0846153846153845 0.32471264367816094 1.0846153846153845 0.3232758620689655 1.0653846153846154 0.3232758620689655
0 1.1961538461538461 0.5244252873563219 1.1961538461538461 0.5258620689655172 1.2019230769230769 0.5258620689655172 1.2019230769230769 0.5244252873563219 1.1961538461538461 0.5244252873563219
0 0.9173076923076923 0.20114942528735633 0.9173076923076923 0.2025862068965517 0.9307692307692308 0.2025862068965517 0.9307692307692308 0.20114942528735633 0.9173076923076923 0.20114942528735633
0 1.0942307692307693 0.3692528735632184 1.0942307692307693 0.3706896551724138 1.1096153846153847 0.3706896551724138 1.1096153846153847 0.3692528735632184 1.0942307692307693 0.3692528735632184
0 0.011538461538461539 0.04597701149425287 0.011538461538461539 0.04741379310344827 0.019230769230769232 0.04741379310344827 0.019230769230769232 0.04597701149425287 0.011538461538461539 0.04597701149425287
0 0.8153846153846154 0.12643678160919541 0.8153846153846154 0.1278735632183908 0.8288461538461539 0.1278735632183908 0.8288461538461539 0.12643678160919541 0.8153846153846154 0.12643678160919541
0 1.1211538461538462 0.33477011494252873 1.1211538461538462 0.33620689655172414 1.1288461538461538 0.33620689655172414 1.1288461538461538 0.33477011494252873 1.1211538461538462 0.33477011494252873
0 0.05384615384615385 0.4109195402298851 0.05384615384615385 0.41235632183908044 0.06153846153846154 0.41235632183908044 0.06153846153846154 0.4109195402298851 0.05384615384615385 0.4109195402298851
0 0.4230769230769231 0.6307471264367817 0.4230769230769231 0.632183908045977 0.4346153846153846 0.632183908045977 0.4346153846153846 0.6307471264367817 0.4230769230769231 0.6307471264367817
0 0.026923076923076925 0.5517241379310345 0.026923076923076925 0.5531609195402298 0.03076923076923077 0.5531609195402298 0.03076923076923077 0.5517241379310345 0.026923076923076925 0.5517241379310345
0 0.2923076923076923 0.6422413793103449 0.2923076923076923 0.6436781609195402 0.2980769230769231 0.6436781609195402 0.2980769230769231 0.6422413793103449 0.2923076923076923 0.6422413793103449
0 1.15 0.3017241379310345 1.15 0.3031609195402299 1.1596153846153847 0.3031609195402299 1.1596153846153847 0.3017241379310345 1.15 0.3017241379310345
0 0.5269230769230769 0.05172413793103448 0.5269230769230769 0.05316091954022988 0.5480769230769231 0.05316091954022988 0.5480769230769231 0.05172413793103448 0.5269230769230769 0.05172413793103448
0 1.1115384615384616 0.6709770114942529 1.1115384615384616 0.6724137931034483 1.123076923076923 0.6724137931034483 1.123076923076923 0.6709770114942529 1.1115384615384616 0.6709770114942529
0 0.6153846153846154 0.7227011494252874 0.6153846153846154 0.7241379310344828 0.6211538461538462 0.7241379310344828 0.6211538461538462 0.7227011494252874 0.6153846153846154 0.7227011494252874
0 0.7634615384615384 0.0 0.7634615384615384 0.0014367816091954023 0.8153846153846154 0.0014367816091954023 0.8153846153846154 0.0 0.7634615384615384 0.0
0 0.6846153846153846 0.08477011494252873 0.6846153846153846 0.08620689655172414 0.6903846153846154 0.08620689655172414 0.6903846153846154 0.08477011494252873 0.6846153846153846 0.08477011494252873
0 0.6692307692307692 0.3074712643678161 0.6692307692307692 0.3089080459770115 0.6826923076923077 0.3089080459770115 0.6826923076923077 0.3074712643678161 0.6692307692307692 0.3074712643678161
0 0.22692307692307692 0.382183908045977 0.22692307692307692 0.38362068965517243 0.23846153846153847 0.38362068965517243 0.23846153846153847 0.382183908045977 0.22692307692307692 0.382183908045977
0 0.425 0.5732758620689655 0.425 0.5747126436781609 0.4346153846153846 0.5747126436781609 0.4346153846153846 0.5732758620689655 0.425 0.5732758620689655
0 0.5557692307692308 0.4827586206896552 0.5557692307692308 0.48419540229885055 0.5673076923076923 0.48419540229885055 0.5673076923076923 0.4827586206896552 0.5557692307692308 0.4827586206896552
0 0.24807692307692308 0.6149425287356322 0.24807692307692308 0.6163793103448276 0.26346153846153847 0.6163793103448276 0.26346153846153847 0.6149425287356322 0.24807692307692308 0.6149425287356322
0 0.27692307692307694 0.5560344827586207 0.27692307692307694 0.5574712643678161 0.2826923076923077 0.5574712643678161 0.2826923076923077 0.5560344827586207 0.27692307692307694 0.5560344827586207
0 0.4673076923076923 0.6206896551724138 0.4673076923076923 0.6221264367816092 0.47115384615384615 0.6221264367816092 0.47115384615384615 0.6206896551724138 0.4673076923076923 0.6206896551724138
0 0.8653846153846154 0.1235632183908046 0.8653846153846154 0.125 0.8788461538461538 0.125 0.8788461538461538 0.1235632183908046 0.8653846153846154 0.1235632183908046
0 1.2442307692307693 0.6594827586206896 1.2442307692307693 0.6609195402298851 1.2557692307692307 0.6609195402298851 1.2557692307692307 0.6594827586206896 1.2442307692307693 0.6594827586206896
0 0.5288461538461539 0.4238505747126437 0.5288461538461539 0.42528735632183906 0.5461538461538461 0.42528735632183906 0.5461538461538461 0.4238505747126437 0.5288461538461539 0.4238505747126437
0 0.18076923076923077 0.7126436781609196 0.18076923076923077 0.7140804597701149 0.19423076923076923 0.7140804597701149 0.19423076923076923 0.7126436781609196 0.18076923076923077 0.7126436781609196
0 0.6211538461538462 0.34770114942528735 0.6211538461538462 0.34913793103448276 0.6384615384615384 0.34913793103448276 0.6384615384615384 0.34770114942528735 0.6211538461538462 0.34770114942528735
0 0.3192307692307692 0.21839080459770116 0.3192307692307692 0.21982758620689655 0.33076923076923076 0.21982758620689655 0.33076923076923076 0.21839080459770116 0.3192307692307692 0.21839080459770116
0 0.23846153846153847 0.29022988505747127 0.23846153846153847 0.2916666666666667 0.25961538461538464 0.2916666666666667 0.25961538461538464 0.29022988505747127 0.23846153846153847 0.29022988505747127
0 0.40192307692307694 0.08333333333333333 0.40192307692307694 0.08477011494252873 0.40576923076923077 0.08477011494252873 0.40576923076923077 0.08333333333333333 0.40192307692307694 0.08333333333333333
0 0.8980769230769231 0.7270114942528736 0.8980769230769231 0.728448275862069 0.9057692307692308 0.728448275862069 0.9057692307692308 0.7270114942528736 0.8980769230769231 0.7270114942528736
0 0.5826923076923077 0.38936781609195403 0.5826923076923077 0.39080459770114945 0.5942307692307692 0.39080459770114945 0.5942307692307692 0.38936781609195403 0.5826923076923077 0.38936781609195403
0 0.6807692307692308 0.005747126436781609 0.6807692307692308 0.007183908045977011 0.6884615384615385 0.007183908045977011 0.6884615384615385 0.005747126436781609 0.6807692307692308 0.005747126436781609
0 1.0615384615384615 0.7298850574712644 1.0615384615384615 0.7313218390804598 1.0653846153846154 0.7313218390804598 1.0653846153846154 0.7298850574712644 1.0615384615384615 0.7298850574712644
0 1.1096153846153847 0.23563218390804597 1.1096153846153847 0.23706896551724138 1.123076923076923 0.23706896551724138 1.123076923076923 0.23563218390804597 1.1096153846153847 0.23563218390804597
0 0.8596153846153847 0.7298850574712644 0.8596153846153847 0.7313218390804598 0.8711538461538462 0.7313218390804598 0.8711538461538462 0.7298850574712644 0.8596153846153847 0.7298850574712644
0 0.27692307692307694 0.48563218390804597 0.27692307692307694 0.4870689655172414 0.2980769230769231 0.4870689655172414 0.2980769230769231 0.48563218390804597 0.27692307692307694 0.48563218390804597
0 0.7442307692307693 0.15517241379310345 0.7442307692307693 0.15660919540229884 0.75 0.15660919540229884 0.75 0.15517241379310345 0.7442307692307693 0.15517241379310345
0 0.926923076923077 0.1867816091954023 0.926923076923077 0.1882183908045977 0.9403846153846154 0.1882183908045977 0.9403846153846154 0.1867816091954023 0.926923076923077 0.1867816091954023
0 0.36538461538461536 0.5114942528735632 0.36538461538461536 0.5129310344827587 0.3730769230769231 0.5129310344827587 0.3730769230769231 0.5114942528735632 0.36538461538461536 0.5114942528735632
0 1.1192307692307693 0.30028735632183906 1.1192307692307693 0.3017241379310345 1.1346153846153846 0.3017241379310345 1.1346153846153846 0.30028735632183906 1.1192307692307693 0.30028735632183906
0 0.07307692307692308 0.05459770114942529 0.07307692307692308 0.05603448275862069 0.08846153846153847 0.05603448275862069 0.08846153846153847 0.05459770114942529 0.07307692307692308 0.05459770114942529
0 0.8134615384615385 0.4813218390804598 0.8134615384615385 0.4827586206896552 0.8211538461538461 0.4827586206896552 0.8211538461538461 0.4813218390804598 0.8134615384615385 0.4813218390804598
0 0.025 0.3218390804597701 0.025 0.3232758620689655 0.03653846153846154 0.3232758620689655 0.03653846153846154 0.3218390804597701 0.025 0.3218390804597701
0 0.8730769230769231 0.34195402298850575 0.8730769230769231 0.34339080459770116 0.8884615384615384 0.34339080459770116 0.8884615384615384 0.34195402298850575 0.8730769230769231 0.34195402298850575
0 0.23461538461538461 0.5416666666666666 0.23461538461538461 0.5431034482758621 0.24807692307692308 0.5431034482758621 0.24807692307692308 0.5416666666666666 0.23461538461538461 0.5416666666666666
0 1.0134615384615384 0.5043103448275862 1.0134615384615384 0.5057471264367817 1.025 0.5057471264367817 1.025 0.5043103448275862 1.0134615384615384 0.5043103448275862
0 0.5673076923076923 0.7054597701149425 0.5673076923076923 0.7068965517241379 0.5788461538461539 0.7068965517241379 0.5788461538461539 0.7054597701149425 0.5673076923076923 0.7054597701149425
0 0.5673076923076923 0.6867816091954023 0.5673076923076923 0.6882183908045977 0.575 0.6882183908045977 0.575 0.6867816091954023 0.5673076923076923 0.6867816091954023
0 0.09807692307692308 0.0 0.09807692307692308 0.0014367816091954023 0.15384615384615385 0.0014367816091954023 0.15384615384615385 0.0 0.09807692307692308 0.0
0 0.5846153846153846 0.28304597701149425 0.5846153846153846 0.28448275862068967 0.6019230769230769 0.28448275862068967 0.6019230769230769 0.28304597701149425 0.5846153846153846 0.28304597701149425
0 1.323076923076923 0.5689655172413793 1.323076923076923 0.5704022988505747 1.3384615384615384 0.5704022988505747 1.3384615384615384 0.5689655172413793 1.323076923076923 0.5689655172413793
0 1.0826923076923076 0.04454022988505747 1.0826923076923076 0.04597701149425287 1.0961538461538463 0.04597701149425287 1.0961538461538463 0.04454022988505747 1.0826923076923076 0.04454022988505747
0 0.12115384615384615 0.3505747126436782 0.12115384615384615 0.35201149425287354 0.14038461538461539 0.35201149425287354 0.14038461538461539 0.3505747126436782 0.12115384615384615 0.3505747126436782
0 0.5980769230769231 0.14942528735632185 0.5980769230769231 0.15086206896551724 0.625 0.15086206896551724 0.625 0.14942528735632185 0.5980769230769231 0.14942528735632185
0 1.0153846153846153 0.3692528735632184 1.0153846153846153 0.3706896551724138 1.023076923076923 0.3706896551724138 1.023076923076923 0.3692528735632184 1.0153846153846153 0.3692528735632184
0 0.5423076923076923 0.5431034482758621 0.5423076923076923 0.5445402298850575 0.5480769230769231 0.5445402298850575 0.5480769230769231 0.5431034482758621 0.5423076923076923 0.5431034482758621
0 0.3903846153846154 0.1896551724137931 0.3903846153846154 0.1910919540229885 0.4 0.1910919540229885 0.4 0.1896551724137931 0.3903846153846154 0.1896551724137931
0 0.021153846153846155 0.4166666666666667 0.021153846153846155 0.41810344827586204 0.03076923076923077 0.41810344827586204 0.03076923076923077 0.4166666666666667 0.021153846153846155 0.4166666666666667
0 0.8096153846153846 0.6264367816091954 0.8096153846153846 0.6278735632183908 0.8288461538461539 0.6278735632183908 0.8288461538461539 0.6264367816091954 0.8096153846153846 0.6264367816091954
0 0.7134615384615385 0.617816091954023 0.7134615384615385 0.6192528735632183 0.7346153846153847 0.6192528735632183 0.7346153846153847 0.617816091954023 0.7134615384615385 0.617816091954023
0 0.04423076923076923 0.735632183908046 0.04423076923076923 0.7370689655172413 0.05576923076923077 0.7370689655172413 0.05576923076923077 0.735632183908046 0.04423076923076923 0.735632183908046
0 0.05576923076923077 0.0 0.05576923076923077 0.0014367816091954023 0.08653846153846154 0.0014367816091954023 0.08653846153846154 0.0 0.05576923076923077 0.0
0 1.0596153846153846 0.5675287356321839 1.0596153846153846 0.5689655172413793 1.0634615384615385 0.5689655172413793 1.0634615384615385 0.5675287356321839 1.0596153846153846 0.5675287356321839
0 1.325 0.13936781609195403 1.325 0.14080459770114942 1.3384615384615384 0.14080459770114942 1.3384615384615384 0.13936781609195403 1.325 0.13936781609195403
0 0.575 0.10488505747126436 0.575 0.10632183908045977 0.5846153846153846 0.10632183908045977 0.5846153846153846 0.10488505747126436 0.575 0.10488505747126436
0 0.6211538461538462 0.6336206896551724 0.6211538461538462 0.6350574712643678 0.6307692307692307 0.6350574712643678 0.6307692307692307 0.6336206896551724 0.6211538461538462 0.6336206896551724
0 0.7865384615384615 0.2614942528735632 0.7865384615384615 0.2629310344827586 0.7980769230769231 0.2629310344827586 0.7980769230769231 0.2614942528735632 0.7865384615384615 0.2614942528735632
0 0.8615384615384616 0.1336206896551724 0.8615384615384616 0.13505747126436782 0.8788461538461538 0.13505747126436782 0.8788461538461538 0.1336206896551724 0.8615384615384616 0.1336206896551724
0 0.7269230769230769 0.07471264367816093 0.7269230769230769 0.07614942528735633 0.7346153846153847 0.07614942528735633 0.7346153846153847 0.07471264367816093 0.7269230769230769 0.07471264367816093
0 1.2615384615384615 0.6925287356321839 1.2615384615384615 0.6939655172413793 1.2807692307692307 0.6939655172413793 1.2807692307692307 0.6925287356321839 1.2615384615384615 0.6925287356321839
0 1.1076923076923078 0.09913793103448276 1.1076923076923078 0.10057471264367816 1.1153846153846154 0.10057471264367816 1.1153846153846154 0.09913793103448276 1.1076923076923078 0.09913793103448276
0 0.4230769230769231 0.31896551724137934 0.4230769230769231 0.3204022988505747 0.43846153846153846 0.3204022988505747 0.43846153846153846 0.31896551724137934 0.4230769230769231 0.31896551724137934
0 0.27692307692307694 0.5402298850574713 0.27692307692307694 0.5416666666666666 0.3019230769230769 0.5416666666666666 0.3019230769230769 0.5402298850574713 0.27692307692307694 0.5402298850574713
0 1.0826923076923076 0.6867816091954023 1.0826923076923076 0.6882183908045977 1.0942307692307693 0.6882183908045977 1.0942307692307693 0.6867816091954023 1.0826923076923076 0.6867816091954023
0 0.25 0.34195402298850575 0.25 0.34339080459770116 0.25961538461538464 0.34339080459770116 0.25961538461538464 0.34195402298850575 0.25 0.34195402298850575
0 1.1596153846153847 0.10344827586206896 1.1596153846153847 0.10488505747126436 1.1711538461538462 0.10488505747126436 1.1711538461538462 0.10344827586206896 1.1596153846153847 0.10344827586206896
0 0.2326923076923077 0.6494252873563219 0.2326923076923077 0.6508620689655172 0.23461538461538461 0.6508620689655172 0.23461538461538461 0.6494252873563219 0.2326923076923077 0.6494252873563219
0 0.6730769230769231 0.48563218390804597 0.6730769230769231 0.4870689655172414 0.6846153846153846 0.4870689655172414 0.6846153846153846 0.48563218390804597 0.6730769230769231 0.48563218390804597
0 0.7384615384615385 0.7068965517241379 0.7384615384615385 0.7083333333333334 0.7480769230769231 0.7083333333333334 0.7480769230769231 0.7068965517241379 0.7384615384615385 0.7068965517241379
0 1.0307692307692307 0.6422413793103449 1.0307692307692307 0.6436781609195402 1.0423076923076924 0.6436781609195402 1.0423076923076924 0.6422413793103449 1.0307692307692307 0.6422413793103449
0 0.3076923076923077 0.2442528735632184 0.3076923076923077 0.24568965517241378 0.3153846153846154 0.24568965517241378 0.3153846153846154 0.2442528735632184 0.3076923076923077 0.2442528735632184
0 1.2942307692307693 0.4698275862068966 1.2942307692307693 0.47126436781609193 1.3134615384615385 0.47126436781609193 1.3134615384615385 0.4698275862068966 1.2942307692307693 0.4698275862068966
0 0.5807692307692308 0.0617816091954023 0.5807692307692308 0.06321839080459771 0.5961538461538461 0.06321839080459771 0.5961538461538461 0.0617816091954023 0.5807692307692308 0.0617816091954023
0 0.6423076923076924 0.23275862068965517 0.6423076923076924 0.23419540229885058 0.6596153846153846 0.23419540229885058 0.6596153846153846 0.23275862068965517 0.6423076923076924 0.23275862068965517
0 1.1653846153846155 0.1278735632183908 1.1653846153846155 0.12931034482758622 1.1788461538461539 0.12931034482758622 1.1788461538461539 0.1278735632183908 1.1653846153846155 0.1278735632183908
0 0.3942307692307692 0.3879310344827586 0.3942307692307692 0.38936781609195403 0.4 0.38936781609195403 0.4 0.3879310344827586 0.3942307692307692 0.3879310344827586
0 1.0903846153846153 0.7083333333333334 1.0903846153846153 0.7097701149425287 1.0942307692307693 0.7097701149425287 1.0942307692307693 0.7083333333333334 1.0903846153846153 0.7083333333333334
0 0.36730769230769234 0.6954022988505747 0.36730769230769234 0.6968390804597702 0.37884615384615383 0.6968390804597702 0.37884615384615383 0.6954022988505747 0.36730769230769234 0.6954022988505747
0 0.21153846153846154 0.5186781609195402 0.21153846153846154 0.5201149425287356 0.22692307692307692 0.5201149425287356 0.22692307692307692 0.5186781609195402 0.21153846153846154 0.5186781609195402
0 1.3288461538461538 0.5100574712643678 1.3288461538461538 0.5114942528735632 1.3384615384615384 0.5114942528735632 1.3384615384615384 0.5100574712643678 1.3288461538461538 0.5100574712643678
0 0.4 0.5862068965517241 0.4 0.5876436781609196 0.4153846153846154 0.5876436781609196 0.4153846153846154 0.5862068965517241 0.4 0.5862068965517241
0 0.7461538461538462 0.16810344827586207 0.7461538461538462 0.16954022988505746 0.7576923076923077 0.16954022988505746 0.7576923076923077 0.16810344827586207 0.7461538461538462 0.16810344827586207