0 1.747927031509121 0.0770440251572327 1.747927031509121 0.07783018867924528 1.7595356550580432 0.07783018867924528 1.7595356550580432 0.0770440251572327 1.747927031509121 0.0770440251572327
0 0.5588723051409619 0.10141509433962265 0.5588723051409619 0.10220125786163523 0.5621890547263682 0.10220125786163523 0.5621890547263682 0.10141509433962265 0.5588723051409619 0.10141509433962265
0 1.4212271973466004 0.1871069182389937 1.4212271973466004 0.1878930817610063 1.4245439469320067 0.1878930817610063 1.4245439469320067 0.1871069182389937 1.4212271973466004 0.1871069182389937
0 0.263681592039801 0.18081761006289307 0.263681592039801 0.18160377358490565 0.27197346600331673 0.18160377358490565 0.27197346600331673 0.18081761006289307 0.263681592039801 0.18081761006289307
0 1.6550580431177446 0.09905660377358491 1.6550580431177446 0.09984276729559749 1.6683250414593698 0.09984276729559749 1.6683250414593698 0.09905660377358491 1.6550580431177446 0.09905660377358491
0 1.6533996683250414 0.2209119496855346 1.6533996683250414 0.22169811320754718 1.6633499170812605 0.22169811320754718 1.6633499170812605 0.2209119496855346 1.6533996683250414 0.2209119496855346
0 1.0796019900497513 0.0959119496855346 1.0796019900497513 0.09669811320754718 1.087893864013267 0.09669811320754718 1.087893864013267 0.0959119496855346 1.0796019900497513 0.0959119496855346
0 1.9203980099502487 0.06918238993710692 1.9203980099502487 0.0699685534591195 1.922056384742952 0.0699685534591195 1.922056384742952 0.06918238993710692 1.9203980099502487 0.06918238993710692
0 0.8208955223880597 0.06367924528301887 0.8208955223880597 0.06446540880503145 0.8325041459369817 0.06446540880503145 0.8325041459369817 0.06367924528301887 0.8208955223880597 0.06367924528301887
0 1.7976782752902156 0.16273584905660377 1.7976782752902156 0.16352201257861634 1.812603648424544 0.16352201257861634 1.812603648424544 0.16273584905660377 1.7976782752902156 0.16273584905660377
0 0.1791044776119403 0.20361635220125787 0.1791044776119403 0.20440251572327045 0.18407960199004975 0.20440251572327045 0.18407960199004975 0.20361635220125787 0.1791044776119403 0.20361635220125787
0 0.0812603648424544 0.16981132075471697 0.0812603648424544 0.17059748427672955 0.09286898839137644 0.17059748427672955 0.09286898839137644 0.16981132075471697 0.0812603648424544 0.16981132075471697
0 2.0348258706467663 0.17767295597484276 2.0348258706467663 0.17845911949685533 2.041459369817579 0.17845911949685533 2.041459369817579 0.17767295597484276 2.0348258706467663 0.17767295597484276
0 0.5323383084577115 0.09433962264150944 0.5323383084577115 0.09512578616352202 0.5356550580431177 0.09512578616352202 0.5356550580431177 0.09433962264150944 0.5323383084577115 0.09433962264150944
0 1.4328358208955223 0.12185534591194969 1.4328358208955223 0.12264150943396226 1.4444444444444444 0.12264150943396226 1.4444444444444444 0.12185534591194969 1.4328358208955223 0.12185534591194969
0 1.6185737976782753 0.06446540880503145 1.6185737976782753 0.06525157232704402 1.6202321724709785 0.06525157232704402 1.6202321724709785 0.06446540880503145 1.6185737976782753 0.06446540880503145
0 1.779436152570481 0.2138364779874214 1.779436152570481 0.21462264150943397 1.7860696517412935 0.21462264150943397 1.7860696517412935 0.2138364779874214 1.779436152570481 0.2138364779874214
0 1.3316749585406302 0.07468553459119497 1.3316749585406302 0.07547169811320754 1.3383084577114428 0.07547169811320754 1.3383084577114428 0.07468553459119497 1.3316749585406302 0.07468553459119497
0 1.3598673300165838 0.09433962264150944 1.3598673300165838 0.09512578616352202 1.36318407960199 0.09512578616352202 1.36318407960199 0.09433962264150944 1.3598673300165838 0.09433962264150944
0 0.28524046434494194 0.21776729559748428 0.28524046434494194 0.21855345911949686 0.3018242122719735 0.21855345911949686 0.3018242122719735 0.21776729559748428 0.28524046434494194 0.21776729559748428
0 1.0480928689883913 0.12657232704402516 1.0480928689883913 0.12735849056603774 1.0613598673300166 0.12735849056603774 1.0613598673300166 0.12657232704402516 1.0480928689883913 0.12657232704402516
0 0.603648424543947 0.07861635220125786 0.603648424543947 0.07940251572327044 0.6135986733001658 0.07940251572327044 0.6135986733001658 0.07861635220125786 0.603648424543947 0.07861635220125786
0 0.8159203980099502 0.15723270440251572 0.8159203980099502 0.1580188679245283 0.8275290215588723 0.1580188679245283 0.8275290215588723 0.15723270440251572 0.8159203980099502 0.15723270440251572
0 0.43449419568822556 0.1029874213836478 0.43449419568822556 0.10377358490566038 0.44112769485903813 0.10377358490566038 0.44112769485903813 0.1029874213836478 0.43449419568822556 0.1029874213836478
0 1.6019900497512438 0.13757861635220126 1.6019900497512438 0.13836477987421383 1.6119402985074627 0.13836477987421383 1.6119402985074627 0.13757861635220126 1.6019900497512438 0.13757861635220126
0 0.9203980099502488 0.19811320754716982 0.9203980099502488 0.1988993710691824 0.9270315091210614 0.1988993710691824 0.9270315091210614 0.19811320754716982 0.9203980099502488 0.19811320754716982
0 1.6434494195688225 0.14229559748427673 1.6434494195688225 0.1430817610062893 1.648424543946932 0.1430817610062893 1.648424543946932 0.14229559748427673 1.6434494195688225 0.14229559748427673
0 1.8490878938640132 0.09827044025157233 1.8490878938640132 0.09905660377358491 1.8540630182421227 0.09905660377358491 1.8540630182421227 0.09827044025157233 1.8490878938640132 0.09827044025157233
0 1.0 0.19732704402515724 1.0 0.19811320754716982 1.0099502487562189 0.19811320754716982 1.0099502487562189 0.19732704402515724 1.0 0.19732704402515724
0 0.5323383084577115 0.20047169811320756 0.5323383084577115 0.20125786163522014 0.5439469320066335 0.20125786163522014 0.5439469320066335 0.20047169811320756 0.5323383084577115 0.20047169811320756
0 1.3333333333333333 0.14386792452830188 1.3333333333333333 0.14465408805031446 1.3399668325041458 0.14465408805031446 1.3399668325041458 0.14386792452830188 1.3333333333333333 0.14386792452830188
0 1.8938640132669984 0.055031446540880505 1.8938640132669984 0.05581761006289308 1.900497512437811 0.05581761006289308 1.900497512437811 0.055031446540880505 1.8938640132669984 0.055031446540880505
0 2.044776119402985 0.16823899371069181 2.044776119402985 0.1690251572327044 2.0514096185737976 0.1690251572327044 2.0514096185737976 0.16823899371069181 2.044776119402985 0.16823899371069181
0 1.1293532338308458 0.21069182389937108 1.1293532338308458 0.21147798742138366 1.1359867330016584 0.21147798742138366 1.1359867330016584 0.21069182389937108 1.1293532338308458 0.21069182389937108
0 0.12603648424543948 0.21776729559748428 0.12603648424543948 0.21855345911949686 0.12769485903814262 0.21855345911949686 0.12769485903814262 0.21776729559748428 0.12603648424543948 0.21776729559748428
0 1.6998341625207296 0.1509433962264151 1.6998341625207296 0.15172955974842767 1.7164179104477613 0.15172955974842767 1.7164179104477613 0.1509433962264151 1.6998341625207296 0.1509433962264151
0 1.834162520729685 0.07783018867924528 1.834162520729685 0.07861635220125786 1.835820895522388 0.07861635220125786 1.835820895522388 0.07783018867924528 1.834162520729685 0.07783018867924528
0 0.4709784411276949 0.14544025157232704 0.4709784411276949 0.14622641509433962 0.4842454394693201 0.14622641509433962 0.4842454394693201 0.14544025157232704 0.4709784411276949 0.14544025157232704
0 1.4693200663349917 0.20125786163522014 1.4693200663349917 0.20204402515723272 1.4776119402985075 0.20204402515723272 1.4776119402985075 0.20125786163522014 1.4693200663349917 0.20125786163522014
0 0.09950248756218906 0.11006289308176101 0.09950248756218906 0.11084905660377359 0.11608623548922056 0.11084905660377359 0.11608623548922056 0.11006289308176101 0.09950248756218906 0.11006289308176101
0 0.4295190713101161 0.1792452830188679 0.4295190713101161 0.1800314465408805 0.4427860696517413 0.1800314465408805 0.4427860696517413 0.1792452830188679 0.4295190713101161 0.1792452830188679
0 0.9966832504145937 0.20518867924528303 0.9966832504145937 0.2059748427672956 1.0066334991708126 0.2059748427672956 1.0066334991708126 0.20518867924528303 0.9966832504145937 0.20518867924528303
0 1.8076285240464345 0.19811320754716982 1.8076285240464345 0.1988993710691824 1.8192371475953566 0.1988993710691824 1.8192371475953566 0.19811320754716982 1.8076285240464345 0.19811320754716982
0 0.13598673300165837 0.17452830188679244 0.13598673300165837 0.17531446540880502 0.14593698175787728 0.17531446540880502 0.14593698175787728 0.17452830188679244 0.13598673300165837 0.17452830188679244
0 0.351575456053068 0.21069182389937108 0.351575456053068 0.21147798742138366 0.36318407960199006 0.21147798742138366 0.36318407960199006 0.21069182389937108 0.351575456053068 0.21069182389937108
0 0.33996683250414594 0.18238993710691823 0.33996683250414594 0.1831761006289308 0.35323383084577115 0.1831761006289308 0.35323383084577115 0.18238993710691823 0.33996683250414594 0.18238993710691823
0 1.0497512437810945 0.12735849056603774 1.0497512437810945 0.1281446540880503 1.0630182421227197 0.1281446540880503 1.0630182421227197 0.12735849056603774 1.0497512437810945 0.12735849056603774
0 1.5422885572139304 0.21462264150943397 1.5422885572139304 0.21540880503144655 1.550580431177446 0.21540880503144655 1.550580431177446 0.21462264150943397 1.5422885572139304 0.21462264150943397
0 1.5091210613598673 0.05110062893081761 1.5091210613598673 0.05188679245283019 1.5107794361525704 0.05188679245283019 1.5107794361525704 0.05110062893081761 1.5091210613598673 0.05110062893081761
0 1.7495854063018241 0.24213836477987422 1.7495854063018241 0.2429245283018868 1.75787728026534 0.2429245283018868 1.75787728026534 0.24213836477987422 1.7495854063018241 0.24213836477987422
0 1.7512437810945274 0.08569182389937106 1.7512437810945274 0.08647798742138364 1.7595356550580432 0.08647798742138364 1.7595356550580432 0.08569182389937106 1.7512437810945274 0.08569182389937106
0 1.7313432835820894 0.07075471698113207 1.7313432835820894 0.07154088050314465 1.7330016583747927 0.07154088050314465 1.7330016583747927 0.07075471698113207 1.7313432835820894 0.07075471698113207
0 2.05804311774461 0.16981132075471697 2.05804311774461 0.17059748427672955 2.0696517412935322 0.17059748427672955 2.0696517412935322 0.16981132075471697 2.05804311774461 0.16981132075471697
0 1.2321724709784412 0.16666666666666666 1.2321724709784412 0.16745283018867924 1.243781094527363 0.16745283018867924 1.243781094527363 0.16666666666666666 1.2321724709784412 0.16666666666666666
0 1.8325041459369817 0.2059748427672956 1.8325041459369817 0.20676100628930819 1.8391376451077943 0.20676100628930819 1.8391376451077943 0.2059748427672956 1.8325041459369817 0.2059748427672956
0 1.2985074626865671 0.11084905660377359 1.2985074626865671 0.11163522012578617 1.3117744610281923 0.11163522012578617 1.3117744610281923 0.11084905660377359 1.2985074626865671 0.11084905660377359
0 1.9303482587064678 0.20440251572327045 1.9303482587064678 0.20518867924528303 1.935323383084577 0.20518867924528303 1.935323383084577 0.20440251572327045 1.9303482587064678 0.20440251572327045
0 0.27197346600331673 0.19732704402515724 0.27197346600331673 0.19811320754716982 0.27860696517412936 0.19811320754716982 0.27860696517412936 0.19732704402515724 0.27197346600331673 0.19732704402515724
0 0.3747927031509121 0.0589622641509434 0.3747927031509121 0.059748427672955975 0.38971807628524047 0.059748427672955975 0.38971807628524047 0.0589622641509434 0.3747927031509121 0.0589622641509434
0 1.955223880597015 0.18474842767295596 1.955223880597015 0.18553459119496854 1.9718076285240465 0.18553459119496854 1.9718076285240465 0.18474842767295596 1.955223880597015 0.18474842767295596
0 1.6550580431177446 0.23663522012578617 1.6550580431177446 0.23742138364779874 1.6666666666666667 0.23742138364779874 1.6666666666666667 0.23663522012578617 1.6550580431177446 0.23663522012578617
0 0.8441127694859039 0.20676100628930819 0.8441127694859039 0.20754716981132076 0.857379767827529 0.20754716981132076 0.857379767827529 0.20676100628930819 0.8441127694859039 0.20676100628930819
0 1.0713101160862355 0.21776729559748428 1.0713101160862355 0.21855345911949686 1.076285240464345 0.21855345911949686 1.076285240464345 0.21776729559748428 1.0713101160862355 0.21776729559748428
0 1.2354892205638475 0.20440251572327045 1.2354892205638475 0.20518867924528303 1.2537313432835822 0.20518867924528303 1.2537313432835822 0.20440251572327045 1.2354892205638475 0.20440251572327045
0 0.2769485903814262 0.16588050314465408 0.2769485903814262 0.16666666666666666 0.2935323383084577 0.16666666666666666 0.2935323383084577 0.16588050314465408 0.2769485903814262 0.16588050314465408
0 1.8938640132669984 0.24842767295597484 1.8938640132669984 0.24921383647798742 1.9038142620232172 0.24921383647798742 1.9038142620232172 0.24842767295597484 1.8938640132669984 0.24842767295597484
0 2.0796019900497513 0.21147798742138366 2.0796019900497513 0.21226415094339623 2.08955223880597 0.21226415094339623 2.08955223880597 0.21147798742138366 2.0796019900497513 0.21147798742138366
0 1.0182421227197347 0.06132075471698113 1.0182421227197347 0.06210691823899371 1.0248756218905473 0.06210691823899371 1.0248756218905473 0.06132075471698113 1.0182421227197347 0.06132075471698113
0 1.5688225538971807 0.14229559748427673 1.5688225538971807 0.1430817610062893 1.5870646766169154 0.1430817610062893 1.5870646766169154 0.14229559748427673 1.5688225538971807 0.14229559748427673
0 1.9054726368159205 0.16430817610062892 1.9054726368159205 0.1650943396226415 1.9087893864013268 0.1650943396226415 1.9087893864013268 0.16430817610062892 1.9054726368159205 0.16430817610062892
0 1.0514096185737978 0.1179245283018868 1.0514096185737978 0.11871069182389937 1.0580431177446104 0.11871069182389937 1.0580431177446104 0.1179245283018868 1.0514096185737978 0.1179245283018868
0 1.0049751243781095 0.20440251572327045 1.0049751243781095 0.20518867924528303 1.0132669983416251 0.20518867924528303 1.0132669983416251 0.20440251572327045 1.0049751243781095 0.20440251572327045
0 0.29850746268656714 0.1179245283018868 0.29850746268656714 0.11871069182389937 0.30514096185737977 0.11871069182389937 0.30514096185737977 0.1179245283018868 0.29850746268656714 0.1179245283018868
0 0.9286898839137645 0.08333333333333333 0.9286898839137645 0.08411949685534591 0.9369817578772802 0.08411949685534591 0.9369817578772802 0.08333333333333333 0.9286898839137645 0.08333333333333333
0 1.615257048092869 0.22248427672955975 1.615257048092869 0.22327044025157233 1.6218905472636815 0.22327044025157233 1.6218905472636815 0.22248427672955975 1.615257048092869 0.22248427672955975
0 0.5655058043117744 0.22327044025157233 0.5655058043117744 0.2240566037735849 0.5737976782752903 0.2240566037735849 0.5737976782752903 0.22327044025157233 0.5655058043117744 0.22327044025157233
0 2.0248756218905473 0.10534591194968554 2.0248756218905473 0.10613207547169812 2.03150912106136 0.10613207547169812 2.03150912106136 0.10534591194968554 2.0248756218905473 0.10534591194968554
0 0.9485903814262023 0.15644654088050314 0.9485903814262023 0.15723270440251572 0.9635157545605307 0.15723270440251572 0.9635157545605307 0.15644654088050314 0.9485903814262023 0.15644654088050314
0 0.494195688225539 0.21540880503144655 0.494195688225539 0.21619496855345913 0.49917081260364843 0.21619496855345913 0.49917081260364843 0.21540880503144655 0.494195688225539 0.21540880503144655
0 1.779436152570481 0.15566037735849056 1.779436152570481 0.15644654088050314 1.7844112769485905 0.15644654088050314 1.7844112769485905 0.15566037735849056 1.779436152570481 0.15566037735849056
0 0.2603648424543947 0.15959119496855345 0.2603648424543947 0.16037735849056603 0.26865671641791045 0.16037735849056603 0.26865671641791045 0.15959119496855345 0.2603648424543947 0.15959119496855345
0 1.2985074626865671 0.059748427672955975 1.2985074626865671 0.060534591194968554 1.3001658374792704 0.060534591194968554 1.3001658374792704 0.059748427672955975 1.2985074626865671 0.059748427672955975
0 1.933665008291874 0.1918238993710692 1.933665008291874 0.19261006289308177 1.9369817578772803 0.19261006289308177 1.9369817578772803 0.1918238993710692 1.933665008291874 0.1918238993710692
0 0.9767827529021559 0.125 0.9767827529021559 0.12578616352201258 0.9817578772802653 0.12578616352201258 0.9817578772802653 0.125 0.9767827529021559 0.125
0 1.9800995024875623 0.14937106918238993 1.9800995024875623 0.1501572327044025 1.9900497512437811 0.1501572327044025 1.9900497512437811 0.14937106918238993 1.9800995024875623 0.14937106918238993
0 1.064676616915423 0.18238993710691823 1.064676616915423 0.1831761006289308 1.0812603648424544 0.1831761006289308 1.0812603648424544 0.18238993710691823 1.064676616915423 0.18238993710691823
0 1.7810945273631842 0.18474842767295596 1.7810945273631842 0.18553459119496854 1.7893864013266998 0.18553459119496854 1.7893864013266998 0.18474842767295596 1.7810945273631842 0.18474842767295596
0 0.029850746268656716 0.21855345911949686 0.029850746268656716 0.21933962264150944 0.04145936981757877 0.21933962264150944 0.04145936981757877 0.21855345911949686 0.029850746268656716 0.21855345911949686
0 1.228855721393035 0.060534591194968554 1.228855721393035 0.06132075471698113 1.2388059701492538 0.06132075471698113 1.2388059701492538 0.060534591194968554 1.228855721393035 0.060534591194968554
0 1.2819237147595357 0.11084905660377359 1.2819237147595357 0.11163522012578617 1.286898839137645 0.11163522012578617 1.286898839137645 0.11084905660377359 1.2819237147595357 0.11084905660377359
0 2.014925373134328 0.11084905660377359 2.014925373134328 0.11163522012578617 2.033167495854063 0.11163522012578617 2.033167495854063 0.11084905660377359 2.014925373134328 0.11084905660377359
0 1.243781094527363 0.139937106918239 1.243781094527363 0.14072327044025157 1.2537313432835822 0.14072327044025157 1.2537313432835822 0.139937106918239 1.243781094527363 0.139937106918239
0 0.5555555555555556 0.06446540880503145 0.5555555555555556 0.06525157232704402 0.5621890547263682 0.06525157232704402 0.5621890547263682 0.06446540880503145 0.5555555555555556 0.06446540880503145
0 0.3449419568822554 0.11006289308176101 0.3449419568822554 0.11084905660377359 0.35323383084577115 0.11084905660377359 0.35323383084577115 0.11006289308176101 0.3449419568822554 0.11006289308176101
0 1.8706467661691542 0.1281446540880503 1.8706467661691542 0.1289308176100629 1.8723051409618574 0.1289308176100629 1.8723051409618574 0.1281446540880503 1.8706467661691542 0.1281446540880503
0 1.4162520729684909 0.08726415094339622 1.4162520729684909 0.0880503144654088 1.4228855721393034 0.0880503144654088 1.4228855721393034 0.08726415094339622 1.4162520729684909 0.08726415094339622
0 0.01990049751243781 0.08411949685534591 0.01990049751243781 0.08490566037735849 0.024875621890547265 0.08490566037735849 0.024875621890547265 0.08411949685534591 0.01990049751243781 0.08411949685534591
0 0.12769485903814262 0.21147798742138366 0.12769485903814262 0.21226415094339623 0.13598673300165837 0.21226415094339623 0.13598673300165837 0.21147798742138366 0.12769485903814262 0.21147798742138366
0 2.0514096185737976 0.19811320754716982 2.0514096185737976 0.1988993710691824 2.0646766169154227 0.1988993710691824 2.0646766169154227 0.19811320754716982 2.0514096185737976 0.19811320754716982
0 0.6467661691542289 0.20125786163522014 0.6467661691542289 0.20204402515723272 0.6600331674958541 0.20204402515723272 0.6600331674958541 0.20125786163522014 0.6467661691542289 0.20125786163522014
0 1.5970149253731343 0.2507861635220126 1.5970149253731343 0.25157232704402516 1.6019900497512438 0.25157232704402516 1.6019900497512438 0.2507861635220126 1.5970149253731343 0.2507861635220126
0 1.1475953565505805 0.24056603773584906 1.1475953565505805 0.24135220125786164 1.1509121061359868 0.24135220125786164 1.1509121061359868 0.24056603773584906 1.1475953565505805 0.24056603773584906
0 1.5538971807628523 0.12342767295597484 1.5538971807628523 0.12421383647798742 1.5555555555555556 0.12421383647798742 1.5555555555555556 0.12342767295597484 1.5538971807628523 0.12342767295597484
0 0.9054726368159204 0.10455974842767296 0.9054726368159204 0.10534591194968554 0.9203980099502488 0.10534591194968554 0.9203980099502488 0.10455974842767296 0.9054726368159204 0.10455974842767296
0 1.9071310116086235 0.19261006289308177 1.9071310116086235 0.19339622641509435 1.9087893864013268 0.19339622641509435 1.9087893864013268 0.19261006289308177 1.9071310116086235 0.19261006289308177
0 0.07628524046434494 0.24056603773584906 0.07628524046434494 0.24135220125786164 0.087893864013267 0.24135220125786164 0.087893864013267 0.24056603773584906 0.07628524046434494 0.24056603773584906
0 0.6019900497512438 0.20911949685534592 0.6019900497512438 0.2099056603773585 0.615257048092869 0.2099056603773585 0.615257048092869 0.20911949685534592 0.6019900497512438 0.20911949685534592
0 0.32172470978441126 0.07389937106918239 0.32172470978441126 0.07468553459119497 0.3283582089552239 0.07468553459119497 0.3283582089552239 0.07389937106918239 0.32172470978441126 0.07389937106918239
0 1.9651741293532339 0.12578616352201258 1.9651741293532339 0.12657232704402516 1.9751243781094527 0.12657232704402516 1.9751243781094527 0.12578616352201258 1.9651741293532339 0.12578616352201258
0 0.11774461028192372 0.1957547169811321 0.11774461028192372 0.19654088050314467 0.12603648424543948 0.19654088050314467 0.12603648424543948 0.1957547169811321 0.11774461028192372 0.1957547169811321
0 0.3101160862354892 0.1949685534591195 0.3101160862354892 0.1957547169811321 0.3167495854063018 0.1957547169811321 0.3167495854063018 0.1949685534591195 0.3101160862354892 0.1949685534591195
0 0.9834162520729685 0.19811320754716982 0.9834162520729685 0.1988993710691824 0.9900497512437811 0.1988993710691824 0.9900497512437811 0.19811320754716982 0.9834162520729685 0.19811320754716982
0 0.4859038142620232 0.20204402515723272 0.4859038142620232 0.2028301886792453 0.4925373134328358 0.2028301886792453 0.4925373134328358 0.20204402515723272 0.4859038142620232 0.20204402515723272
0 0.373134328358209 0.13679245283018868 0.373134328358209 0.13757861635220126 0.3781094527363184 0.13757861635220126 0.3781094527363184 0.13679245283018868 0.373134328358209 0.13679245283018868
0 0.7263681592039801 0.1918238993710692 0.7263681592039801 0.19261006289308177 0.7330016583747927 0.19261006289308177 0.7330016583747927 0.1918238993710692 0.7263681592039801 0.1918238993710692
0 1.6451077943615258 0.08490566037735849 1.6451077943615258 0.08569182389937106 1.6517412935323383 0.08569182389937106 1.6517412935323383 0.08490566037735849 1.6451077943615258 0.08490566037735849
0 0.44112769485903813 0.07232704402515723 0.44112769485903813 0.07311320754716981 0.45107794361525705 0.07311320754716981 0.45107794361525705 0.07232704402515723 0.44112769485903813 0.07232704402515723
0 1.5472636815920398 0.18553459119496854 1.5472636815920398 0.18632075471698112 1.5572139303482586 0.18632075471698112 1.5572139303482586 0.18553459119496854 1.5472636815920398 0.18553459119496854
0 1.1791044776119404 0.21933962264150944 1.1791044776119404 0.22012578616352202 1.1890547263681592 0.22012578616352202 1.1890547263681592 0.21933962264150944 1.1791044776119404 0.21933962264150944
0 2.074626865671642 0.17452830188679244 2.074626865671642 0.17531446540880502 2.086235489220564 0.17531446540880502 2.086235489220564 0.17452830188679244 2.074626865671642 0.17452830188679244
0 0.6252072968490879 0.13757861635220126 0.6252072968490879 0.13836477987421383 0.6368159203980099 0.13836477987421383 0.6368159203980099 0.13757861635220126 0.6252072968490879 0.13757861635220126
0 0.4577114427860697 0.1360062893081761 0.4577114427860697 0.13679245283018868 0.46766169154228854 0.13679245283018868 0.46766169154228854 0.1360062893081761 0.4577114427860697 0.1360062893081761
0 0.31343283582089554 0.23820754716981132 0.31343283582089554 0.2389937106918239 0.3250414593698176 0.2389937106918239 0.3250414593698176 0.23820754716981132 0.31343283582089554 0.23820754716981132
0 0.04311774461028192 0.23427672955974843 0.04311774461028192 0.235062893081761 0.05306799336650083 0.235062893081761 0.05306799336650083 0.23427672955974843 0.04311774461028192 0.23427672955974843
0 1.4212271973466004 0.16037735849056603 1.4212271973466004 0.1611635220125786 1.4361525704809286 0.1611635220125786 1.4361525704809286 0.16037735849056603 1.4212271973466004 0.16037735849056603
0 1.3980099502487562 0.11556603773584906 1.3980099502487562 0.11635220125786164 1.4112769485903813 0.11635220125786164 1.4112769485903813 0.11556603773584906 1.3980099502487562 0.11556603773584906
0 1.386401326699834 0.17452830188679244 1.386401326699834 0.17531446540880502 1.3996683250414594 0.17531446540880502 1.3996683250414594 0.17452830188679244 1.386401326699834 0.17452830188679244
0 0.4577114427860697 0.2169811320754717 0.4577114427860697 0.21776729559748428 0.4693200663349917 0.21776729559748428 0.4693200663349917 0.2169811320754717 0.4577114427860697 0.2169811320754717
0 1.1592039800995024 0.2468553459119497 1.1592039800995024 0.24764150943396226 1.175787728026534 0.24764150943396226 1.175787728026534 0.2468553459119497 1.1592039800995024 0.2468553459119497
0 1.681592039800995 0.22169811320754718 1.681592039800995 0.22248427672955975 1.6981757877280266 0.22248427672955975 1.6981757877280266 0.22169811320754718 1.681592039800995 0.22169811320754718
0 1.7230514096185738 0.14150943396226415 1.7230514096185738 0.14229559748427673 1.7313432835820894 0.14229559748427673 1.7313432835820894 0.14150943396226415 1.7230514096185738 0.14150943396226415
0 0.2570480928689884 0.16823899371069181 0.2570480928689884 0.1690251572327044 0.263681592039801 0.1690251572327044 0.263681592039801 0.16823899371069181 0.2570480928689884 0.16823899371069181
0 0.21393034825870647 0.21855345911949686 0.21393034825870647 0.21933962264150944 0.22388059701492538 0.21933962264150944 0.22388059701492538 0.21855345911949686 0.21393034825870647 0.21855345911949686
0 0.47429519071310117 0.17374213836477986 0.47429519071310117 0.17452830188679244 0.48258706467661694 0.17452830188679244 0.48258706467661694 0.17374213836477986 0.47429519071310117 0.17374213836477986
0 1.8225538971807629 0.09276729559748427 1.8225538971807629 0.09355345911949685 1.8291873963515755 0.09355345911949685 1.8291873963515755 0.09276729559748427 1.8225538971807629 0.09276729559748427
0 2.014925373134328 0.23427672955974843 2.014925373134328 0.235062893081761 2.0248756218905473 0.235062893081761 2.0248756218905473 0.23427672955974843 2.014925373134328 0.23427672955974843
0 1.9154228855721394 0.1470125786163522 1.9154228855721394 0.14779874213836477 1.922056384742952 0.14779874213836477 1.922056384742952 0.1470125786163522 1.9154228855721394 0.1470125786163522
0 0.6301824212271974 0.07075471698113207 0.6301824212271974 0.07154088050314465 0.6368159203980099 0.07154088050314465 0.6368159203980099 0.07075471698113207 0.6301824212271974 0.07075471698113207
0 1.1558872305140961 0.23977987421383648 1.1558872305140961 0.24056603773584906 1.165837479270315 0.24056603773584906 1.165837479270315 0.23977987421383648 1.1558872305140961 0.23977987421383648
0 0.6633499170812603 0.07783018867924528 0.6633499170812603 0.07861635220125786 0.6683250414593698 0.07861635220125786 0.6683250414593698 0.07783018867924528 0.6633499170812603 0.07783018867924528
0 0.7844112769485904 0.22720125786163523 0.7844112769485904 0.2279874213836478 0.7960199004975125 0.2279874213836478 0.7960199004975125 0.22720125786163523 0.7844112769485904 0.22720125786163523
0 1.462686567164179 0.24528301886792453 1.462686567164179 0.2460691823899371 1.472636815920398 0.2460691823899371 1.472636815920398 0.24528301886792453 1.462686567164179 0.24528301886792453
0 1.48424543946932 0.20833333333333334 1.48424543946932 0.20911949685534592 1.4892205638474296 0.20911949685534592 1.4892205638474296 0.20833333333333334 1.48424543946932 0.20833333333333334
0 2.0812603648424544 0.2468553459119497 2.0812603648424544 0.24764150943396226 2.086235489220564 0.24764150943396226 2.086235489220564 0.2468553459119497 2.0812603648424544 0.2468553459119497
0 1.6036484245439468 0.19339622641509435 1.6036484245439468 0.19418238993710693 1.6069651741293531 0.19418238993710693 1.6069651741293531 0.19339622641509435 1.6036484245439468 0.19339622641509435
0 1.3747927031509122 0.05188679245283019 1.3747927031509122 0.05267295597484277 1.3764510779436152 0.05267295597484277 1.3764510779436152 0.05188679245283019 1.3747927031509122 0.05188679245283019
0 0.6517412935323383 0.14937106918238993 0.6517412935323383 0.1501572327044025 0.6616915422885572 0.1501572327044025 0.6616915422885572 0.14937106918238993 0.6517412935323383 0.14937106918238993
0 1.8922056384742951 0.1761006289308176 1.8922056384742951 0.17688679245283018 1.902155887230514 0.17688679245283018 1.902155887230514 0.1761006289308176 1.8922056384742951 0.1761006289308176
0 0.6567164179104478 0.24371069182389937 0.6567164179104478 0.24449685534591195 0.6666666666666666 0.24449685534591195 0.6666666666666666 0.24371069182389937 0.6567164179104478 0.24371069182389937
0 0.5522388059701493 0.20754716981132076 0.5522388059701493 0.20833333333333334 0.5572139303482587 0.20833333333333334 0.5572139303482587 0.20754716981132076 0.5522388059701493 0.20754716981132076
0 0.2736318407960199 0.2240566037735849 0.2736318407960199 0.2248427672955975 0.28689883913764513 0.2248427672955975 0.28689883913764513 0.2240566037735849 0.2736318407960199 0.2240566037735849
0 0.527363184079602 0.18081761006289307 0.527363184079602 0.18160377358490565 0.5439469320066335 0.18160377358490565 0.5439469320066335 0.18081761006289307 0.527363184079602 0.18081761006289307
0 1.5223880597014925 0.13050314465408805 1.5223880597014925 0.13128930817610063 1.5257048092868988 0.13128930817610063 1.5257048092868988 0.13050314465408805 1.5223880597014925 0.13050314465408805
0 0.26865671641791045 0.10927672955974843 0.26865671641791045 0.11006289308176101 0.2835820895522388 0.11006289308176101 0.2835820895522388 0.10927672955974843 0.26865671641791045 0.10927672955974843
0 1.3963515754560532 0.1029874213836478 1.3963515754560532 0.10377358490566038 1.4029850746268657 0.10377358490566038 1.4029850746268657 0.1029874213836478 1.3963515754560532 0.1029874213836478
0 0.1890547263681592 0.11006289308176101 0.1890547263681592 0.11084905660377359 0.19402985074626866 0.11084905660377359 0.19402985074626866 0.11006289308176101 0.1890547263681592 0.11006289308176101
0 2.0696517412935322 0.21226415094339623 2.0696517412935322 0.2130503144654088 2.0812603648424544 0.2130503144654088 2.0812603648424544 0.21226415094339623 2.0696517412935322 0.21226415094339623
0 1.0961857379767828 0.15566037735849056 1.0961857379767828 0.15644654088050314 1.1061359867330016 0.15644654088050314 1.1061359867330016 0.15566037735849056 1.0961857379767828 0.15566037735849056
0 1.439469320066335 0.13836477987421383 1.439469320066335 0.1391509433962264 1.4477611940298507 0.1391509433962264 1.4477611940298507 0.13836477987421383 1.439469320066335 0.13836477987421383
0 1.572139303482587 0.19418238993710693 1.572139303482587 0.1949685534591195 1.5804311774461028 0.1949685534591195 1.5804311774461028 0.19418238993710693 1.572139303482587 0.19418238993710693
0 1.021558872305141 0.25471698113207547 1.021558872305141 0.2555031446540881 1.0281923714759535 0.2555031446540881 1.0281923714759535 0.25471698113207547 1.021558872305141 0.25471698113207547
0 0.45439469320066334 0.24449685534591195 0.45439469320066334 0.24528301886792453 0.46434494195688225 0.24528301886792453 0.46434494195688225 0.24449685534591195 0.45439469320066334 0.24449685534591195
0 1.976782752902156 0.13286163522012578 1.976782752902156 0.13364779874213836 1.9800995024875623 0.13364779874213836 1.9800995024875623 0.13286163522012578 1.976782752902156 0.13286163522012578
0 1.8208955223880596 0.22169811320754718 1.8208955223880596 0.22248427672955975 1.8308457711442787 0.22248427672955975 1.8308457711442787 0.22169811320754718 1.8208955223880596 0.22169811320754718
0 0.2935323383084577 0.15880503144654087 0.2935323383084577 0.15959119496855345 0.30514096185737977 0.15959119496855345 0.30514096185737977 0.15880503144654087 0.2935323383084577 0.15880503144654087
0 0.23051409618573798 0.1470125786163522 0.23051409618573798 0.14779874213836477 0.23880597014925373 0.14779874213836477 0.23880597014925373 0.1470125786163522 0.23051409618573798 0.1470125786163522
0 0.2703150912106136 0.14465408805031446 0.2703150912106136 0.14544025157232704 0.2802653399668325 0.14544025157232704 0.2802653399668325 0.14465408805031446 0.2703150912106136 0.14465408805031446
0 1.1592039800995024 0.2319182389937107 1.1592039800995024 0.23270440251572327 1.1674958540630183 0.23270440251572327 1.1674958540630183 0.2319182389937107 1.1592039800995024 0.2319182389937107
0 1.384742951907131 0.1320754716981132 1.384742951907131 0.13286163522012578 1.4013266998341625 0.13286163522012578 1.4013266998341625 0.1320754716981132 1.384742951907131 0.1320754716981132
0 0.7346600331674958 0.14386792452830188 0.7346600331674958 0.14465408805031446 0.7495854063018242 0.14465408805031446 0.7495854063018242 0.14386792452830188 0.7346600331674958 0.14386792452830188
0 0.8474295190713101 0.13522012578616352 0.8474295190713101 0.1360062893081761 0.857379767827529 0.1360062893081761 0.857379767827529 0.13522012578616352 0.8474295190713101 0.13522012578616352
0 1.7678275290215588 0.18632075471698112 1.7678275290215588 0.1871069182389937 1.7827529021558872 0.1871069182389937 1.7827529021558872 0.18632075471698112 1.7678275290215588 0.18632075471698112
0 0.06799336650082918 0.19654088050314467 0.06799336650082918 0.19732704402515724 0.07628524046434494 0.19732704402515724 0.07628524046434494 0.19654088050314467 0.06799336650082918 0.19654088050314467
0 1.4245439469320067 0.14544025157232704 1.4245439469320067 0.14622641509433962 1.4344941956882256 0.14622641509433962 1.4344941956882256 0.14544025157232704 1.4245439469320067 0.14544025157232704
0 0.3283582089552239 0.16823899371069181 0.3283582089552239 0.1690251572327044 0.3416252072968491 0.1690251572327044 0.3416252072968491 0.16823899371069181 0.3283582089552239 0.16823899371069181
0 0.11276948590381426 0.25471698113207547 0.11276948590381426 0.2555031446540881 0.12437810945273632 0.2555031446540881 0.12437810945273632 0.25471698113207547 0.11276948590381426 0.25471698113207547
0 1.507462686567164 0.15251572327044025 1.507462686567164 0.15330188679245282 1.527363184079602 0.15330188679245282 1.527363184079602 0.15251572327044025 1.507462686567164 0.15251572327044025
0 0.6716417910447762 0.09355345911949685 0.6716417910447762 0.09433962264150944 0.6799336650082919 0.09433962264150944 0.6799336650082919 0.09355345911949685 0.6716417910447762 0.09355345911949685
0 0.6268656716417911 0.14937106918238993 0.6268656716417911 0.1501572327044025 0.6384742951907131 0.1501572327044025 0.6384742951907131 0.14937106918238993 0.6268656716417911 0.14937106918238993
0 1.0165837479270314 0.12735849056603774 1.0165837479270314 0.1281446540880503 1.0182421227197347 0.1281446540880503 1.0182421227197347 0.12735849056603774 1.0165837479270314 0.12735849056603774
0 1.36318407960199 0.12971698113207547 1.36318407960199 0.13050314465408805 1.3681592039800996 0.13050314465408805 1.3681592039800996 0.12971698113207547 1.36318407960199 0.12971698113207547
0 0.6252072968490879 0.2358490566037736 0.6252072968490879 0.23663522012578617 0.6318407960199005 0.23663522012578617 0.6318407960199005 0.2358490566037736 0.6252072968490879 0.2358490566037736
0 0.8043117744610282 0.20676100628930819 0.8043117744610282 0.20754716981132076 0.8159203980099502 0.20754716981132076 0.8159203980099502 0.20676100628930819 0.8043117744610282 0.20676100628930819
0 1.3101160862354893 0.09512578616352202 1.3101160862354893 0.0959119496855346 1.3217247097844114 0.0959119496855346 1.3217247097844114 0.09512578616352202 1.3101160862354893 0.09512578616352202
0 1.1359867330016584 0.15330188679245282 1.1359867330016584 0.1540880503144654 1.142620232172471 0.1540880503144654 1.142620232172471 0.15330188679245282 1.1359867330016584 0.15330188679245282
0 2.013266998341625 0.18238993710691823 2.013266998341625 0.1831761006289308 2.014925373134328 0.1831761006289308 2.014925373134328 0.18238993710691823 2.013266998341625 0.18238993710691823
0 1.5588723051409619 0.1139937106918239 1.5588723051409619 0.11477987421383648 1.5638474295190714 0.11477987421383648 1.5638474295190714 0.1139937106918239 1.5588723051409619 0.1139937106918239
0 0.6766169154228856 0.20047169811320756 0.6766169154228856 0.20125786163522014 0.6849087893864013 0.20125786163522014 0.6849087893864013 0.20047169811320756 0.6766169154228856 0.20047169811320756
0 2.086235489220564 0.24764150943396226 2.086235489220564 0.24842767295597484 2.0928689883913765 0.24842767295597484 2.0928689883913765 0.24764150943396226 2.086235489220564 0.24764150943396226
0 0.4560530679933665 0.13128930817610063 0.4560530679933665 0.1320754716981132 0.4626865671641791 0.1320754716981132 0.4626865671641791 0.13128930817610063 0.4560530679933665 0.13128930817610063
0 0.5671641791044776 0.22955974842767296 0.5671641791044776 0.23034591194968554 0.5771144278606966 0.23034591194968554 0.5771144278606966 0.22955974842767296 0.5671641791044776 0.22955974842767296
0 0.538971807628524 0.23034591194968554 0.538971807628524 0.23113207547169812 0.548922056384743 0.23113207547169812 0.548922056384743 0.23034591194968554 0.538971807628524 0.23034591194968554
0 1.39469320066335 0.09512578616352202 1.39469320066335 0.0959119496855346 1.4046434494195688 0.0959119496855346 1.4046434494195688 0.09512578616352202 1.39469320066335 0.09512578616352202
0 1.3051409618573797 0.06761006289308176 1.3051409618573797 0.06839622641509434 1.3117744610281923 0.06839622641509434 1.3117744610281923 0.06761006289308176 1.3051409618573797 0.06761006289308176
0 1.6019900497512438 0.1800314465408805 1.6019900497512438 0.18081761006289307 1.615257048092869 0.18081761006289307 1.615257048092869 0.1800314465408805 1.6019900497512438 0.1800314465408805
0 0.41127694859038144 0.1957547169811321 0.41127694859038144 0.19654088050314467 0.41459369817578773 0.19654088050314467 0.41459369817578773 0.1957547169811321 0.41127694859038144 0.1957547169811321
0 0.2155887230514096 0.2248427672955975 0.2155887230514096 0.22562893081761007 0.22553897180762852 0.22562893081761007 0.22553897180762852 0.2248427672955975 0.2155887230514096 0.2248427672955975
0 0.9585406301824212 0.23427672955974843 0.9585406301824212 0.235062893081761 0.9684908789386402 0.235062893081761 0.9684908789386402 0.23427672955974843 0.9585406301824212 0.23427672955974843
0 1.5953565505804312 0.12106918238993711 1.5953565505804312 0.12185534591194969 1.60530679933665 0.12185534591194969 1.60530679933665 0.12106918238993711 1.5953565505804312 0.12106918238993711
0 0.6898839137645107 0.1918238993710692 0.6898839137645107 0.19261006289308177 0.6998341625207297 0.19261006289308177 0.6998341625207297 0.1918238993710692 0.6898839137645107 0.1918238993710692
0 0.351575456053068 0.12264150943396226 0.351575456053068 0.12342767295597484 0.3582089552238806 0.12342767295597484 0.3582089552238806 0.12264150943396226 0.351575456053068 0.12264150943396226
0 0.5588723051409619 0.15172955974842767 0.5588723051409619 0.15251572327044025 0.5688225538971807 0.15251572327044025 0.5688225538971807 0.15172955974842767 0.5588723051409619 0.15172955974842767
0 0.9469320066334992 0.21147798742138366 0.9469320066334992 0.21226415094339623 0.9535655058043118 0.21226415094339623 0.9535655058043118 0.21147798742138366 0.9469320066334992 0.21147798742138366
0 0.2504145936981758 0.18867924528301888 0.2504145936981758 0.18946540880503146 0.2570480928689884 0.18946540880503146 0.2570480928689884 0.18867924528301888 0.2504145936981758 0.18867924528301888
0 0.2023217247097844 0.21147798742138366 0.2023217247097844 0.21226415094339623 0.21227197346600332 0.21226415094339623 0.21227197346600332 0.21147798742138366 0.2023217247097844 0.21147798742138366
0 2.0713101160862353 0.22720125786163523 2.0713101160862353 0.2279874213836478 2.076285240464345 0.2279874213836478 2.076285240464345 0.22720125786163523 2.0713101160862353 0.22720125786163523
0 0.4311774461028192 0.23034591194968554 0.4311774461028192 0.23113207547169812 0.439469320066335 0.23113207547169812 0.439469320066335 0.23034591194968554 0.4311774461028192 0.23034591194968554
0 1.548922056384743 0.09276729559748427 1.548922056384743 0.09355345911949685 1.5572139303482586 0.09355345911949685 1.5572139303482586 0.09276729559748427 1.548922056384743 0.09276729559748427
0 1.8192371475953566 0.21462264150943397 1.8192371475953566 0.21540880503144655 1.8325041459369817 0.21540880503144655 1.8325041459369817 0.21462264150943397 1.8192371475953566 0.21462264150943397
0 0.024875621890547265 0.07625786163522012 0.024875621890547265 0.0770440251572327 0.03482587064676617 0.0770440251572327 0.03482587064676617 0.07625786163522012 0.024875621890547265 0.07625786163522012
0 1.6517412935323383 0.20754716981132076 1.6517412935323383 0.20833333333333334 1.6550580431177446 0.20833333333333334 1.6550580431177446 0.20754716981132076 1.6517412935323383 0.20754716981132076
0 1.7860696517412935 0.25 1.7860696517412935 0.2507861635220126 1.7976782752902156 0.2507861635220126 1.7976782752902156 0.25 1.7860696517412935 0.25
0 2.043117744610282 0.18474842767295596 2.043117744610282 0.18553459119496854 2.0497512437810945 0.18553459119496854 2.0497512437810945 0.18474842767295596 2.043117744610282 0.18474842767295596
0 0.4709784411276949 0.08647798742138364 0.4709784411276949 0.08726415094339622 0.47761194029850745 0.08726415094339622 0.47761194029850745 0.08647798742138364 0.4709784411276949 0.08647798742138364
0 0.5290215588723052 0.07940251572327044 0.5290215588723052 0.08018867924528301 0.5306799336650083 0.08018867924528301 0.5306799336650083 0.07940251572327044 0.5290215588723052 0.07940251572327044
0 1.199004975124378 0.1761006289308176 1.199004975124378 0.17688679245283018 1.2189054726368158 0.17688679245283018 1.2189054726368158 0.1761006289308176 1.199004975124378 0.1761006289308176
0 1.2189054726368158 0.06761006289308176 1.2189054726368158 0.06839622641509434 1.2255389718076286 0.06839622641509434 1.2255389718076286 0.06761006289308176 1.2189054726368158 0.06761006289308176
0 0.28192371475953565 0.1470125786163522 0.28192371475953565 0.14779874213836477 0.29187396351575456 0.14779874213836477 0.29187396351575456 0.1470125786163522 0.28192371475953565 0.1470125786163522
0 0.7976782752902156 0.12185534591194969 0.7976782752902156 0.12264150943396226 0.8092868988391376 0.12264150943396226 0.8092868988391376 0.12185534591194969 0.7976782752902156 0.12185534591194969
0 1.0696517412935322 0.08883647798742138 1.0696517412935322 0.08962264150943396 1.0746268656716418 0.08962264150943396 1.0746268656716418 0.08883647798742138 1.0696517412935322 0.08883647798742138
0 0.5655058043117744 0.23663522012578617 0.5655058043117744 0.23742138364779874 0.5837479270315091 0.23742138364779874 0.5837479270315091 0.23663522012578617 0.5655058043117744 0.23663522012578617
0 0.175787728026534 0.2028301886792453 0.175787728026534 0.20361635220125787 0.18739635157545606 0.20361635220125787 0.18739635157545606 0.2028301886792453 0.175787728026534 0.2028301886792453
0 0.006633499170812604 0.1470125786163522 0.006633499170812604 0.14779874213836477 0.013266998341625208 0.14779874213836477 0.013266998341625208 0.1470125786163522 0.006633499170812604 0.1470125786163522
0 1.1940298507462686 0.21776729559748428 1.1940298507462686 0.21855345911949686 1.2056384742951907 0.21855345911949686 1.2056384742951907 0.21776729559748428 1.1940298507462686 0.21776729559748428
0 1.7960199004975124 0.15723270440251572 1.7960199004975124 0.1580188679245283 1.8076285240464345 0.1580188679245283 1.8076285240464345 0.15723270440251572 1.7960199004975124 0.15723270440251572
0 1.8175787728026533 0.18553459119496854 1.8175787728026533 0.18632075471698112 1.8258706467661692 0.18632075471698112 1.8258706467661692 0.18553459119496854 1.8175787728026533 0.18553459119496854
0 1.7280265339966832 0.09198113207547169 1.7280265339966832 0.09276729559748427 1.7330016583747927 0.09276729559748427 1.7330016583747927 0.09198113207547169 1.7280265339966832 0.09198113207547169
0 0.2222222222222222 0.19732704402515724 0.2222222222222222 0.19811320754716982 0.23051409618573798 0.19811320754716982 0.23051409618573798 0.19732704402515724 0.2222222222222222 0.19732704402515724
0 1.8623548922056385 0.10455974842767296 1.8623548922056385 0.10534591194968554 1.8723051409618574 0.10534591194968554 1.8723051409618574 0.10455974842767296 1.8623548922056385 0.10455974842767296
0 1.6666666666666667 0.11556603773584906 1.6666666666666667 0.11635220125786164 1.6749585406301823 0.11635220125786164 1.6749585406301823 0.11556603773584906 1.6666666666666667 0.11556603773584906
0 0.4792703150912106 0.23663522012578617 0.4792703150912106 0.23742138364779874 0.49087893864013266 0.23742138364779874 0.49087893864013266 0.23663522012578617 0.4792703150912106 0.23663522012578617
0 1.2106135986733002 0.05345911949685535 1.2106135986733002 0.054245283018867926 1.220563847429519 0.054245283018867926 1.220563847429519 0.05345911949685535 1.2106135986733002 0.05345911949685535
0 0.6915422885572139 0.10062893081761007 0.6915422885572139 0.10141509433962265 0.703150912106136 0.10141509433962265 0.703150912106136 0.10062893081761007 0.6915422885572139 0.10062893081761007
0 1.2570480928689884 0.1179245283018868 1.2570480928689884 0.11871069182389937 1.2669983416252073 0.11871069182389937 1.2669983416252073 0.1179245283018868 1.2570480928689884 0.1179245283018868
0 0.2835820895522388 0.15172955974842767 0.2835820895522388 0.15251572327044025 0.2935323383084577 0.15251572327044025 0.2935323383084577 0.15172955974842767 0.2835820895522388 0.15172955974842767
0 0.8391376451077943 0.2279874213836478 0.8391376451077943 0.22877358490566038 0.8441127694859039 0.22877358490566038 0.8441127694859039 0.2279874213836478 0.8391376451077943 0.2279874213836478
0 1.4792703150912105 0.18867924528301888 1.4792703150912105 0.18946540880503146 1.4908789386401327 0.18946540880503146 1.4908789386401327 0.18867924528301888 1.4792703150912105 0.18867924528301888
0 0.5538971807628524 0.08569182389937106 0.5538971807628524 0.08647798742138364 0.5621890547263682 0.08647798742138364 0.5621890547263682 0.08569182389937106 0.5538971807628524 0.08569182389937106
0 1.7180762852404643 0.08569182389937106 1.7180762852404643 0.08647798742138364 1.7280265339966832 0.08647798742138364 1.7280265339966832 0.08569182389937106 1.7180762852404643 0.08569182389937106
0 0.681592039800995 0.08647798742138364 0.681592039800995 0.08726415094339622 0.6832504145936982 0.08726415094339622 0.6832504145936982 0.08647798742138364 0.681592039800995 0.08647798742138364
0 1.0580431177446104 0.10377358490566038 1.0580431177446104 0.10455974842767296 1.066334991708126 0.10455974842767296 1.066334991708126 0.10377358490566038 1.0580431177446104 0.10377358490566038
0 1.0082918739635158 0.1611635220125786 1.0082918739635158 0.1619496855345912 1.0116086235489221 0.1619496855345912 1.0116086235489221 0.1611635220125786 1.0082918739635158 0.1611635220125786
0 1.2553897180762852 0.2240566037735849 1.2553897180762852 0.2248427672955975 1.2620232172470978 0.2248427672955975 1.2620232172470978 0.2240566037735849 1.2553897180762852 0.2240566037735849
0 1.39469320066335 0.12971698113207547 1.39469320066335 0.13050314465408805 1.4029850746268657 0.13050314465408805 1.4029850746268657 0.12971698113207547 1.39469320066335 0.12971698113207547
0 1.0315091210613598 0.06918238993710692 1.0315091210613598 0.0699685534591195 1.043117744610282 0.0699685534591195 1.043117744610282 0.06918238993710692 1.0315091210613598 0.06918238993710692
0 0.6268656716417911 0.22169811320754718 0.6268656716417911 0.22248427672955975 0.6434494195688225 0.22248427672955975 0.6434494195688225 0.22169811320754718 0.6268656716417911 0.22169811320754718
0 0.29850746268656714 0.20911949685534592 0.29850746268656714 0.2099056603773585 0.3067993366500829 0.2099056603773585 0.3067993366500829 0.20911949685534592 0.29850746268656714 0.20911949685534592
0 1.913764510779436 0.24135220125786164 1.913764510779436 0.24213836477987422 1.9270315091210615 0.24213836477987422 1.9270315091210615 0.24135220125786164 1.913764510779436 0.24135220125786164
0 0.527363184079602 0.06446540880503145 0.527363184079602 0.06525157232704402 0.5323383084577115 0.06525157232704402 0.5323383084577115 0.06446540880503145 0.527363184079602 0.06446540880503145
0 0.18407960199004975 0.2539308176100629 0.18407960199004975 0.25471698113207547 0.19237147595356552 0.25471698113207547 0.19237147595356552 0.2539308176100629 0.18407960199004975 0.2539308176100629
0 0.6467661691542289 0.07940251572327044 0.6467661691542289 0.08018867924528301 0.6533996683250415 0.08018867924528301 0.6533996683250415 0.07940251572327044 0.6467661691542289 0.07940251572327044
0 1.527363184079602 0.22327044025157233 1.527363184079602 0.2240566037735849 1.5356550580431176 0.2240566037735849 1.5356550580431176 0.22327044025157233 1.527363184079602 0.22327044025157233
0 0.5339966832504146 0.12185534591194969 0.5339966832504146 0.12264150943396226 0.5406301824212272 0.12264150943396226 0.5406301824212272 0.12185534591194969 0.5339966832504146 0.12185534591194969
0 0.6600331674958541 0.2578616352201258 0.6600331674958541 0.2586477987421384 0.6650082918739635 0.2586477987421384 0.6650082918739635 0.2578616352201258 0.6600331674958541 0.2578616352201258
0 0.3416252072968491 0.0809748427672956 0.3416252072968491 0.08176100628930817 0.34328358208955223 0.08176100628930817 0.34328358208955223 0.0809748427672956 0.3416252072968491 0.0809748427672956
0 0.6849087893864013 0.09905660377358491 0.6849087893864013 0.09984276729559749 0.6965174129353234 0.09984276729559749 0.6965174129353234 0.09905660377358491 0.6849087893864013 0.09905660377358491
0 1.0729684908789385 0.16273584905660377 1.0729684908789385 0.16352201257861634 1.0812603648424544 0.16352201257861634 1.0812603648424544 0.16273584905660377 1.0729684908789385 0.16273584905660377
0 1.0016583747927033 0.13443396226415094 1.0016583747927033 0.13522012578616352 1.0082918739635158 0.13522012578616352 1.0082918739635158 0.13443396226415094 1.0016583747927033 0.13443396226415094
0 0.5737976782752903 0.1430817610062893 0.5737976782752903 0.14386792452830188 0.5804311774461028 0.14386792452830188 0.5804311774461028 0.1430817610062893 0.5737976782752903 0.1430817610062893
0 1.2006633499170813 0.19025157232704404 1.2006633499170813 0.19103773584905662 1.2056384742951907 0.19103773584905662 1.2056384742951907 0.19025157232704404 1.2006633499170813 0.19025157232704404
0 1.4013266998341625 0.1871069182389937 1.4013266998341625 0.1878930817610063 1.4096185737976783 0.1878930817610063 1.4096185737976783 0.1871069182389937 1.4013266998341625 0.1871069182389937
0 1.318407960199005 0.11556603773584906 1.318407960199005 0.11635220125786164 1.3233830845771144 0.11635220125786164 1.3233830845771144 0.11556603773584906 1.318407960199005 0.11556603773584906
0 0.7595356550580431 0.16981132075471697 0.7595356550580431 0.17059748427672955 0.7645107794361525 0.17059748427672955 0.7645107794361525 0.16981132075471697 0.7595356550580431 0.16981132075471697
0 0.9220563847429519 0.1540880503144654 0.9220563847429519 0.15487421383647798 0.9336650082918739 0.15487421383647798 0.9336650082918739 0.1540880503144654 0.9220563847429519 0.1540880503144654
0 0.5887230514096186 0.20204402515723272 0.5887230514096186 0.2028301886792453 0.5986733001658375 0.2028301886792453 0.5986733001658375 0.20204402515723272 0.5887230514096186 0.20204402515723272
0 0.5339966832504146 0.16430817610062892 0.5339966832504146 0.1650943396226415 0.5406301824212272 0.1650943396226415 0.5406301824212272 0.16430817610062892 0.5339966832504146 0.16430817610062892
0 1.373134328358209 0.2169811320754717 1.373134328358209 0.21776729559748428 1.3797678275290215 0.21776729559748428 1.3797678275290215 0.2169811320754717 1.373134328358209 0.2169811320754717
0 0.8374792703150912 0.07075471698113207 0.8374792703150912 0.07154088050314465 0.8441127694859039 0.07154088050314465 0.8441127694859039 0.07075471698113207 0.8374792703150912 0.07075471698113207
0 2.0381426202321724 0.09040880503144653 2.0381426202321724 0.09119496855345911 2.0480928689883915 0.09119496855345911 2.0480928689883915 0.09040880503144653 2.0381426202321724 0.09040880503144653
0 1.835820895522388 0.12106918238993711 1.835820895522388 0.12185534591194969 1.845771144278607 0.12185534591194969 1.845771144278607 0.12106918238993711 1.835820895522388 0.12106918238993711
0 2.099502487562189 0.13128930817610063 2.099502487562189 0.1320754716981132 2.1061359867330016 0.1320754716981132 2.1061359867330016 0.13128930817610063 2.099502487562189 0.13128930817610063
0 1.9303482587064678 0.23427672955974843 1.9303482587064678 0.235062893081761 1.943615257048093 0.235062893081761 1.943615257048093 0.23427672955974843 1.9303482587064678 0.23427672955974843
0 1.39469320066335 0.18867924528301888 1.39469320066335 0.18946540880503146 1.3996683250414594 0.18946540880503146 1.3996683250414594 0.18867924528301888 1.39469320066335 0.18867924528301888
0 0.1625207296849088 0.17452830188679244 0.1625207296849088 0.17531446540880502 0.1691542288557214 0.17531446540880502 0.1691542288557214 0.17452830188679244 0.1625207296849088 0.17452830188679244
0 1.0381426202321724 0.22720125786163523 1.0381426202321724 0.2279874213836478 1.0464344941956882 0.2279874213836478 1.0464344941956882 0.22720125786163523 1.0381426202321724 0.22720125786163523
0 1.3366500829187395 0.12971698113207547 1.3366500829187395 0.13050314465408805 1.3482587064676617 0.13050314465408805 1.3482587064676617 0.12971698113207547 1.3366500829187395 0.12971698113207547
0 1.1525704809286899 0.21147798742138366 1.1525704809286899 0.21226415094339623 1.1608623548922057 0.21226415094339623 1.1608623548922057 0.21147798742138366 1.1525704809286899 0.21147798742138366
0 2.0912106135986734 0.1391509433962264 2.0912106135986734 0.139937106918239 2.1028192371475956 0.139937106918239 2.1028192371475956 0.1391509433962264 2.0912106135986734 0.1391509433962264
0 1.756218905472637 0.15566037735849056 1.756218905472637 0.15644654088050314 1.7611940298507462 0.15644654088050314 1.7611940298507462 0.15566037735849056 1.756218905472637 0.15566037735849056
0 1.9966832504145937 0.22720125786163523 1.9966832504145937 0.2279874213836478 2.001658374792703 0.2279874213836478 2.001658374792703 0.22720125786163523 1.9966832504145937 0.22720125786163523
0 1.8291873963515755 0.16430817610062892 1.8291873963515755 0.1650943396226415 1.8374792703150913 0.1650943396226415 1.8374792703150913 0.16430817610062892 1.8291873963515755 0.16430817610062892
0 1.5820895522388059 0.11635220125786164 1.5820895522388059 0.11713836477987422 1.5887230514096187 0.11713836477987422 1.5887230514096187 0.11635220125786164 1.5820895522388059 0.11635220125786164
0 0.04809286898839138 0.16037735849056603 0.04809286898839138 0.1611635220125786 0.05638474295190713 0.1611635220125786 0.05638474295190713 0.16037735849056603 0.04809286898839138 0.16037735849056603
0 1.923714759535655 0.22720125786163523 1.923714759535655 0.2279874213836478 1.933665008291874 0.2279874213836478 1.933665008291874 0.22720125786163523 1.923714759535655 0.22720125786163523
0 0.18407960199004975 0.09748427672955975 0.18407960199004975 0.09827044025157233 0.19237147595356552 0.09827044025157233 0.19237147595356552 0.09748427672955975 0.18407960199004975 0.09748427672955975
0 1.2902155887230513 0.13757861635220126 1.2902155887230513 0.13836477987421383 1.3001658374792704 0.13836477987421383 1.3001658374792704 0.13757861635220126 1.2902155887230513 0.13757861635220126
0 0.6550580431177446 0.10849056603773585 0.6550580431177446 0.10927672955974843 0.6633499170812603 0.10927672955974843 0.6633499170812603 0.10849056603773585 0.6550580431177446 0.10849056603773585
0 0.867330016583748 0.20676100628930819 0.867330016583748 0.20754716981132076 0.8723051409618574 0.20754716981132076 0.8723051409618574 0.20676100628930819 0.867330016583748 0.20676100628930819
0 1.4776119402985075 0.18632075471698112 1.4776119402985075 0.1871069182389937 1.4908789386401327 0.1871069182389937 1.4908789386401327 0.18632075471698112 1.4776119402985075 0.18632075471698112