0 0.677734375 0.28125 0.677734375 0.2828125 0.6875 0.2828125 0.6875 0.28125 0.677734375 0.28125
0 0.412109375 0.59375 0.412109375 0.5953125 0.416015625 0.5953125 0.416015625 0.59375 0.412109375 0.59375
0 1.103515625 0.2046875 1.103515625 0.20625 1.12109375 0.20625 1.12109375 0.2046875 1.103515625 0.2046875
0 0.677734375 0.1015625 0.677734375 0.103125 0.69140625 0.103125 0.69140625 0.1015625 0.677734375 0.1015625
0 0.99609375 0.5125 0.99609375 0.5140625 1.0 0.5140625 1.0 0.5125 0.99609375 0.5125
0 0.728515625 0.415625 0.728515625 0.4171875 0.7421875 0.4171875 0.7421875 0.415625 0.728515625 0.415625
0 0.078125 0.025 0.078125 0.0265625 0.087890625 0.0265625 0.087890625 0.025 0.078125 0.025
0 0.5390625 0.71875 0.5390625 0.7203125 0.541015625 0.7203125 0.541015625 0.71875 0.5390625 0.71875
0 0.61328125 0.00625 0.61328125 0.0078125 0.623046875 0.0078125 0.623046875 0.00625 0.61328125 0.00625
0 0.41796875 0.6140625 0.41796875 0.615625 0.42578125 0.615625 0.42578125 0.6140625 0.41796875 0.6140625
0 0.984375 0.2484375 0.984375 0.25 0.99609375 0.25 0.99609375 0.2484375 0.984375 0.2484375
0 0.259765625 0.2375 0.259765625 0.2390625 0.2890625 0.2390625 0.2890625 0.2375 0.259765625 0.2375
0 0.77734375 0.0765625 0.77734375 0.078125 0.783203125 0.078125 0.783203125 0.0765625 0.77734375 0.0765625
0 0.0234375 0.2046875 0.0234375 0.20625 0.037109375 0.20625 0.037109375 0.2046875 0.0234375 0.2046875
0 0.564453125 0.0421875 0.564453125 0.04375 0.568359375 0.04375 0.568359375 0.0421875 0.564453125 0.0421875
0 0.0546875 0.571875 0.0546875 0.5734375 0.06640625 0.5734375 0.06640625 0.571875 0.0546875 0.571875
0 0.240234375 0.7234375 0.240234375 0.725 0.248046875 0.725 0.248046875 0.7234375 0.240234375 0.7234375
0 0.982421875 0.375 0.982421875 0.3765625 0.986328125 0.3765625 0.986328125 0.375 0.982421875 0.375
0 0.2890625 0.19375 0.2890625 0.1953125 0.32421875 0.1953125 0.32421875 0.19375 0.2890625 0.19375
0 1.01171875 0.696875 1.01171875 0.6984375 1.03515625 0.6984375 1.03515625 0.696875 1.01171875 0.696875
0 0.072265625 0.1671875 0.072265625 0.16875 0.078125 0.16875 0.078125 0.1671875 0.072265625 0.1671875
0 0.966796875 0.6421875 0.966796875 0.64375 0.984375 0.64375 0.984375 0.6421875 0.966796875 0.6421875
0 1.18359375 0.4046875 1.18359375 0.40625 1.203125 0.40625 1.203125 0.4046875 1.18359375 0.4046875
0 0.15625 0.4328125 0.15625 0.434375 0.1640625 0.434375 0.1640625 0.4328125 0.15625 0.4328125