0 0.4375 0.6109375 0.4375 0.6125 0.451171875 0.6125 0.451171875 0.6109375 0.4375 0.6109375
0 0.205078125 0.0 0.205078125 0.0015625 0.25 0.0015625 0.25 0.0 0.205078125 0.0
0 0.703125 0.75625 0.703125 0.7578125 0.71875 0.7578125 0.71875 0.75625 0.703125 0.75625
0 0.560546875 0.615625 0.560546875 0.6171875 0.564453125 0.6171875 0.564453125 0.615625 0.560546875 0.615625
0 0.328125 0.65625 0.328125 0.6578125 0.33984375 0.6578125 0.33984375 0.65625 0.328125 0.65625
0 1.205078125 0.25625 1.205078125 0.2578125 1.216796875 0.2578125 1.216796875 0.25625 1.205078125 0.25625
0 0.701171875 0.3015625 0.701171875 0.303125 0.71484375 0.303125 0.71484375 0.3015625 0.701171875 0.3015625
0 0.66796875 0.0984375 0.66796875 0.1 0.673828125 0.1 0.673828125 0.0984375 0.66796875 0.0984375
0 0.896484375 0.4609375 0.896484375 0.4625 0.916015625 0.4625 0.916015625 0.4609375 0.896484375 0.4609375
0 0.146484375 0.53125 0.146484375 0.5328125 0.1640625 0.5328125 0.1640625 0.53125 0.146484375 0.53125
0 0.83984375 0.5328125 0.83984375 0.534375 0.849609375 0.534375 0.849609375 0.5328125 0.83984375 0.5328125
0 0.05078125 0.428125 0.05078125 0.4296875 0.05859375 0.4296875 0.05859375 0.428125 0.05078125 0.428125
0 0.8515625 0.6609375 0.8515625 0.6625 0.859375 0.6625 0.859375 0.6609375 0.8515625 0.6609375
0 0.970703125 0.4 0.970703125 0.4015625 0.986328125 0.4015625 0.986328125 0.4 0.970703125 0.4
0 0.201171875 0.303125 0.201171875 0.3046875 0.20703125 0.3046875 0.20703125 0.303125 0.201171875 0.303125
0 0.453125 0.3421875 0.453125 0.34375 0.466796875 0.34375 0.466796875 0.3421875 0.453125 0.3421875
0 0.765625 0.0 0.765625 0.0015625 0.81640625 0.0015625 0.81640625 0.0 0.765625 0.0
0 0.146484375 0.746875 0.146484375 0.7484375 0.166015625 0.7484375 0.166015625 0.746875 0.146484375 0.746875
0 1.2421875 0.4765625 1.2421875 0.478125 1.24609375 0.478125 1.24609375 0.4765625 1.2421875 0.4765625
0 1.19140625 0.44375 1.19140625 0.4453125 1.19921875 0.4453125 1.19921875 0.44375 1.19140625 0.44375
0 1.0 0.04375 1.0 0.0453125 1.0078125 0.0453125 1.0078125 0.04375 1.0 0.04375
0 0.943359375 0.0 0.943359375 0.0015625 1.0 0.0015625 1.0 0.0 0.943359375 0.0
0 0.37109375 0.5203125 0.37109375 0.521875 0.3828125 0.521875 0.3828125 0.5203125 0.37109375 0.5203125
0 0.603515625 0.125 0.603515625 0.1265625 0.615234375 0.1265625 0.615234375 0.125 0.603515625 0.125
0 0.94140625 0.16875 0.94140625 0.1703125 0.958984375 0.1703125 0.958984375 0.16875 0.94140625 0.16875
0 0.8671875 0.50625 0.8671875 0.5078125 0.880859375 0.5078125 0.880859375 0.50625 0.8671875 0.50625
0 0.9765625 0.1953125 0.9765625 0.196875 0.98828125 0.196875 0.98828125 0.1953125 0.9765625 0.1953125
0 0.931640625 0.678125 0.931640625 0.6796875 0.94140625 0.6796875 0.94140625 0.678125 0.931640625 0.678125
0 0.6640625 0.5703125 0.6640625 0.571875 0.6875 0.571875 0.6875 0.5703125 0.6640625 0.5703125
0 0.068359375 0.303125 0.068359375 0.3046875 0.0859375 0.3046875 0.0859375 0.303125 0.068359375 0.303125
0 1.087890625 0.575 1.087890625 0.5765625 1.09375 0.5765625 1.09375 0.575 1.087890625 0.575