0 0.9057692307692308 0.3117816091954023 0.9057692307692308 0.3132183908045977 0.9173076923076923 0.3132183908045977 0.9173076923076923 0.3117816091954023 0.9057692307692308 0.3117816091954023
0 0.7480769230769231 0.4454022988505747 0.7480769230769231 0.4468390804597701 0.7538461538461538 0.4468390804597701 0.7538461538461538 0.4454022988505747 0.7480769230769231 0.4454022988505747
0 0.34615384615384615 0.3649425287356322 0.34615384615384615 0.36637931034482757 0.36538461538461536 0.36637931034482757 0.36538461538461536 0.3649425287356322 0.34615384615384615 0.3649425287356322
0 1.1153846153846154 0.0028735632183908046 1.1153846153846154 0.004310344827586207 1.1365384615384615 0.004310344827586207 1.1365384615384615 0.0028735632183908046 1.1153846153846154 0.0028735632183908046
0 1.2788461538461537 0.5919540229885057 1.2788461538461537 0.5933908045977011 1.2846153846153847 0.5933908045977011 1.2846153846153847 0.5919540229885057 1.2788461538461537 0.5919540229885057
0 0.275 0.3793103448275862 0.275 0.3807471264367816 0.2923076923076923 0.3807471264367816 0.2923076923076923 0.3793103448275862 0.275 0.3793103448275862
0 1.0807692307692307 0.3175287356321839 1.0807692307692307 0.31896551724137934 1.0961538461538463 0.31896551724137934 1.0961538461538463 0.3175287356321839 1.0807692307692307 0.3175287356321839
0 0.8538461538461538 0.3031609195402299 0.8538461538461538 0.3045977011494253 0.8692307692307693 0.3045977011494253 0.8692307692307693 0.3031609195402299 0.8538461538461538 0.3031609195402299
0 0.12307692307692308 0.4525862068965517 0.12307692307692308 0.4540229885057471 0.1326923076923077 0.4540229885057471 0.1326923076923077 0.4525862068965517 0.12307692307692308 0.4525862068965517
0 0.9653846153846154 0.6278735632183908 0.9653846153846154 0.6293103448275862 0.9769230769230769 0.6293103448275862 0.9769230769230769 0.6278735632183908 0.9653846153846154 0.6278735632183908
0 0.725 0.3261494252873563 0.725 0.3275862068965517 0.7384615384615385 0.3275862068965517 0.7384615384615385 0.3261494252873563 0.725 0.3261494252873563
0 1.15 0.48419540229885055 1.15 0.48563218390804597 1.1576923076923078 0.48563218390804597 1.1576923076923078 0.48419540229885055 1.15 0.48419540229885055
0 0.8307692307692308 0.41235632183908044 0.8307692307692308 0.41379310344827586 0.8403846153846154 0.41379310344827586 0.8403846153846154 0.41235632183908044 0.8307692307692308 0.41235632183908044
0 0.10384615384615385 0.0 0.10384615384615385 0.0014367816091954023 0.13846153846153847 0.0014367816091954023 0.13846153846153847 0.0 0.10384615384615385 0.0
0 0.08076923076923077 0.5416666666666666 0.08076923076923077 0.5431034482758621 0.08653846153846154 0.5431034482758621 0.08653846153846154 0.5416666666666666 0.08076923076923077 0.5416666666666666
0 0.9230769230769231 0.0 0.9230769230769231 0.0014367816091954023 0.9673076923076923 0.0014367816091954023 0.9673076923076923 0.0 0.9230769230769231 0.0
0 0.7826923076923077 0.6077586206896551 0.7826923076923077 0.6091954022988506 0.8 0.6091954022988506 0.8 0.6077586206896551 0.7826923076923077 0.6077586206896551
0 0.2923076923076923 0.19827586206896552 0.2923076923076923 0.1997126436781609 0.29615384615384616 0.1997126436781609 0.29615384615384616 0.19827586206896552 0.2923076923076923 0.19827586206896552
0 1.0673076923076923 0.47701149425287354 1.0673076923076923 0.47844827586206895 1.0865384615384615 0.47844827586206895 1.0865384615384615 0.47701149425287354 1.0673076923076923 0.47701149425287354
0 0.38461538461538464 0.1853448275862069 0.38461538461538464 0.1867816091954023 0.3923076923076923 0.1867816091954023 0.3923076923076923 0.1853448275862069 0.38461538461538464 0.1853448275862069
0 1.1615384615384616 0.14655172413793102 1.1615384615384616 0.14798850574712644 1.1673076923076924 0.14798850574712644 1.1673076923076924 0.14655172413793102 1.1615384615384616 0.14655172413793102
0 0.47307692307692306 0.41954022988505746 0.47307692307692306 0.4209770114942529 0.48846153846153845 0.4209770114942529 0.48846153846153845 0.41954022988505746 0.47307692307692306 0.41954022988505746
0 0.6884615384615385 0.38362068965517243 0.6884615384615385 0.3850574712643678 0.7019230769230769 0.3850574712643678 0.7019230769230769 0.38362068965517243 0.6884615384615385 0.38362068965517243
0 0.3576923076923077 0.3275862068965517 0.3576923076923077 0.3290229885057471 0.36538461538461536 0.3290229885057471 0.36538461538461536 0.3275862068965517 0.3576923076923077 0.3275862068965517
0 1.176923076923077 0.3089080459770115 1.176923076923077 0.3103448275862069 1.1884615384615385 0.3103448275862069 1.1884615384615385 0.3089080459770115 1.176923076923077 0.3089080459770115
0 0.5230769230769231 0.632183908045977 0.5230769230769231 0.6336206896551724 0.5346153846153846 0.6336206896551724 0.5346153846153846 0.632183908045977 0.5230769230769231 0.632183908045977
0 0.2423076923076923 0.0 0.2423076923076923 0.0014367816091954023 0.2826923076923077 0.0014367816091954023 0.2826923076923077 0.0 0.2423076923076923 0.0
0 1.1673076923076924 0.031609195402298854 1.1673076923076924 0.033045977011494254 1.1865384615384615 0.033045977011494254 1.1865384615384615 0.031609195402298854 1.1673076923076924 0.031609195402298854
0 0.40192307692307694 0.05172413793103448 0.40192307692307694 0.05316091954022988 0.4153846153846154 0.05316091954022988 0.4153846153846154 0.05172413793103448 0.40192307692307694 0.05172413793103448
0 0.5653846153846154 0.13936781609195403 0.5653846153846154 0.14080459770114942 0.5865384615384616 0.14080459770114942 0.5865384615384616 0.13936781609195403 0.5653846153846154 0.13936781609195403
0 0.5653846153846154 0.07183908045977011 0.5653846153846154 0.07327586206896551 0.5711538461538461 0.07327586206896551 0.5711538461538461 0.07183908045977011 0.5653846153846154 0.07183908045977011
0 0.7384615384615385 0.07327586206896551 0.7384615384615385 0.07471264367816093 0.7403846153846154 0.07471264367816093 0.7403846153846154 0.07327586206896551 0.7384615384615385 0.07327586206896551
0 1.2634615384615384 0.3764367816091954 1.2634615384615384 0.37787356321839083 1.2769230769230768 0.37787356321839083 1.2769230769230768 0.3764367816091954 1.2634615384615384 0.3764367816091954
0 1.1307692307692307 0.20977011494252873 1.1307692307692307 0.21120689655172414 1.148076923076923 0.21120689655172414 1.148076923076923 0.20977011494252873 1.1307692307692307 0.20977011494252873
0 0.8673076923076923 0.2672413793103448 0.8673076923076923 0.2686781609195402 0.8865384615384615 0.2686781609195402 0.8865384615384615 0.2672413793103448 0.8673076923076923 0.2672413793103448
0 0.8769230769230769 0.5948275862068966 0.8769230769230769 0.5962643678160919 0.8807692307692307 0.5962643678160919 0.8807692307692307 0.5948275862068966 0.8769230769230769 0.5948275862068966
0 1.2557692307692307 0.47701149425287354 1.2557692307692307 0.47844827586206895 1.271153846153846 0.47844827586206895 1.271153846153846 0.47701149425287354 1.2557692307692307 0.47701149425287354
0 0.85 0.6910919540229885 0.85 0.6925287356321839 0.8557692307692307 0.6925287356321839 0.8557692307692307 0.6910919540229885 0.85 0.6910919540229885
0 0.0057692307692307696 0.625 0.0057692307692307696 0.6264367816091954 0.028846153846153848 0.6264367816091954 0.028846153846153848 0.625 0.0057692307692307696 0.625
0 0.021153846153846155 0.11781609195402298 0.021153846153846155 0.11925287356321838 0.032692307692307694 0.11925287356321838 0.032692307692307694 0.11781609195402298 0.021153846153846155 0.11781609195402298
0 0.7826923076923077 0.5689655172413793 0.7826923076923077 0.5704022988505747 0.7923076923076923 0.5704022988505747 0.7923076923076923 0.5689655172413793 0.7826923076923077 0.5689655172413793
0 1.1846153846153846 0.16522988505747127 1.1846153846153846 0.16666666666666666 1.198076923076923 0.16666666666666666 1.198076923076923 0.16522988505747127 1.1846153846153846 0.16522988505747127
0 0.9038461538461539 0.34051724137931033 0.9038461538461539 0.34195402298850575 0.9153846153846154 0.34195402298850575 0.9153846153846154 0.34051724137931033 0.9038461538461539 0.34051724137931033
0 0.4 0.06752873563218391 0.4 0.06896551724137931 0.40384615384615385 0.06896551724137931 0.40384615384615385 0.06752873563218391 0.4 0.06752873563218391
0 1.148076923076923 0.08908045977011494 1.148076923076923 0.09051724137931035 1.1557692307692307 0.09051724137931035 1.1557692307692307 0.08908045977011494 1.148076923076923 0.08908045977011494
0 0.6269230769230769 0.1839080459770115 0.6269230769230769 0.1853448275862069 0.6403846153846153 0.1853448275862069 0.6403846153846153 0.1839080459770115 0.6269230769230769 0.1839080459770115
0 0.4230769230769231 0.3505747126436782 0.4230769230769231 0.35201149425287354 0.4403846153846154 0.35201149425287354 0.4403846153846154 0.3505747126436782 0.4230769230769231 0.3505747126436782
0 1.0653846153846154 0.27873563218390807 1.0653846153846154 0.2801724137931034 1.0692307692307692 0.2801724137931034 1.0692307692307692 0.27873563218390807 1.0653846153846154 0.27873563218390807
0 0.7538461538461538 0.027298850574712645 0.7538461538461538 0.028735632183908046 0.7673076923076924 0.028735632183908046 0.7673076923076924 0.027298850574712645 0.7538461538461538 0.027298850574712645
0 0.49615384615384617 0.48419540229885055 0.49615384615384617 0.48563218390804597 0.5115384615384615 0.48563218390804597 0.5115384615384615 0.48419540229885055 0.49615384615384617 0.48419540229885055
0 0.8557692307692307 0.5402298850574713 0.8557692307692307 0.5416666666666666 0.875 0.5416666666666666 0.875 0.5402298850574713 0.8557692307692307 0.5402298850574713
0 0.6019230769230769 0.7313218390804598 0.6019230769230769 0.7327586206896551 0.6115384615384616 0.7327586206896551 0.6115384615384616 0.7313218390804598 0.6019230769230769 0.7313218390804598
0 0.09423076923076923 0.23275862068965517 0.09423076923076923 0.23419540229885058 0.10384615384615385 0.23419540229885058 0.10384615384615385 0.23275862068965517 0.09423076923076923 0.23275862068965517
0 1.3326923076923076 0.10344827586206896 1.3326923076923076 0.10488505747126436 1.3365384615384615 0.10488505747126436 1.3365384615384615 0.10344827586206896 1.3326923076923076 0.10344827586206896
0 0.9961538461538462 0.6436781609195402 0.9961538461538462 0.6451149425287356 1.0057692307692307 0.6451149425287356 1.0057692307692307 0.6436781609195402 0.9961538461538462 0.6436781609195402
0 0.8846153846153846 0.10919540229885058 0.8846153846153846 0.11063218390804598 0.8884615384615384 0.11063218390804598 0.8884615384615384 0.10919540229885058 0.8846153846153846 0.10919540229885058
0 0.3384615384615385 0.5732758620689655 0.3384615384615385 0.5747126436781609 0.34807692307692306 0.5747126436781609 0.34807692307692306 0.5732758620689655 0.3384615384615385 0.5732758620689655
0 0.1076923076923077 0.06896551724137931 0.1076923076923077 0.07040229885057471 0.11730769230769231 0.07040229885057471 0.11730769230769231 0.06896551724137931 0.1076923076923077 0.06896551724137931
0 0.5538461538461539 0.2744252873563218 0.5538461538461539 0.27586206896551724 0.5673076923076923 0.27586206896551724 0.5673076923076923 0.2744252873563218 0.5538461538461539 0.2744252873563218
0 0.698076923076923 0.25862068965517243 0.698076923076923 0.2600574712643678 0.7173076923076923 0.2600574712643678 0.7173076923076923 0.25862068965517243 0.698076923076923 0.25862068965517243
0 1.075 0.47413793103448276 1.075 0.4755747126436782 1.0903846153846153 0.4755747126436782 1.0903846153846153 0.47413793103448276 1.075 0.47413793103448276
0 1.0653846153846154 0.375 1.0653846153846154 0.3764367816091954 1.0769230769230769 0.3764367816091954 1.0769230769230769 0.375 1.0653846153846154 0.375
0 0.5384615384615384 0.5028735632183908 0.5384615384615384 0.5043103448275862 0.5423076923076923 0.5043103448275862 0.5423076923076923 0.5028735632183908 0.5384615384615384 0.5028735632183908
0 1.2653846153846153 0.08764367816091954 1.2653846153846153 0.08908045977011494 1.2769230769230768 0.08908045977011494 1.2769230769230768 0.08764367816091954 1.2653846153846153 0.08764367816091954
0 0.6596153846153846 0.005747126436781609 0.6596153846153846 0.007183908045977011 0.6730769230769231 0.007183908045977011 0.6730769230769231 0.005747126436781609 0.6596153846153846 0.005747126436781609
0 1.021153846153846 0.3448275862068966 1.021153846153846 0.34626436781609193 1.0384615384615385 0.34626436781609193 1.0384615384615385 0.3448275862068966 1.021153846153846 0.3448275862068966
0 0.19423076923076923 0.35919540229885055 0.19423076923076923 0.36063218390804597 0.20961538461538462 0.36063218390804597 0.20961538461538462 0.35919540229885055 0.19423076923076923 0.35919540229885055
0 0.9403846153846154 0.4813218390804598 0.9403846153846154 0.4827586206896552 0.95 0.4827586206896552 0.95 0.4813218390804598 0.9403846153846154 0.4813218390804598
0 0.6153846153846154 0.22557471264367815 0.6153846153846154 0.22701149425287356 0.6346153846153846 0.22701149425287356 0.6346153846153846 0.22557471264367815 0.6153846153846154 0.22557471264367815
0 0.06538461538461539 0.15086206896551724 0.06538461538461539 0.15229885057471265 0.07692307692307693 0.15229885057471265 0.07692307692307693 0.15086206896551724 0.06538461538461539 0.15086206896551724
0 0.18846153846153846 0.6781609195402298 0.18846153846153846 0.6795977011494253 0.20192307692307693 0.6795977011494253 0.20192307692307693 0.6781609195402298 0.18846153846153846 0.6781609195402298
0 0.24423076923076922 0.5272988505747126 0.24423076923076922 0.5287356321839081 0.25769230769230766 0.5287356321839081 0.25769230769230766 0.5272988505747126 0.24423076923076922 0.5272988505747126
0 0.7192307692307692 0.26436781609195403 0.7192307692307692 0.26580459770114945 0.7230769230769231 0.26580459770114945 0.7230769230769231 0.26436781609195403 0.7192307692307692 0.26436781609195403
0 0.7884615384615384 0.6738505747126436 0.7884615384615384 0.6752873563218391 0.8 0.6752873563218391 0.8 0.6738505747126436 0.7884615384615384 0.6738505747126436
0 0.25 0.46264367816091956 0.25 0.4640804597701149 0.2653846153846154 0.4640804597701149 0.2653846153846154 0.46264367816091956 0.25 0.46264367816091956
0 0.1326923076923077 0.24568965517241378 0.1326923076923077 0.2471264367816092 0.1423076923076923 0.2471264367816092 0.1423076923076923 0.24568965517241378 0.1326923076923077 0.24568965517241378
0 1.2403846153846154 0.39798850574712646 1.2403846153846154 0.3994252873563218 1.2461538461538462 0.3994252873563218 1.2461538461538462 0.39798850574712646 1.2403846153846154 0.39798850574712646
0 0.26153846153846155 0.30028735632183906 0.26153846153846155 0.3017241379310345 0.26346153846153847 0.3017241379310345 0.26346153846153847 0.30028735632183906 0.26153846153846155 0.30028735632183906
0 0.04038461538461539 0.6005747126436781 0.04038461538461539 0.6020114942528736 0.05384615384615385 0.6020114942528736 0.05384615384615385 0.6005747126436781 0.04038461538461539 0.6005747126436781
0 0.2153846153846154 0.20545977011494254 0.2153846153846154 0.20689655172413793 0.21923076923076923 0.20689655172413793 0.21923076923076923 0.20545977011494254 0.2153846153846154 0.20545977011494254
0 0.29615384615384616 0.5043103448275862 0.29615384615384616 0.5057471264367817 0.3057692307692308 0.5057471264367817 0.3057692307692308 0.5043103448275862 0.29615384615384616 0.5043103448275862
0 0.8653846153846154 0.5775862068965517 0.8653846153846154 0.5790229885057471 0.9019230769230769 0.5790229885057471 0.9019230769230769 0.5775862068965517 0.8653846153846154 0.5775862068965517
0 1.251923076923077 0.22557471264367815 1.251923076923077 0.22701149425287356 1.2865384615384616 0.22701149425287356 1.2865384615384616 0.22557471264367815 1.251923076923077 0.22557471264367815
0 0.9826923076923076 0.3390804597701149 0.9826923076923076 0.34051724137931033 0.9923076923076923 0.34051724137931033 0.9923076923076923 0.3390804597701149 0.9826923076923076 0.3390804597701149
0 1.2942307692307693 0.5933908045977011 1.2942307692307693 0.5948275862068966 1.3057692307692308 0.5948275862068966 1.3057692307692308 0.5933908045977011 1.2942307692307693 0.5933908045977011
0 0.5788461538461539 0.7183908045977011 0.5788461538461539 0.7198275862068966 0.5884615384615385 0.7198275862068966 0.5884615384615385 0.7183908045977011 0.5788461538461539 0.7183908045977011
0 0.525 0.4454022988505747 0.525 0.4468390804597701 0.5423076923076923 0.4468390804597701 0.5423076923076923 0.4454022988505747 0.525 0.4454022988505747
0 0.3038461538461538 0.41810344827586204 0.3038461538461538 0.41954022988505746 0.3076923076923077 0.41954022988505746 0.3076923076923077 0.41810344827586204 0.3038461538461538 0.41810344827586204
0 0.4230769230769231 0.5387931034482759 0.4230769230769231 0.5402298850574713 0.43846153846153846 0.5402298850574713 0.43846153846153846 0.5387931034482759 0.4230769230769231 0.5387931034482759
0 0.5442307692307692 0.6738505747126436 0.5442307692307692 0.6752873563218391 0.5634615384615385 0.6752873563218391 0.5634615384615385 0.6738505747126436 0.5442307692307692 0.6738505747126436
0 0.6711538461538461 0.0 0.6711538461538461 0.0014367816091954023 0.7173076923076923 0.0014367816091954023 0.7173076923076923 0.0 0.6711538461538461 0.0
0 0.06538461538461539 0.33045977011494254 0.06538461538461539 0.33189655172413796 0.07307692307692308 0.33189655172413796 0.07307692307692308 0.33045977011494254 0.06538461538461539 0.33045977011494254
0 0.9692307692307692 0.6623563218390804 0.9692307692307692 0.6637931034482759 0.9711538461538461 0.6637931034482759 0.9711538461538461 0.6623563218390804 0.9692307692307692 0.6623563218390804
0 1.2346153846153847 0.3218390804597701 1.2346153846153847 0.3232758620689655 1.2442307692307693 0.3232758620689655 1.2442307692307693 0.3218390804597701 1.2346153846153847 0.3218390804597701
0 0.8442307692307692 0.47988505747126436 0.8442307692307692 0.4813218390804598 0.8634615384615385 0.4813218390804598 0.8634615384615385 0.47988505747126436 0.8442307692307692 0.47988505747126436
0 1.1538461538461537 0.4238505747126437 1.1538461538461537 0.42528735632183906 1.1557692307692307 0.42528735632183906 1.1557692307692307 0.4238505747126437 1.1538461538461537 0.4238505747126437
0 1.1596153846153847 0.21695402298850575 1.1596153846153847 0.21839080459770116 1.1846153846153846 0.21839080459770116 1.1846153846153846 0.21695402298850575 1.1596153846153847 0.21695402298850575
0 0.3192307692307692 0.34626436781609193 0.3192307692307692 0.34770114942528735 0.3269230769230769 0.34770114942528735 0.3269230769230769 0.34626436781609193 0.3192307692307692 0.34626436781609193
0 0.5653846153846154 0.05890804597701149 0.5653846153846154 0.0603448275862069 0.5788461538461539 0.0603448275862069 0.5788461538461539 0.05890804597701149 0.5653846153846154 0.05890804597701149
0 0.5211538461538462 0.5862068965517241 0.5211538461538462 0.5876436781609196 0.5384615384615384 0.5876436781609196 0.5384615384615384 0.5862068965517241 0.5211538461538462 0.5862068965517241