0 0.5 0.50625 0.5 0.509375 0.515625 0.509375 0.515625 0.50625 0.5 0.50625
0 0.8359375 0.615625 0.8359375 0.61875 0.859375 0.61875 0.859375 0.615625 0.8359375 0.615625
0 1.0234375 0.634375 1.0234375 0.6375 1.046875 0.6375 1.046875 0.634375 1.0234375 0.634375
0 1.046875 0.25 1.046875 0.253125 1.078125 0.253125 1.078125 0.25 1.046875 0.25
0 0.53125 0.1 0.53125 0.103125 0.58203125 0.103125 0.58203125 0.1 0.53125 0.1
0 0.26171875 0.7375 0.26171875 0.740625 0.26953125 0.740625 0.26953125 0.7375 0.26171875 0.7375
0 1.0078125 0.6125 1.0078125 0.615625 1.015625 0.615625 1.015625 0.6125 1.0078125 0.6125
0 0.25 0.171875 0.25 0.175 0.26953125 0.175 0.26953125 0.171875 0.25 0.171875
0 0.3671875 0.703125 0.3671875 0.70625 0.3828125 0.70625 0.3828125 0.703125 0.3671875 0.703125
0 1.0625 0.684375 1.0625 0.6875 1.078125 0.6875 1.078125 0.684375 1.0625 0.684375
0 1.20703125 0.125 1.20703125 0.128125 1.24609375 0.128125 1.24609375 0.125 1.20703125 0.125
0 0.125 0.740625 0.125 0.74375 0.1328125 0.74375 0.1328125 0.740625 0.125 0.740625
0 0.8203125 0.428125 0.8203125 0.43125 0.85546875 0.43125 0.85546875 0.428125 0.8203125 0.428125
0 1.1953125 0.728125 1.1953125 0.73125 1.22265625 0.73125 1.22265625 0.728125 1.1953125 0.728125
0 0.328125 0.721875 0.328125 0.725 0.3515625 0.725 0.3515625 0.721875 0.328125 0.721875