0 0.7421875 0.15625 0.7421875 0.159375 0.75 0.159375 0.75 0.15625 0.7421875 0.15625
0 0.6953125 0.071875 0.6953125 0.075 0.734375 0.075 0.734375 0.071875 0.6953125 0.071875
0 0.46484375 0.46875 0.46484375 0.471875 0.4765625 0.471875 0.4765625 0.46875 0.46484375 0.46875
0 1.17578125 0.25625 1.17578125 0.259375 1.19140625 0.259375 1.19140625 0.25625 1.17578125 0.25625
0 0.6328125 0.678125 0.6328125 0.68125 0.65234375 0.68125 0.65234375 0.678125 0.6328125 0.678125
0 1.203125 0.40625 1.203125 0.409375 1.22265625 0.409375 1.22265625 0.40625 1.203125 0.40625
0 0.015625 0.46875 0.015625 0.471875 0.02734375 0.471875 0.02734375 0.46875 0.015625 0.46875
0 0.72265625 0.778125 0.72265625 0.78125 0.7421875 0.78125 0.7421875 0.778125 0.72265625 0.778125
0 1.1328125 0.7875 1.1328125 0.790625 1.1484375 0.790625 1.1484375 0.7875 1.1328125 0.7875
0 1.1640625 0.078125 1.1640625 0.08125 1.17578125 0.08125 1.17578125 0.078125 1.1640625 0.078125
0 0.2890625 0.203125 0.2890625 0.20625 0.30859375 0.20625 0.30859375 0.203125 0.2890625 0.203125
0 0.3046875 0.0 0.3046875 0.003125 0.33203125 0.003125 0.33203125 0.0 0.3046875 0.0
0 0.421875 0.609375 0.421875 0.6125 0.4375 0.6125 0.4375 0.609375 0.421875 0.609375
0 0.53125 0.0 0.53125 0.003125 0.55859375 0.003125 0.55859375 0.0 0.53125 0.0
0 1.21484375 0.671875 1.21484375 0.675 1.2265625 0.675 1.2265625 0.671875 1.21484375 0.671875
0 0.23828125 0.484375 0.23828125 0.4875 0.25 0.4875 0.25 0.484375 0.23828125 0.484375
0 0.6796875 0.3125 0.6796875 0.315625 0.69140625 0.315625 0.69140625 0.3125 0.6796875 0.3125
0 0.171875 0.2375 0.171875 0.240625 0.1875 0.240625 0.1875 0.2375 0.171875 0.2375
0 0.62109375 0.315625 0.62109375 0.31875 0.63671875 0.31875 0.63671875 0.315625 0.62109375 0.315625
0 1.140625 0.08125 1.140625 0.084375 1.15234375 0.084375 1.15234375 0.08125 1.140625 0.08125
0 0.0625 0.05625 0.0625 0.059375 0.078125 0.059375 0.078125 0.05625 0.0625 0.05625
0 0.58203125 0.365625 0.58203125 0.36875 0.58984375 0.36875 0.58984375 0.365625 0.58203125 0.365625
0 0.80859375 0.534375 0.80859375 0.5375 0.81640625 0.5375 0.81640625 0.534375 0.80859375 0.534375
0 0.96484375 0.246875 0.96484375 0.25 0.98046875 0.25 0.98046875 0.246875 0.96484375 0.246875
0 0.671875 0.45625 0.671875 0.459375 0.68359375 0.459375 0.68359375 0.45625 0.671875 0.45625
0 0.46875 0.4125 0.46875 0.415625 0.48046875 0.415625 0.48046875 0.4125 0.46875 0.4125
0 0.19140625 0.646875 0.19140625 0.65 0.23046875 0.65 0.23046875 0.646875 0.19140625 0.646875
0 0.09765625 0.1125 0.09765625 0.115625 0.10546875 0.115625 0.10546875 0.1125 0.09765625 0.1125
0 0.1640625 0.05 0.1640625 0.053125 0.1875 0.053125 0.1875 0.05 0.1640625 0.05
0 0.05078125 0.528125 0.05078125 0.53125 0.06640625 0.53125 0.06640625 0.528125 0.05078125 0.528125
0 0.82421875 0.028125 0.82421875 0.03125 0.8359375 0.03125 0.8359375 0.028125 0.82421875 0.028125
0 0.34765625 0.128125 0.34765625 0.13125 0.3671875 0.13125 0.3671875 0.128125 0.34765625 0.128125
0 0.58203125 0.753125 0.58203125 0.75625 0.625 0.75625 0.625 0.753125 0.58203125 0.753125
0 0.58984375 0.1 0.58984375 0.103125 0.59765625 0.103125 0.59765625 0.1 0.58984375 0.1