0 1.2265625 0.3125 1.2265625 0.3140625 1.23828125 0.3140625 1.23828125 0.3125 1.2265625 0.3125
0 0.638671875 0.40625 0.638671875 0.4078125 0.65234375 0.4078125 0.65234375 0.40625 0.638671875 0.40625
0 0.923828125 0.4265625 0.923828125 0.428125 0.94140625 0.428125 0.94140625 0.4265625 0.923828125 0.4265625
0 0.0390625 0.4203125 0.0390625 0.421875 0.044921875 0.421875 0.044921875 0.4203125 0.0390625 0.4203125
0 0.583984375 0.0390625 0.583984375 0.040625 0.59375 0.040625 0.59375 0.0390625 0.583984375 0.0390625
0 0.451171875 0.171875 0.451171875 0.1734375 0.455078125 0.1734375 0.455078125 0.171875 0.451171875 0.171875
0 0.115234375 0.7515625 0.115234375 0.753125 0.1328125 0.753125 0.1328125 0.7515625 0.115234375 0.7515625
0 0.859375 0.0 0.859375 0.0015625 0.919921875 0.0015625 0.919921875 0.0 0.859375 0.0
0 0.0859375 0.2046875 0.0859375 0.20625 0.1171875 0.20625 0.1171875 0.2046875 0.0859375 0.2046875
0 0.94921875 0.4625 0.94921875 0.4640625 0.9765625 0.4640625 0.9765625 0.4625 0.94921875 0.4625
0 0.46875 0.13125 0.46875 0.1328125 0.490234375 0.1328125 0.490234375 0.13125 0.46875 0.13125
0 0.2109375 0.3609375 0.2109375 0.3625 0.220703125 0.3625 0.220703125 0.3609375 0.2109375 0.3609375
0 0.048828125 0.153125 0.048828125 0.1546875 0.064453125 0.1546875 0.064453125 0.153125 0.048828125 0.153125