0 0.07307692307692308 0.1206896551724138 0.07307692307692308 0.1221264367816092 0.09807692307692308 0.1221264367816092 0.09807692307692308 0.1206896551724138 0.07307692307692308 0.1206896551724138
0 0.17692307692307693 0.06752873563218391 0.17692307692307693 0.06896551724137931 0.19038461538461537 0.06896551724137931 0.19038461538461537 0.06752873563218391 0.17692307692307693 0.06752873563218391
0 0.6538461538461539 0.41235632183908044 0.6538461538461539 0.41379310344827586 0.6615384615384615 0.41379310344827586 0.6615384615384615 0.41235632183908044 0.6538461538461539 0.41235632183908044
0 0.49230769230769234 0.26436781609195403 0.49230769230769234 0.26580459770114945 0.5038461538461538 0.26580459770114945 0.5038461538461538 0.26436781609195403 0.49230769230769234 0.26436781609195403
0 0.2519230769230769 0.1336206896551724 0.2519230769230769 0.13505747126436782 0.2673076923076923 0.13505747126436782 0.2673076923076923 0.1336206896551724 0.2519230769230769 0.1336206896551724
0 1.2019230769230769 0.031609195402298854 1.2019230769230769 0.033045977011494254 1.226923076923077 0.033045977011494254 1.226923076923077 0.031609195402298854 1.2019230769230769 0.031609195402298854
0 0.015384615384615385 0.0 0.015384615384615385 0.0014367816091954023 0.06923076923076923 0.0014367816091954023 0.06923076923076923 0.0 0.015384615384615385 0.0
0 0.07692307692307693 0.632183908045977 0.07692307692307693 0.6336206896551724 0.08076923076923077 0.6336206896551724 0.08076923076923077 0.632183908045977 0.07692307692307693 0.632183908045977
0 0.6673076923076923 0.04454022988505747 0.6673076923076923 0.04597701149425287 0.6903846153846154 0.04597701149425287 0.6903846153846154 0.04454022988505747 0.6673076923076923 0.04454022988505747
0 0.1346153846153846 0.32471264367816094 0.1346153846153846 0.3261494252873563 0.1596153846153846 0.3261494252873563 0.1596153846153846 0.32471264367816094 0.1346153846153846 0.32471264367816094
0 0.39807692307692305 0.02586206896551724 0.39807692307692305 0.027298850574712645 0.41923076923076924 0.027298850574712645 0.41923076923076924 0.02586206896551724 0.39807692307692305 0.02586206896551724
0 0.7307692307692307 0.33045977011494254 0.7307692307692307 0.33189655172413796 0.7461538461538462 0.33189655172413796 0.7461538461538462 0.33045977011494254 0.7307692307692307 0.33045977011494254
0 0.5769230769230769 0.3764367816091954 0.5769230769230769 0.37787356321839083 0.5865384615384616 0.37787356321839083 0.5865384615384616 0.3764367816091954 0.5769230769230769 0.3764367816091954
0 0.45384615384615384 0.014367816091954023 0.45384615384615384 0.015804597701149427 0.4653846153846154 0.015804597701149427 0.4653846153846154 0.014367816091954023 0.45384615384615384 0.014367816091954023
0 0.9923076923076923 0.617816091954023 0.9923076923076923 0.6192528735632183 1.0 0.6192528735632183 1.0 0.617816091954023 0.9923076923076923 0.617816091954023
0 0.34423076923076923 0.35201149425287354 0.34423076923076923 0.35344827586206895 0.3596153846153846 0.35344827586206895 0.3596153846153846 0.35201149425287354 0.34423076923076923 0.35201149425287354
0 1.0480769230769231 0.38936781609195403 1.0480769230769231 0.39080459770114945 1.075 0.39080459770114945 1.075 0.38936781609195403 1.0480769230769231 0.38936781609195403
0 0.6192307692307693 0.1221264367816092 0.6192307692307693 0.1235632183908046 0.6384615384615384 0.1235632183908046 0.6384615384615384 0.1221264367816092 0.6192307692307693 0.1221264367816092