0 0.5390625 0.43125 0.5390625 0.434375 0.55859375 0.434375 0.55859375 0.43125 0.5390625 0.43125
0 0.4921875 0.146875 0.4921875 0.15 0.51953125 0.15 0.51953125 0.146875 0.4921875 0.146875
0 0.75 0.584375 0.75 0.5875 0.765625 0.5875 0.765625 0.584375 0.75 0.584375
0 0.87109375 0.7 0.87109375 0.703125 0.8828125 0.703125 0.8828125 0.7 0.87109375 0.7
0 0.25 0.234375 0.25 0.2375 0.2578125 0.2375 0.2578125 0.234375 0.25 0.234375
0 0.7734375 0.140625 0.7734375 0.14375 0.79296875 0.14375 0.79296875 0.140625 0.7734375 0.140625
0 0.62890625 0.271875 0.62890625 0.275 0.66015625 0.275 0.66015625 0.271875 0.62890625 0.271875
0 0.76171875 0.015625 0.76171875 0.01875 0.77734375 0.01875 0.77734375 0.015625 0.76171875 0.015625
0 0.62109375 0.771875 0.62109375 0.775 0.6484375 0.775 0.6484375 0.771875 0.62109375 0.771875
0 0.62890625 0.634375 0.62890625 0.6375 0.6484375 0.6375 0.6484375 0.634375 0.62890625 0.634375
0 0.86328125 0.278125 0.86328125 0.28125 0.875 0.28125 0.875 0.278125 0.86328125 0.278125
0 1.15625 0.659375 1.15625 0.6625 1.16796875 0.6625 1.16796875 0.659375 1.15625 0.659375
0 0.44140625 0.546875 0.44140625 0.55 0.45703125 0.55 0.45703125 0.546875 0.44140625 0.546875
0 0.6796875 0.33125 0.6796875 0.334375 0.71484375 0.334375 0.71484375 0.33125 0.6796875 0.33125
0 0.08984375 0.578125 0.08984375 0.58125 0.09765625 0.58125 0.09765625 0.578125 0.08984375 0.578125
0 0.0 0.1125 0.0 0.115625 0.0078125 0.115625 0.0078125 0.1125 0.0 0.1125
0 0.21484375 0.6875 0.21484375 0.690625 0.234375 0.690625 0.234375 0.6875 0.21484375 0.6875
0 0.625 0.20625 0.625 0.209375 0.67578125 0.209375 0.67578125 0.20625 0.625 0.20625
0 0.3984375 0.334375 0.3984375 0.3375 0.41796875 0.3375 0.41796875 0.334375 0.3984375 0.334375
0 1.03515625 0.63125 1.03515625 0.634375 1.0390625 0.634375 1.0390625 0.63125 1.03515625 0.63125
0 0.20703125 0.0 0.20703125 0.003125 0.375 0.003125 0.375 0.0 0.20703125 0.0
0 0.68359375 0.65 0.68359375 0.653125 0.69140625 0.653125 0.69140625 0.65 0.68359375 0.65
0 0.0078125 0.23125 0.0078125 0.234375 0.02734375 0.234375 0.02734375 0.23125 0.0078125 0.23125
0 0.7734375 0.615625 0.7734375 0.61875 0.78125 0.61875 0.78125 0.615625 0.7734375 0.615625
0 0.5703125 0.45 0.5703125 0.453125 0.59765625 0.453125 0.59765625 0.45 0.5703125 0.45
0 0.1015625 0.625 0.1015625 0.628125 0.14453125 0.628125 0.14453125 0.625 0.1015625 0.625
0 1.1640625 0.440625 1.1640625 0.44375 1.19140625 0.44375 1.19140625 0.440625 1.1640625 0.440625
0 0.31640625 0.225 0.31640625 0.228125 0.328125 0.228125 0.328125 0.225 0.31640625 0.225
0 0.046875 0.703125 0.046875 0.70625 0.08984375 0.70625 0.08984375 0.703125 0.046875 0.703125