0 1.0115384615384615 0.46264367816091956 1.0115384615384615 0.4640804597701149 1.0153846153846153 0.4640804597701149 1.0153846153846153 0.46264367816091956 1.0115384615384615 0.46264367816091956
0 0.5865384615384616 0.0 0.5865384615384616 0.0014367816091954023 0.6173076923076923 0.0014367816091954023 0.6173076923076923 0.0 0.5865384615384616 0.0
0 0.2980769230769231 0.3850574712643678 0.2980769230769231 0.3864942528735632 0.3038461538461538 0.3864942528735632 0.3038461538461538 0.3850574712643678 0.2980769230769231 0.3850574712643678
0 1.1692307692307693 0.4109195402298851 1.1692307692307693 0.41235632183908044 1.1923076923076923 0.41235632183908044 1.1923076923076923 0.4109195402298851 1.1692307692307693 0.4109195402298851
0 0.39807692307692305 0.10057471264367816 0.39807692307692305 0.10201149425287356 0.40576923076923077 0.10201149425287356 0.40576923076923077 0.10057471264367816 0.39807692307692305 0.10057471264367816
0 0.5288461538461539 0.3994252873563218 0.5288461538461539 0.40086206896551724 0.5480769230769231 0.40086206896551724 0.5480769230769231 0.3994252873563218 0.5288461538461539 0.3994252873563218
0 0.0673076923076923 0.03017241379310345 0.0673076923076923 0.031609195402298854 0.07692307692307693 0.031609195402298854 0.07692307692307693 0.03017241379310345 0.0673076923076923 0.03017241379310345
0 0.0019230769230769232 0.20545977011494254 0.0019230769230769232 0.20689655172413793 0.015384615384615385 0.20689655172413793 0.015384615384615385 0.20545977011494254 0.0019230769230769232 0.20545977011494254
0 0.8730769230769231 0.23994252873563218 0.8730769230769231 0.2413793103448276 0.8923076923076924 0.2413793103448276 0.8923076923076924 0.23994252873563218 0.8730769230769231 0.23994252873563218
0 0.08653846153846154 0.4295977011494253 0.08653846153846154 0.43103448275862066 0.09038461538461538 0.43103448275862066 0.09038461538461538 0.4295977011494253 0.08653846153846154 0.4295977011494253
0 0.8346153846153846 0.27586206896551724 0.8346153846153846 0.27729885057471265 0.8480769230769231 0.27729885057471265 0.8480769230769231 0.27586206896551724 0.8346153846153846 0.27586206896551724
0 1.271153846153846 0.5330459770114943 1.271153846153846 0.5344827586206896 1.2903846153846155 0.5344827586206896 1.2903846153846155 0.5330459770114943 1.271153846153846 0.5330459770114943
0 0.1596153846153846 0.3994252873563218 0.1596153846153846 0.40086206896551724 0.175 0.40086206896551724 0.175 0.3994252873563218 0.1596153846153846 0.3994252873563218
0 0.6307692307692307 0.20833333333333334 0.6307692307692307 0.20977011494252873 0.6519230769230769 0.20977011494252873 0.6519230769230769 0.20833333333333334 0.6307692307692307 0.20833333333333334
0 1.0576923076923077 0.5316091954022989 1.0576923076923077 0.5330459770114943 1.0692307692307692 0.5330459770114943 1.0692307692307692 0.5316091954022989 1.0576923076923077 0.5316091954022989
0 1.021153846153846 0.6752873563218391 1.021153846153846 0.6767241379310345 1.0307692307692307 0.6767241379310345 1.0307692307692307 0.6752873563218391 1.021153846153846 0.6752873563218391
0 0.9711538461538461 0.43103448275862066 0.9711538461538461 0.4324712643678161 0.9884615384615385 0.4324712643678161 0.9884615384615385 0.43103448275862066 0.9711538461538461 0.43103448275862066
0 0.6461538461538462 0.5732758620689655 0.6461538461538462 0.5747126436781609 0.6557692307692308 0.5747126436781609 0.6557692307692308 0.5732758620689655 0.6461538461538462 0.5732758620689655
0 0.18076923076923077 0.5747126436781609 0.18076923076923077 0.5761494252873564 0.18653846153846154 0.5761494252873564 0.18653846153846154 0.5747126436781609 0.18076923076923077 0.5747126436781609
0 0.7326923076923076 0.5675287356321839 0.7326923076923076 0.5689655172413793 0.7403846153846154 0.5689655172413793 0.7403846153846154 0.5675287356321839 0.7326923076923076 0.5675287356321839
0 0.38461538461538464 0.6063218390804598 0.38461538461538464 0.6077586206896551 0.38846153846153847 0.6077586206896551 0.38846153846153847 0.6063218390804598 0.38461538461538464 0.6063218390804598
0 0.775 0.08333333333333333 0.775 0.08477011494252873 0.7961538461538461 0.08477011494252873 0.7961538461538461 0.08333333333333333 0.775 0.08333333333333333
0 0.5346153846153846 0.2988505747126437 0.5346153846153846 0.30028735632183906 0.5538461538461539 0.30028735632183906 0.5538461538461539 0.2988505747126437 0.5346153846153846 0.2988505747126437
0 1.3153846153846154 0.4985632183908046 1.3153846153846154 0.5 1.3307692307692307 0.5 1.3307692307692307 0.4985632183908046 1.3153846153846154 0.4985632183908046