0 0.6423076923076924 0.1867816091954023 0.6423076923076924 0.1882183908045977 0.6538461538461539 0.1882183908045977 0.6538461538461539 0.1867816091954023 0.6423076923076924 0.1867816091954023
0 0.7192307692307692 0.2629310344827586 0.7192307692307692 0.26436781609195403 0.7384615384615385 0.26436781609195403 0.7384615384615385 0.2629310344827586 0.7192307692307692 0.2629310344827586
0 0.05961538461538462 0.7083333333333334 0.05961538461538462 0.7097701149425287 0.075 0.7097701149425287 0.075 0.7083333333333334 0.05961538461538462 0.7083333333333334
0 1.0115384615384615 0.6652298850574713 1.0115384615384615 0.6666666666666666 1.023076923076923 0.6666666666666666 1.023076923076923 0.6652298850574713 1.0115384615384615 0.6652298850574713
0 1.1576923076923078 0.6422413793103449 1.1576923076923078 0.6436781609195402 1.1634615384615385 0.6436781609195402 1.1634615384615385 0.6422413793103449 1.1576923076923078 0.6422413793103449
0 0.7557692307692307 0.23994252873563218 0.7557692307692307 0.2413793103448276 0.7711538461538462 0.2413793103448276 0.7711538461538462 0.23994252873563218 0.7557692307692307 0.23994252873563218
0 0.6480769230769231 0.5488505747126436 0.6480769230769231 0.5502873563218391 0.6615384615384615 0.5502873563218391 0.6615384615384615 0.5488505747126436 0.6480769230769231 0.5488505747126436
0 1.0884615384615384 0.27155172413793105 1.0884615384615384 0.27298850574712646 1.103846153846154 0.27298850574712646 1.103846153846154 0.27155172413793105 1.0884615384615384 0.27155172413793105
0 0.8173076923076923 0.020114942528735632 0.8173076923076923 0.021551724137931036 0.8211538461538461 0.021551724137931036 0.8211538461538461 0.020114942528735632 0.8173076923076923 0.020114942528735632
0 0.5384615384615384 0.3160919540229885 0.5384615384615384 0.3175287356321839 0.5442307692307692 0.3175287356321839 0.5442307692307692 0.3160919540229885 0.5384615384615384 0.3160919540229885
0 0.16538461538461538 0.5445402298850575 0.16538461538461538 0.5459770114942529 0.18846153846153846 0.5459770114942529 0.18846153846153846 0.5445402298850575 0.16538461538461538 0.5445402298850575
0 1.2346153846153847 0.5818965517241379 1.2346153846153847 0.5833333333333334 1.251923076923077 0.5833333333333334 1.251923076923077 0.5818965517241379 1.2346153846153847 0.5818965517241379
0 0.7846153846153846 0.6738505747126436 0.7846153846153846 0.6752873563218391 0.8076923076923077 0.6752873563218391 0.8076923076923077 0.6738505747126436 0.7846153846153846 0.6738505747126436
0 0.6346153846153846 0.3031609195402299 0.6346153846153846 0.3045977011494253 0.6480769230769231 0.3045977011494253 0.6480769230769231 0.3031609195402299 0.6346153846153846 0.3031609195402299
0 0.7711538461538462 0.3850574712643678 0.7711538461538462 0.3864942528735632 0.7961538461538461 0.3864942528735632 0.7961538461538461 0.3850574712643678 0.7711538461538462 0.3850574712643678
0 1.1615384615384616 0.6192528735632183 1.1615384615384616 0.6206896551724138 1.1788461538461539 0.6206896551724138 1.1788461538461539 0.6192528735632183 1.1615384615384616 0.6192528735632183
0 0.2980769230769231 0.33620689655172414 0.2980769230769231 0.33764367816091956 0.3096153846153846 0.33764367816091956 0.3096153846153846 0.33620689655172414 0.2980769230769231 0.33620689655172414
0 1.3173076923076923 0.07040229885057471 1.3173076923076923 0.07183908045977011 1.325 0.07183908045977011 1.325 0.07040229885057471 1.3173076923076923 0.07040229885057471
0 0.9557692307692308 0.20114942528735633 0.9557692307692308 0.2025862068965517 0.9769230769230769 0.2025862068965517 0.9769230769230769 0.20114942528735633 0.9557692307692308 0.20114942528735633
0 0.2846153846153846 0.7083333333333334 0.2846153846153846 0.7097701149425287 0.29615384615384616 0.7097701149425287 0.29615384615384616 0.7083333333333334 0.2846153846153846 0.7083333333333334
0 0.2076923076923077 0.6896551724137931 0.2076923076923077 0.6910919540229885 0.2326923076923077 0.6910919540229885 0.2326923076923077 0.6896551724137931 0.2076923076923077 0.6896551724137931
0 1.176923076923077 0.6522988505747126 1.176923076923077 0.6537356321839081 1.2057692307692307 0.6537356321839081 1.2057692307692307 0.6522988505747126 1.176923076923077 0.6522988505747126
0 0.08269230769230769 0.3850574712643678 0.08269230769230769 0.3864942528735632 0.09807692307692308 0.3864942528735632 0.09807692307692308 0.3850574712643678 0.08269230769230769 0.3850574712643678
0 0.8384615384615385 0.10632183908045977 0.8384615384615385 0.10775862068965517 0.8480769230769231 0.10775862068965517 0.8480769230769231 0.10632183908045977 0.8384615384615385 0.10632183908045977
0 0.5788461538461539 0.1968390804597701 0.5788461538461539 0.19827586206896552 0.5884615384615385 0.19827586206896552 0.5884615384615385 0.1968390804597701 0.5788461538461539 0.1968390804597701
0 0.9807692307692307 0.031609195402298854 0.9807692307692307 0.033045977011494254 0.9923076923076923 0.033045977011494254 0.9923076923076923 0.031609195402298854 0.9807692307692307 0.031609195402298854
0 0.03076923076923077 0.21264367816091953 0.03076923076923077 0.21408045977011494 0.04038461538461539 0.21408045977011494 0.04038461538461539 0.21264367816091953 0.03076923076923077 0.21264367816091953
0 0.4173076923076923 0.1997126436781609 0.4173076923076923 0.20114942528735633 0.4307692307692308 0.20114942528735633 0.4307692307692308 0.1997126436781609 0.4173076923076923 0.1997126436781609
0 0.39615384615384613 0.5129310344827587 0.39615384615384613 0.514367816091954 0.40192307692307694 0.514367816091954 0.40192307692307694 0.5129310344827587 0.39615384615384613 0.5129310344827587
0 0.36538461538461536 0.16810344827586207 0.36538461538461536 0.16954022988505746 0.37884615384615383 0.16954022988505746 0.37884615384615383 0.16810344827586207 0.36538461538461536 0.16810344827586207
0 1.2557692307692307 0.617816091954023 1.2557692307692307 0.6192528735632183 1.273076923076923 0.6192528735632183 1.273076923076923 0.617816091954023 1.2557692307692307 0.617816091954023
0 0.08846153846153847 0.4224137931034483 0.08846153846153847 0.4238505747126437 0.1 0.4238505747126437 0.1 0.4224137931034483 0.08846153846153847 0.4224137931034483
0 0.5096153846153846 0.1853448275862069 0.5096153846153846 0.1867816091954023 0.5192307692307693 0.1867816091954023 0.5192307692307693 0.1853448275862069 0.5096153846153846 0.1853448275862069
0 0.5173076923076924 0.6738505747126436 0.5173076923076924 0.6752873563218391 0.5326923076923077 0.6752873563218391 0.5326923076923077 0.6738505747126436 0.5173076923076924 0.6738505747126436
0 0.8576923076923076 0.14942528735632185 0.8576923076923076 0.15086206896551724 0.8673076923076923 0.15086206896551724 0.8673076923076923 0.14942528735632185 0.8576923076923076 0.14942528735632185
0 0.9730769230769231 0.39655172413793105 0.9730769230769231 0.39798850574712646 0.9807692307692307 0.39798850574712646 0.9807692307692307 0.39655172413793105 0.9730769230769231 0.39655172413793105
0 0.2692307692307692 0.022988505747126436 0.2692307692307692 0.02442528735632184 0.28076923076923077 0.02442528735632184 0.28076923076923077 0.022988505747126436 0.2692307692307692 0.022988505747126436
0 0.03076923076923077 0.22413793103448276 0.03076923076923077 0.22557471264367815 0.051923076923076926 0.22557471264367815 0.051923076923076926 0.22413793103448276 0.03076923076923077 0.22413793103448276
0 0.7076923076923077 0.5172413793103449 0.7076923076923077 0.5186781609195402 0.7115384615384616 0.5186781609195402 0.7115384615384616 0.5172413793103449 0.7076923076923077 0.5172413793103449
0 1.1730769230769231 0.28735632183908044 1.1730769230769231 0.28879310344827586 1.1903846153846154 0.28879310344827586 1.1903846153846154 0.28735632183908044 1.1730769230769231 0.28735632183908044
0 1.175 0.5129310344827587 1.175 0.514367816091954 1.1884615384615385 0.514367816091954 1.1884615384615385 0.5129310344827587 1.175 0.5129310344827587
0 1.2211538461538463 0.16810344827586207 1.2211538461538463 0.16954022988505746 1.2326923076923078 0.16954022988505746 1.2326923076923078 0.16810344827586207 1.2211538461538463 0.16810344827586207
0 0.27307692307692305 0.0 0.27307692307692305 0.0014367816091954023 0.32884615384615384 0.0014367816091954023 0.32884615384615384 0.0 0.27307692307692305 0.0
0 0.7 0.5890804597701149 0.7 0.5905172413793104 0.725 0.5905172413793104 0.725 0.5890804597701149 0.7 0.5890804597701149
0 1.0634615384615385 0.35919540229885055 1.0634615384615385 0.36063218390804597 1.0769230769230769 0.36063218390804597 1.0769230769230769 0.35919540229885055 1.0634615384615385 0.35919540229885055
0 1.0442307692307693 0.11206896551724138 1.0442307692307693 0.11350574712643678 1.0673076923076923 0.11350574712643678 1.0673076923076923 0.11206896551724138 1.0442307692307693 0.11206896551724138
0 0.5019230769230769 0.28879310344827586 0.5019230769230769 0.29022988505747127 0.5153846153846153 0.29022988505747127 0.5153846153846153 0.28879310344827586 0.5019230769230769 0.28879310344827586
0 0.8807692307692307 0.5474137931034483 0.8807692307692307 0.5488505747126436 0.8980769230769231 0.5488505747126436 0.8980769230769231 0.5474137931034483 0.8807692307692307 0.5474137931034483
0 0.7288461538461538 0.4410919540229885 0.7288461538461538 0.4425287356321839 0.7442307692307693 0.4425287356321839 0.7442307692307693 0.4410919540229885 0.7288461538461538 0.4410919540229885
0 0.03461538461538462 0.0 0.03461538461538462 0.0014367816091954023 0.07115384615384615 0.0014367816091954023 0.07115384615384615 0.0 0.03461538461538462 0.0
0 0.23461538461538461 0.2916666666666667 0.23461538461538461 0.29310344827586204 0.24807692307692308 0.29310344827586204 0.24807692307692308 0.2916666666666667 0.23461538461538461 0.2916666666666667
0 0.18269230769230768 0.1206896551724138 0.18269230769230768 0.1221264367816092 0.19230769230769232 0.1221264367816092 0.19230769230769232 0.1206896551724138 0.18269230769230768 0.1206896551724138
0 0.6173076923076923 0.7370689655172413 0.6173076923076923 0.7385057471264368 0.6211538461538462 0.7385057471264368 0.6211538461538462 0.7370689655172413 0.6173076923076923 0.7370689655172413
0 1.3269230769230769 0.7025862068965517 1.3269230769230769 0.7040229885057471 1.3326923076923076 0.7040229885057471 1.3326923076923076 0.7025862068965517 1.3269230769230769 0.7025862068965517
0 0.019230769230769232 0.4295977011494253 0.019230769230769232 0.43103448275862066 0.03461538461538462 0.43103448275862066 0.03461538461538462 0.4295977011494253 0.019230769230769232 0.4295977011494253
0 0.49615384615384617 0.4267241379310345 0.49615384615384617 0.4281609195402299 0.5019230769230769 0.4281609195402299 0.5019230769230769 0.4267241379310345 0.49615384615384617 0.4267241379310345
0 1.3192307692307692 0.3204022988505747 1.3192307692307692 0.3218390804597701 1.3346153846153845 0.3218390804597701 1.3346153846153845 0.3204022988505747 1.3192307692307692 0.3204022988505747
0 0.6326923076923077 0.17385057471264367 0.6326923076923077 0.1752873563218391 0.6519230769230769 0.1752873563218391 0.6519230769230769 0.17385057471264367 0.6326923076923077 0.17385057471264367
0 1.198076923076923 0.5876436781609196 1.198076923076923 0.5890804597701149 1.2134615384615384 0.5890804597701149 1.2134615384615384 0.5876436781609196 1.198076923076923 0.5876436781609196
0 0.5961538461538461 0.375 0.5961538461538461 0.3764367816091954 0.6076923076923076 0.3764367816091954 0.6076923076923076 0.375 0.5961538461538461 0.375
0 1.1153846153846154 0.5431034482758621 1.1153846153846154 0.5445402298850575 1.1211538461538462 0.5445402298850575 1.1211538461538462 0.5431034482758621 1.1153846153846154 0.5431034482758621
0 1.1307692307692307 0.08764367816091954 1.1307692307692307 0.08908045977011494 1.1423076923076922 0.08908045977011494 1.1423076923076922 0.08764367816091954 1.1307692307692307 0.08764367816091954
0 1.3211538461538461 0.08764367816091954 1.3211538461538461 0.08908045977011494 1.3346153846153845 0.08908045977011494 1.3346153846153845 0.08764367816091954 1.3211538461538461 0.08764367816091954
0 0.6961538461538461 0.4382183908045977 0.6961538461538461 0.4396551724137931 0.7153846153846154 0.4396551724137931 0.7153846153846154 0.4382183908045977 0.6961538461538461 0.4382183908045977
0 1.1865384615384615 0.5057471264367817 1.1865384615384615 0.507183908045977 1.2038461538461538 0.507183908045977 1.2038461538461538 0.5057471264367817 1.1865384615384615 0.5057471264367817
0 1.146153846153846 0.008620689655172414 1.146153846153846 0.010057471264367816 1.1576923076923078 0.010057471264367816 1.1576923076923078 0.008620689655172414 1.146153846153846 0.008620689655172414
0 0.23653846153846153 0.13649425287356323 0.23653846153846153 0.13793103448275862 0.2423076923076923 0.13793103448275862 0.2423076923076923 0.13649425287356323 0.23653846153846153 0.13649425287356323
0 0.5923076923076923 0.008620689655172414 0.5923076923076923 0.010057471264367816 0.5980769230769231 0.010057471264367816 0.5980769230769231 0.008620689655172414 0.5923076923076923 0.008620689655172414
0 1.1826923076923077 0.4281609195402299 1.1826923076923077 0.4295977011494253 1.2 0.4295977011494253 1.2 0.4281609195402299 1.1826923076923077 0.4281609195402299
0 0.9730769230769231 0.07327586206896551 0.9730769230769231 0.07471264367816093 0.9884615384615385 0.07471264367816093 0.9884615384615385 0.07327586206896551 0.9730769230769231 0.07327586206896551
0 0.5076923076923077 0.3175287356321839 0.5076923076923077 0.31896551724137934 0.5230769230769231 0.31896551724137934 0.5230769230769231 0.3175287356321839 0.5076923076923077 0.3175287356321839
0 0.5173076923076924 0.507183908045977 0.5173076923076924 0.5086206896551724 0.5230769230769231 0.5086206896551724 0.5230769230769231 0.507183908045977 0.5173076923076924 0.507183908045977
0 0.9711538461538461 0.20402298850574713 0.9711538461538461 0.20545977011494254 0.9826923076923076 0.20545977011494254 0.9826923076923076 0.20402298850574713 0.9711538461538461 0.20402298850574713
0 0.7076923076923077 0.3620689655172414 0.7076923076923077 0.3635057471264368 0.7115384615384616 0.3635057471264368 0.7115384615384616 0.3620689655172414 0.7076923076923077 0.3620689655172414
0 0.8576923076923076 0.39655172413793105 0.8576923076923076 0.39798850574712646 0.875 0.39798850574712646 0.875 0.39655172413793105 0.8576923076923076 0.39655172413793105
0 1.25 0.39080459770114945 1.25 0.3922413793103448 1.2557692307692307 0.3922413793103448 1.2557692307692307 0.39080459770114945 1.25 0.39080459770114945
0 0.8307692307692308 0.04310344827586207 0.8307692307692308 0.04454022988505747 0.8461538461538461 0.04454022988505747 0.8461538461538461 0.04310344827586207 0.8307692307692308 0.04310344827586207
0 1.1173076923076923 0.34051724137931033 1.1173076923076923 0.34195402298850575 1.1346153846153846 0.34195402298850575 1.1346153846153846 0.34051724137931033 1.1173076923076923 0.34051724137931033
0 0.95 0.6594827586206896 0.95 0.6609195402298851 0.9673076923076923 0.6609195402298851 0.9673076923076923 0.6594827586206896 0.95 0.6594827586206896
0 0.4423076923076923 0.0 0.4423076923076923 0.0014367816091954023 0.47692307692307695 0.0014367816091954023 0.47692307692307695 0.0 0.4423076923076923 0.0
0 0.7653846153846153 0.2744252873563218 0.7653846153846153 0.27586206896551724 0.775 0.27586206896551724 0.775 0.2744252873563218 0.7653846153846153 0.2744252873563218
0 0.6076923076923076 0.5244252873563219 0.6076923076923076 0.5258620689655172 0.6153846153846154 0.5258620689655172 0.6153846153846154 0.5244252873563219 0.6076923076923076 0.5244252873563219
0 0.2923076923076923 0.7227011494252874 0.2923076923076923 0.7241379310344828 0.29615384615384616 0.7241379310344828 0.29615384615384616 0.7227011494252874 0.2923076923076923 0.7227011494252874
0 0.01730769230769231 0.21551724137931033 0.01730769230769231 0.21695402298850575 0.026923076923076925 0.21695402298850575 0.026923076923076925 0.21551724137931033 0.01730769230769231 0.21551724137931033
0 1.1211538461538462 0.3204022988505747 1.1211538461538462 0.3218390804597701 1.1346153846153846 0.3218390804597701 1.1346153846153846 0.3204022988505747 1.1211538461538462 0.3204022988505747
0 0.21153846153846154 0.5933908045977011 0.21153846153846154 0.5948275862068966 0.2153846153846154 0.5948275862068966 0.2153846153846154 0.5933908045977011 0.21153846153846154 0.5933908045977011
0 0.4096153846153846 0.06896551724137931 0.4096153846153846 0.07040229885057471 0.4269230769230769 0.07040229885057471 0.4269230769230769 0.06896551724137931 0.4096153846153846 0.06896551724137931
0 1.0923076923076922 0.4468390804597701 1.0923076923076922 0.4482758620689655 1.103846153846154 0.4482758620689655 1.103846153846154 0.4468390804597701 1.0923076923076922 0.4468390804597701
0 0.24615384615384617 0.1206896551724138 0.24615384615384617 0.1221264367816092 0.2519230769230769 0.1221264367816092 0.2519230769230769 0.1206896551724138 0.24615384615384617 0.1206896551724138
0 0.7211538461538461 0.6623563218390804 0.7211538461538461 0.6637931034482759 0.7365384615384616 0.6637931034482759 0.7365384615384616 0.6623563218390804 0.7211538461538461 0.6623563218390804
0 1.1134615384615385 0.6494252873563219 1.1134615384615385 0.6508620689655172 1.123076923076923 0.6508620689655172 1.123076923076923 0.6494252873563219 1.1134615384615385 0.6494252873563219
0 0.6346153846153846 0.6091954022988506 0.6346153846153846 0.610632183908046 0.6423076923076924 0.610632183908046 0.6423076923076924 0.6091954022988506 0.6346153846153846 0.6091954022988506
0 1.0884615384615384 0.39511494252873564 1.0884615384615384 0.39655172413793105 1.0980769230769232 0.39655172413793105 1.0980769230769232 0.39511494252873564 1.0884615384615384 0.39511494252873564
0 0.6173076923076923 0.07183908045977011 0.6173076923076923 0.07327586206896551 0.6230769230769231 0.07327586206896551 0.6230769230769231 0.07183908045977011 0.6173076923076923 0.07183908045977011
0 1.273076923076923 0.7011494252873564 1.273076923076923 0.7025862068965517 1.2923076923076924 0.7025862068965517 1.2923076923076924 0.7011494252873564 1.273076923076923 0.7011494252873564
0 0.1076923076923077 0.5459770114942529 0.1076923076923077 0.5474137931034483 0.12692307692307692 0.5474137931034483 0.12692307692307692 0.5459770114942529 0.1076923076923077 0.5459770114942529
0 0.9538461538461539 0.25 0.9538461538461539 0.2514367816091954 0.9807692307692307 0.2514367816091954 0.9807692307692307 0.25 0.9538461538461539 0.25
0 0.9788461538461538 0.6709770114942529 0.9788461538461538 0.6724137931034483 0.9826923076923076 0.6724137931034483 0.9826923076923076 0.6709770114942529 0.9788461538461538 0.6709770114942529
0 1.0403846153846155 0.47844827586206895 1.0403846153846155 0.47988505747126436 1.0461538461538462 0.47988505747126436 1.0461538461538462 0.47844827586206895 1.0403846153846155 0.47844827586206895
0 1.1653846153846155 0.6882183908045977 1.1653846153846155 0.6896551724137931 1.1961538461538461 0.6896551724137931 1.1961538461538461 0.6882183908045977 1.1653846153846155 0.6882183908045977
0 0.6269230769230769 0.6637931034482759 0.6269230769230769 0.6652298850574713 0.6307692307692307 0.6652298850574713 0.6307692307692307 0.6637931034482759 0.6269230769230769 0.6637931034482759
0 0.2923076923076923 0.3793103448275862 0.2923076923076923 0.3807471264367816 0.3038461538461538 0.3807471264367816 0.3038461538461538 0.3793103448275862 0.2923076923076923 0.3793103448275862
0 1.0942307692307693 0.47270114942528735 1.0942307692307693 0.47413793103448276 1.1173076923076923 0.47413793103448276 1.1173076923076923 0.47270114942528735 1.0942307692307693 0.47270114942528735
0 0.6576923076923077 0.25287356321839083 0.6576923076923077 0.2543103448275862 0.6615384615384615 0.2543103448275862 0.6615384615384615 0.25287356321839083 0.6576923076923077 0.25287356321839083
0 0.20192307692307693 0.05890804597701149 0.20192307692307693 0.0603448275862069 0.21153846153846154 0.0603448275862069 0.21153846153846154 0.05890804597701149 0.20192307692307693 0.05890804597701149
0 0.5019230769230769 0.7313218390804598 0.5019230769230769 0.7327586206896551 0.5096153846153846 0.7327586206896551 0.5096153846153846 0.7313218390804598 0.5019230769230769 0.7313218390804598
0 0.6115384615384616 0.014367816091954023 0.6115384615384616 0.015804597701149427 0.6153846153846154 0.015804597701149427 0.6153846153846154 0.014367816091954023 0.6115384615384616 0.014367816091954023