0 0.5234375 0.134375 0.5234375 0.1375 0.546875 0.1375 0.546875 0.134375 0.5234375 0.134375
0 0.625 0.125 0.625 0.128125 0.6484375 0.128125 0.6484375 0.125 0.625 0.125
0 0.76953125 0.0 0.76953125 0.003125 0.87109375 0.003125 0.87109375 0.0 0.76953125 0.0
0 0.60546875 0.09375 0.60546875 0.096875 0.62890625 0.096875 0.62890625 0.09375 0.60546875 0.09375
0 0.9140625 0.734375 0.9140625 0.7375 0.92578125 0.7375 0.92578125 0.734375 0.9140625 0.734375
0 0.76171875 0.753125 0.76171875 0.75625 0.77734375 0.75625 0.77734375 0.753125 0.76171875 0.753125
0 0.87109375 0.740625 0.87109375 0.74375 0.8828125 0.74375 0.8828125 0.740625 0.87109375 0.740625
0 0.87109375 0.51875 0.87109375 0.521875 0.88671875 0.521875 0.88671875 0.51875 0.87109375 0.51875
0 0.1640625 0.384375 0.1640625 0.3875 0.1875 0.3875 0.1875 0.384375 0.1640625 0.384375
0 0.50390625 0.484375 0.50390625 0.4875 0.51953125 0.4875 0.51953125 0.484375 0.50390625 0.484375
0 0.29296875 0.434375 0.29296875 0.4375 0.3125 0.4375 0.3125 0.434375 0.29296875 0.434375
0 0.765625 0.43125 0.765625 0.434375 0.77734375 0.434375 0.77734375 0.43125 0.765625 0.43125
0 0.0078125 0.3 0.0078125 0.303125 0.02734375 0.303125 0.02734375 0.3 0.0078125 0.3
0 0.71875 0.21875 0.71875 0.221875 0.7265625 0.221875 0.7265625 0.21875 0.71875 0.21875
0 0.234375 0.025 0.234375 0.028125 0.265625 0.028125 0.265625 0.025 0.234375 0.025
0 0.01171875 0.275 0.01171875 0.278125 0.0234375 0.278125 0.0234375 0.275 0.01171875 0.275
0 0.9609375 0.659375 0.9609375 0.6625 0.984375 0.6625 0.984375 0.659375 0.9609375 0.659375
0 0.19140625 0.175 0.19140625 0.178125 0.203125 0.178125 0.203125 0.175 0.19140625 0.175
0 0.3984375 0.059375 0.3984375 0.0625 0.42578125 0.0625 0.42578125 0.059375 0.3984375 0.059375
0 1.16015625 0.0 1.16015625 0.003125 1.1953125 0.003125 1.1953125 0.0 1.16015625 0.0
0 0.6484375 0.0 0.6484375 0.003125 0.70703125 0.003125 0.70703125 0.0 0.6484375 0.0
0 0.57421875 0.71875 0.57421875 0.721875 0.5859375 0.721875 0.5859375 0.71875 0.57421875 0.71875
0 0.72265625 0.546875 0.72265625 0.55 0.74609375 0.55 0.74609375 0.546875 0.72265625 0.546875
0 1.05078125 0.696875 1.05078125 0.7 1.08203125 0.7 1.08203125 0.696875 1.05078125 0.696875
0 0.71484375 0.653125 0.71484375 0.65625 0.73828125 0.65625 0.73828125 0.653125 0.71484375 0.653125
0 0.75 0.340625 0.75 0.34375 0.7578125 0.34375 0.7578125 0.340625 0.75 0.340625
0 1.2265625 0.034375 1.2265625 0.0375 1.24609375 0.0375 1.24609375 0.034375 1.2265625 0.034375
0 1.22265625 0.003125 1.22265625 0.00625 1.25 0.00625 1.25 0.003125 1.22265625 0.003125
0 0.75390625 0.075 0.75390625 0.078125 0.76953125 0.078125 0.76953125 0.075 0.75390625 0.075
0 0.78125 0.203125 0.78125 0.20625 0.82421875 0.20625 0.82421875 0.203125 0.78125 0.203125
0 0.234375 0.346875 0.234375 0.35 0.25 0.35 0.25 0.346875 0.234375 0.346875
0 0.578125 0.4625 0.578125 0.465625 0.6015625 0.465625 0.6015625 0.4625 0.578125 0.4625
0 0.71875 0.61875 0.71875 0.621875 0.7265625 0.621875 0.7265625 0.61875 0.71875 0.61875
0 0.99609375 0.528125 0.99609375 0.53125 1.0078125 0.53125 1.0078125 0.528125 0.99609375 0.528125
0 1.140625 0.434375 1.140625 0.4375 1.1484375 0.4375 1.1484375 0.434375 1.140625 0.434375
0 0.08203125 0.00625 0.08203125 0.009375 0.109375 0.009375 0.109375 0.00625 0.08203125 0.00625
0 0.96484375 0.565625 0.96484375 0.56875 0.9765625 0.56875 0.9765625 0.565625 0.96484375 0.565625
0 0.14453125 0.246875 0.14453125 0.25 0.18359375 0.25 0.18359375 0.246875 0.14453125 0.246875
0 0.98828125 0.3125 0.98828125 0.315625 1.0 0.315625 1.0 0.3125 0.98828125 0.3125
0 0.3671875 0.671875 0.3671875 0.675 0.3828125 0.675 0.3828125 0.671875 0.3671875 0.671875
0 0.3125 0.0 0.3125 0.003125 0.3359375 0.003125 0.3359375 0.0 0.3125 0.0
0 0.515625 0.08125 0.515625 0.084375 0.5390625 0.084375 0.5390625 0.08125 0.515625 0.08125
0 0.34375 0.309375 0.34375 0.3125 0.3984375 0.3125 0.3984375 0.309375 0.34375 0.309375
0 1.0 0.38125 1.0 0.384375 1.015625 0.384375 1.015625 0.38125 1.0 0.38125
0 0.234375 0.478125 0.234375 0.48125 0.26953125 0.48125 0.26953125 0.478125 0.234375 0.478125
0 0.55859375 0.484375 0.55859375 0.4875 0.5859375 0.4875 0.5859375 0.484375 0.55859375 0.484375
0 1.0625 0.178125 1.0625 0.18125 1.08203125 0.18125 1.08203125 0.178125 1.0625 0.178125
0 0.80859375 0.453125 0.80859375 0.45625 0.81640625 0.45625 0.81640625 0.453125 0.80859375 0.453125
0 0.37890625 0.434375 0.37890625 0.4375 0.390625 0.4375 0.390625 0.434375 0.37890625 0.434375
0 1.05078125 0.403125 1.05078125 0.40625 1.09765625 0.40625 1.09765625 0.403125 1.05078125 0.403125
0 0.3203125 0.28125 0.3203125 0.284375 0.35546875 0.284375 0.35546875 0.28125 0.3203125 0.28125
0 0.98046875 0.178125 0.98046875 0.18125 1.00390625 0.18125 1.00390625 0.178125 0.98046875 0.178125
0 0.04296875 0.00625 0.04296875 0.009375 0.0546875 0.009375 0.0546875 0.00625 0.04296875 0.00625
0 0.140625 0.734375 0.140625 0.7375 0.16796875 0.7375 0.16796875 0.734375 0.140625 0.734375
0 0.14453125 0.7375 0.14453125 0.740625 0.16796875 0.740625 0.16796875 0.7375 0.14453125 0.7375
0 0.55078125 0.16875 0.55078125 0.171875 0.5703125 0.171875 0.5703125 0.16875 0.55078125 0.16875
0 0.16796875 0.4875 0.16796875 0.490625 0.18359375 0.490625 0.18359375 0.4875 0.16796875 0.4875
0 0.20703125 0.340625 0.20703125 0.34375 0.22265625 0.34375 0.22265625 0.340625 0.20703125 0.340625
0 0.61328125 0.459375 0.61328125 0.4625 0.63671875 0.4625 0.63671875 0.459375 0.61328125 0.459375
0 0.203125 0.159375 0.203125 0.1625 0.21875 0.1625 0.21875 0.159375 0.203125 0.159375
0 0.07421875 0.05 0.07421875 0.053125 0.1015625 0.053125 0.1015625 0.05 0.07421875 0.05
0 0.41015625 0.1875 0.41015625 0.190625 0.43359375 0.190625 0.43359375 0.1875 0.41015625 0.1875
0 1.16796875 0.19375 1.16796875 0.196875 1.23046875 0.196875 1.23046875 0.19375 1.16796875 0.19375
0 0.1015625 0.6125 0.1015625 0.615625 0.109375 0.615625 0.109375 0.6125 0.1015625 0.6125
0 0.5 0.39375 0.5 0.396875 0.51171875 0.396875 0.51171875 0.39375 0.5 0.39375
0 0.6328125 0.7125 0.6328125 0.715625 0.6484375 0.715625 0.6484375 0.7125 0.6328125 0.7125
0 0.93359375 0.659375 0.93359375 0.6625 0.94921875 0.6625 0.94921875 0.659375 0.93359375 0.659375
0 1.09765625 0.209375 1.09765625 0.2125 1.1171875 0.2125 1.1171875 0.209375 1.09765625 0.209375
0 1.00390625 0.784375 1.00390625 0.7875 1.01953125 0.7875 1.01953125 0.784375 1.00390625 0.784375
0 0.6328125 0.14375 0.6328125 0.146875 0.65625 0.146875 0.65625 0.14375 0.6328125 0.14375
0 0.55859375 0.76875 0.55859375 0.771875 0.56640625 0.771875 0.56640625 0.76875 0.55859375 0.76875
0 1.21484375 0.03125 1.21484375 0.034375 1.21875 0.034375 1.21875 0.03125 1.21484375 0.03125
0 0.32421875 0.33125 0.32421875 0.334375 0.3515625 0.334375 0.3515625 0.33125 0.32421875 0.33125
0 0.38671875 0.765625 0.38671875 0.76875 0.3984375 0.76875 0.3984375 0.765625 0.38671875 0.765625
0 1.08203125 0.33125 1.08203125 0.334375 1.09375 0.334375 1.09375 0.33125 1.08203125 0.33125
0 0.81640625 0.684375 0.81640625 0.6875 0.83203125 0.6875 0.83203125 0.684375 0.81640625 0.684375
0 1.2421875 0.190625 1.2421875 0.19375 1.25 0.19375 1.25 0.190625 1.2421875 0.190625
0 0.2578125 0.03125 0.2578125 0.034375 0.28515625 0.034375 0.28515625 0.03125 0.2578125 0.03125
0 1.125 0.053125 1.125 0.05625 1.14453125 0.05625 1.14453125 0.053125 1.125 0.053125
0 1.125 0.08125 1.125 0.084375 1.140625 0.084375 1.140625 0.08125 1.125 0.08125
0 0.4609375 0.459375 0.4609375 0.4625 0.47265625 0.4625 0.47265625 0.459375 0.4609375 0.459375
0 0.953125 0.234375 0.953125 0.2375 0.96875 0.2375 0.96875 0.234375 0.953125 0.234375
0 0.75390625 0.73125 0.75390625 0.734375 0.7734375 0.734375 0.7734375 0.73125 0.75390625 0.73125
0 0.0 0.29375 0.0 0.296875 0.03125 0.296875 0.03125 0.29375 0.0 0.29375
0 0.1875 0.325 0.1875 0.328125 0.19921875 0.328125 0.19921875 0.325 0.1875 0.325
0 0.1171875 0.16875 0.1171875 0.171875 0.125 0.171875 0.125 0.16875 0.1171875 0.16875
0 0.37109375 0.11875 0.37109375 0.121875 0.39453125 0.121875 0.39453125 0.11875 0.37109375 0.11875
0 0.11328125 0.2375 0.11328125 0.240625 0.1328125 0.240625 0.1328125 0.2375 0.11328125 0.2375
0 0.2578125 0.209375 0.2578125 0.2125 0.265625 0.2125 0.265625 0.209375 0.2578125 0.209375
0 0.19140625 0.696875 0.19140625 0.7 0.21484375 0.7 0.21484375 0.696875 0.19140625 0.696875
0 0.0703125 0.540625 0.0703125 0.54375 0.0859375 0.54375 0.0859375 0.540625 0.0703125 0.540625
0 0.0390625 0.759375 0.0390625 0.7625 0.0625 0.7625 0.0625 0.759375 0.0390625 0.759375
0 0.546875 0.215625 0.546875 0.21875 0.58203125 0.21875 0.58203125 0.215625 0.546875 0.215625
0 0.76953125 0.553125 0.76953125 0.55625 0.77734375 0.55625 0.77734375 0.553125 0.76953125 0.553125
0 1.01953125 0.16875 1.01953125 0.171875 1.05078125 0.171875 1.05078125 0.16875 1.01953125 0.16875
0 0.41796875 0.615625 0.41796875 0.61875 0.42578125 0.61875 0.42578125 0.615625 0.41796875 0.615625
0 1.2421875 0.35625 1.2421875 0.359375 1.25 0.359375 1.25 0.35625 1.2421875 0.35625
0 1.0859375 0.034375 1.0859375 0.0375 1.09375 0.0375 1.09375 0.034375 1.0859375 0.034375
0 0.8125 0.253125 0.8125 0.25625 0.83984375 0.25625 0.83984375 0.253125 0.8125 0.253125
0 0.53515625 0.153125 0.53515625 0.15625 0.55078125 0.15625 0.55078125 0.153125 0.53515625 0.153125
0 1.13671875 0.30625 1.13671875 0.309375 1.14453125 0.309375 1.14453125 0.30625 1.13671875 0.30625
0 0.23828125 0.29375 0.23828125 0.296875 0.265625 0.296875 0.265625 0.29375 0.23828125 0.29375
0 0.06640625 0.26875 0.06640625 0.271875 0.08984375 0.271875 0.08984375 0.26875 0.06640625 0.26875
0 0.5078125 0.04375 0.5078125 0.046875 0.52734375 0.046875 0.52734375 0.04375 0.5078125 0.04375
0 0.390625 0.35625 0.390625 0.359375 0.40234375 0.359375 0.40234375 0.35625 0.390625 0.35625
0 0.25 0.009375 0.25 0.0125 0.2578125 0.0125 0.2578125 0.009375 0.25 0.009375
0 0.3125 0.040625 0.3125 0.04375 0.3203125 0.04375 0.3203125 0.040625 0.3125 0.040625
0 0.51953125 0.7625 0.51953125 0.765625 0.53515625 0.765625 0.53515625 0.7625 0.51953125 0.7625
0 0.67578125 0.63125 0.67578125 0.634375 0.68359375 0.634375 0.68359375 0.63125 0.67578125 0.63125
0 0.39453125 0.2875 0.39453125 0.290625 0.4140625 0.290625 0.4140625 0.2875 0.39453125 0.2875
0 0.16015625 0.24375 0.16015625 0.246875 0.17578125 0.246875 0.17578125 0.24375 0.16015625 0.24375
0 0.0078125 0.15 0.0078125 0.153125 0.01953125 0.153125 0.01953125 0.15 0.0078125 0.15
0 0.68359375 0.7 0.68359375 0.703125 0.6953125 0.703125 0.6953125 0.7 0.68359375 0.7
0 1.23828125 0.084375 1.23828125 0.0875 1.24609375 0.0875 1.24609375 0.084375 1.23828125 0.084375
0 0.51953125 0.0875 0.51953125 0.090625 0.52734375 0.090625 0.52734375 0.0875 0.51953125 0.0875
0 0.3046875 0.378125 0.3046875 0.38125 0.3125 0.38125 0.3125 0.378125 0.3046875 0.378125
0 0.26171875 0.6 0.26171875 0.603125 0.27734375 0.603125 0.27734375 0.6 0.26171875 0.6