0 0.35 0.05890804597701149 0.35 0.0603448275862069 0.36923076923076925 0.0603448275862069 0.36923076923076925 0.05890804597701149 0.35 0.05890804597701149
0 0.7326923076923076 0.3864942528735632 0.7326923076923076 0.3879310344827586 0.7480769230769231 0.3879310344827586 0.7480769230769231 0.3864942528735632 0.7326923076923076 0.3864942528735632
0 0.7211538461538461 0.0 0.7211538461538461 0.0014367816091954023 0.7826923076923077 0.0014367816091954023 0.7826923076923077 0.0 0.7211538461538461 0.0
0 0.10384615384615385 0.47413793103448276 0.10384615384615385 0.4755747126436782 0.13846153846153847 0.4755747126436782 0.13846153846153847 0.47413793103448276 0.10384615384615385 0.47413793103448276
0 0.13846153846153847 0.07040229885057471 0.13846153846153847 0.07183908045977011 0.14423076923076922 0.07183908045977011 0.14423076923076922 0.07040229885057471 0.13846153846153847 0.07040229885057471
0 0.7615384615384615 0.40229885057471265 0.7615384615384615 0.40373563218390807 0.7884615384615384 0.40373563218390807 0.7884615384615384 0.40229885057471265 0.7615384615384615 0.40229885057471265
0 0.27115384615384613 0.16666666666666666 0.27115384615384613 0.16810344827586207 0.2846153846153846 0.16810344827586207 0.2846153846153846 0.16666666666666666 0.27115384615384613 0.16666666666666666
0 1.3096153846153846 0.5459770114942529 1.3096153846153846 0.5474137931034483 1.3211538461538461 0.5474137931034483 1.3211538461538461 0.5459770114942529 1.3096153846153846 0.5459770114942529
0 0.9230769230769231 0.0 0.9230769230769231 0.0014367816091954023 0.9538461538461539 0.0014367816091954023 0.9538461538461539 0.0 0.9230769230769231 0.0
0 0.3269230769230769 0.0 0.3269230769230769 0.0014367816091954023 0.4115384615384615 0.0014367816091954023 0.4115384615384615 0.0 0.3269230769230769 0.0
0 0.038461538461538464 0.035919540229885055 0.038461538461538464 0.03735632183908046 0.06153846153846154 0.03735632183908046 0.06153846153846154 0.035919540229885055 0.038461538461538464 0.035919540229885055
0 0.2153846153846154 0.23994252873563218 0.2153846153846154 0.2413793103448276 0.23653846153846153 0.2413793103448276 0.23653846153846153 0.23994252873563218 0.2153846153846154 0.23994252873563218
0 0.5346153846153846 0.5617816091954023 0.5346153846153846 0.5632183908045977 0.5384615384615384 0.5632183908045977 0.5384615384615384 0.5617816091954023 0.5346153846153846 0.5617816091954023
0 0.6365384615384615 0.1968390804597701 0.6365384615384615 0.19827586206896552 0.6634615384615384 0.19827586206896552 0.6634615384615384 0.1968390804597701 0.6365384615384615 0.1968390804597701
0 0.9826923076923076 0.5545977011494253 0.9826923076923076 0.5560344827586207 1.0192307692307692 0.5560344827586207 1.0192307692307692 0.5545977011494253 0.9826923076923076 0.5545977011494253
0 0.6961538461538461 0.6982758620689655 0.6961538461538461 0.6997126436781609 0.725 0.6997126436781609 0.725 0.6982758620689655 0.6961538461538461 0.6982758620689655
0 0.07884615384615384 0.610632183908046 0.07884615384615384 0.6120689655172413 0.11153846153846154 0.6120689655172413 0.11153846153846154 0.610632183908046 0.07884615384615384 0.610632183908046
0 0.3923076923076923 0.49712643678160917 0.3923076923076923 0.4985632183908046 0.425 0.4985632183908046 0.425 0.49712643678160917 0.3923076923076923 0.49712643678160917
0 0.6096153846153847 0.5416666666666666 0.6096153846153847 0.5431034482758621 0.6480769230769231 0.5431034482758621 0.6480769230769231 0.5416666666666666 0.6096153846153847 0.5416666666666666
0 0.35 0.1810344827586207 0.35 0.1824712643678161 0.35384615384615387 0.1824712643678161 0.35384615384615387 0.1810344827586207 0.35 0.1810344827586207
0 0.007692307692307693 0.3074712643678161 0.007692307692307693 0.3089080459770115 0.011538461538461539 0.3089080459770115 0.011538461538461539 0.3074712643678161 0.007692307692307693 0.3074712643678161
0 0.6961538461538461 0.3160919540229885 0.6961538461538461 0.3175287356321839 0.7 0.3175287356321839 0.7 0.3160919540229885 0.6961538461538461 0.3160919540229885
0 0.5076923076923077 0.04454022988505747 0.5076923076923077 0.04597701149425287 0.5096153846153846 0.04597701149425287 0.5096153846153846 0.04454022988505747 0.5076923076923077 0.04454022988505747
0 1.0288461538461537 0.6738505747126436 1.0288461538461537 0.6752873563218391 1.0557692307692308 0.6752873563218391 1.0557692307692308 0.6738505747126436 1.0288461538461537 0.6738505747126436
0 0.5269230769230769 0.5114942528735632 0.5269230769230769 0.5129310344827587 0.55 0.5129310344827587 0.55 0.5114942528735632 0.5269230769230769 0.5114942528735632