0 0.58203125 0.453125 0.58203125 0.45625 0.62890625 0.45625 0.62890625 0.453125 0.58203125 0.453125
0 0.28125 0.053125 0.28125 0.05625 0.3203125 0.05625 0.3203125 0.053125 0.28125 0.053125
0 0.24609375 0.634375 0.24609375 0.6375 0.25 0.6375 0.25 0.634375 0.24609375 0.634375
0 0.54296875 0.340625 0.54296875 0.34375 0.55859375 0.34375 0.55859375 0.340625 0.54296875 0.340625
0 0.671875 0.35625 0.671875 0.359375 0.75390625 0.359375 0.75390625 0.35625 0.671875 0.35625
0 0.71875 0.371875 0.71875 0.375 0.73828125 0.375 0.73828125 0.371875 0.71875 0.371875
0 0.06640625 0.646875 0.06640625 0.65 0.08203125 0.65 0.08203125 0.646875 0.06640625 0.646875
0 0.71484375 0.23125 0.71484375 0.234375 0.7265625 0.234375 0.7265625 0.23125 0.71484375 0.23125
0 0.9140625 0.159375 0.9140625 0.1625 0.92578125 0.1625 0.92578125 0.159375 0.9140625 0.159375
0 0.515625 0.55 0.515625 0.553125 0.5234375 0.553125 0.5234375 0.55 0.515625 0.55
0 1.1640625 0.740625 1.1640625 0.74375 1.1796875 0.74375 1.1796875 0.740625 1.1640625 0.740625
0 0.9765625 0.246875 0.9765625 0.25 0.9921875 0.25 0.9921875 0.246875 0.9765625 0.246875
0 0.9609375 0.003125 0.9609375 0.00625 0.984375 0.00625 0.984375 0.003125 0.9609375 0.003125
0 0.4921875 0.49375 0.4921875 0.496875 0.5 0.496875 0.5 0.49375 0.4921875 0.49375
0 0.3125 0.0 0.3125 0.003125 0.5078125 0.003125 0.5078125 0.0 0.3125 0.0
0 0.1328125 0.68125 0.1328125 0.684375 0.140625 0.684375 0.140625 0.68125 0.1328125 0.68125
0 0.0 0.0 0.0 0.003125 0.06640625 0.003125 0.06640625 0.0 0.0 0.0
0 0.2109375 0.0625 0.2109375 0.065625 0.22265625 0.065625 0.22265625 0.0625 0.2109375 0.0625
0 1.0 0.3875 1.0 0.390625 1.0546875 0.390625 1.0546875 0.3875 1.0 0.3875
0 0.09375 0.0 0.09375 0.003125 0.14453125 0.003125 0.14453125 0.0 0.09375 0.0
0 0.703125 0.1625 0.703125 0.165625 0.734375 0.165625 0.734375 0.1625 0.703125 0.1625
0 0.1640625 0.11875 0.1640625 0.121875 0.17578125 0.121875 0.17578125 0.11875 0.1640625 0.11875
0 0.16015625 0.08125 0.16015625 0.084375 0.17578125 0.084375 0.17578125 0.08125 0.16015625 0.08125