0 0.0 0.7625 0.0 0.765625 0.0078125 0.765625 0.0078125 0.7625 0.0 0.7625
0 0.9375 0.578125 0.9375 0.58125 0.98046875 0.58125 0.98046875 0.578125 0.9375 0.578125
0 0.75 0.703125 0.75 0.70625 0.75390625 0.70625 0.75390625 0.703125 0.75 0.703125
0 0.91015625 0.15 0.91015625 0.153125 0.9296875 0.153125 0.9296875 0.15 0.91015625 0.15
0 0.9921875 0.4375 0.9921875 0.440625 1.0 0.440625 1.0 0.4375 0.9921875 0.4375
0 1.078125 0.20625 1.078125 0.209375 1.09765625 0.209375 1.09765625 0.20625 1.078125 0.20625
0 0.53515625 0.190625 0.53515625 0.19375 0.57421875 0.19375 0.57421875 0.190625 0.53515625 0.190625
0 0.97265625 0.0 0.97265625 0.003125 1.0 0.003125 1.0 0.0 0.97265625 0.0
0 1.01171875 0.415625 1.01171875 0.41875 1.046875 0.41875 1.046875 0.415625 1.01171875 0.415625
0 0.390625 0.24375 0.390625 0.246875 0.40234375 0.246875 0.40234375 0.24375 0.390625 0.24375
0 0.125 0.15625 0.125 0.159375 0.16796875 0.159375 0.16796875 0.15625 0.125 0.15625
0 0.44921875 0.2375 0.44921875 0.240625 0.45703125 0.240625 0.45703125 0.2375 0.44921875 0.2375
0 0.94140625 0.05 0.94140625 0.053125 0.94921875 0.053125 0.94921875 0.05 0.94140625 0.05
0 0.28515625 0.315625 0.28515625 0.31875 0.30078125 0.31875 0.30078125 0.315625 0.28515625 0.315625
0 0.703125 0.50625 0.703125 0.509375 0.72265625 0.509375 0.72265625 0.50625 0.703125 0.50625
0 0.48046875 0.26875 0.48046875 0.271875 0.4921875 0.271875 0.4921875 0.26875 0.48046875 0.26875
0 0.328125 0.10625 0.328125 0.109375 0.33984375 0.109375 0.33984375 0.10625 0.328125 0.10625
0 0.63671875 0.40625 0.63671875 0.409375 0.67578125 0.409375 0.67578125 0.40625 0.63671875 0.40625
0 0.56640625 0.309375 0.56640625 0.3125 0.57421875 0.3125 0.57421875 0.309375 0.56640625 0.309375
0 1.09375 0.703125 1.09375 0.70625 1.109375 0.70625 1.109375 0.703125 1.09375 0.703125
0 0.21484375 0.709375 0.21484375 0.7125 0.23046875 0.7125 0.23046875 0.709375 0.21484375 0.709375
0 1.19921875 0.640625 1.19921875 0.64375 1.22265625 0.64375 1.22265625 0.640625 1.19921875 0.640625
0 0.45703125 0.659375 0.45703125 0.6625 0.46875 0.6625 0.46875 0.659375 0.45703125 0.659375
0 1.0 0.5375 1.0 0.540625 1.0078125 0.540625 1.0078125 0.5375 1.0 0.5375
0 1.015625 0.678125 1.015625 0.68125 1.0390625 0.68125 1.0390625 0.678125 1.015625 0.678125
0 0.8828125 0.284375 0.8828125 0.2875 0.8984375 0.2875 0.8984375 0.284375 0.8828125 0.284375
0 0.16796875 0.228125 0.16796875 0.23125 0.1796875 0.23125 0.1796875 0.228125 0.16796875 0.228125
0 0.765625 0.578125 0.765625 0.58125 0.77734375 0.58125 0.77734375 0.578125 0.765625 0.578125
0 0.75 0.378125 0.75 0.38125 0.7578125 0.38125 0.7578125 0.378125 0.75 0.378125
0 0.80078125 0.290625 0.80078125 0.29375 0.8359375 0.29375 0.8359375 0.290625 0.80078125 0.290625
0 0.74609375 0.71875 0.74609375 0.721875 0.765625 0.721875 0.765625 0.71875 0.74609375 0.71875
0 1.19921875 0.178125 1.19921875 0.18125 1.20703125 0.18125 1.20703125 0.178125 1.19921875 0.178125
0 1.0390625 0.721875 1.0390625 0.725 1.05078125 0.725 1.05078125 0.721875 1.0390625 0.721875
0 1.05078125 0.7 1.05078125 0.703125 1.0703125 0.703125 1.0703125 0.7 1.05078125 0.7
0 1.1953125 0.484375 1.1953125 0.4875 1.2109375 0.4875 1.2109375 0.484375 1.1953125 0.484375
0 0.1171875 0.0 0.1171875 0.003125 0.17578125 0.003125 0.17578125 0.0 0.1171875 0.0
0 0.69921875 0.421875 0.69921875 0.425 0.72265625 0.425 0.72265625 0.421875 0.69921875 0.421875
0 0.94921875 0.184375 0.94921875 0.1875 0.97265625 0.1875 0.97265625 0.184375 0.94921875 0.184375
0 0.2109375 0.10625 0.2109375 0.109375 0.265625 0.109375 0.265625 0.10625 0.2109375 0.10625
0 0.921875 0.396875 0.921875 0.4 0.9375 0.4 0.9375 0.396875 0.921875 0.396875
0 0.47265625 0.15625 0.47265625 0.159375 0.48828125 0.159375 0.48828125 0.15625 0.47265625 0.15625
0 0.25 0.146875 0.25 0.15 0.2578125 0.15 0.2578125 0.146875 0.25 0.146875
0 0.26171875 0.0 0.26171875 0.003125 0.34765625 0.003125 0.34765625 0.0 0.26171875 0.0
0 0.24609375 0.5375 0.24609375 0.540625 0.28125 0.540625 0.28125 0.5375 0.24609375 0.5375
0 0.328125 0.634375 0.328125 0.6375 0.3515625 0.6375 0.3515625 0.634375 0.328125 0.634375
0 0.5 0.28125 0.5 0.284375 0.50390625 0.284375 0.50390625 0.28125 0.5 0.28125
0 1.16015625 0.7375 1.16015625 0.740625 1.171875 0.740625 1.171875 0.7375 1.16015625 0.7375
0 0.0546875 0.3625 0.0546875 0.365625 0.0703125 0.365625 0.0703125 0.3625 0.0546875 0.3625
0 0.234375 0.31875 0.234375 0.321875 0.265625 0.321875 0.265625 0.31875 0.234375 0.31875
0 1.203125 0.365625 1.203125 0.36875 1.22265625 0.36875 1.22265625 0.365625 1.203125 0.365625
0 1.06640625 0.525 1.06640625 0.528125 1.078125 0.528125 1.078125 0.525 1.06640625 0.525