0 0.07421875 0.640625 0.07421875 0.64375 0.09375 0.64375 0.09375 0.640625 0.07421875 0.640625
0 0.3359375 0.546875 0.3359375 0.55 0.3515625 0.55 0.3515625 0.546875 0.3359375 0.546875
0 0.94921875 0.13125 0.94921875 0.134375 0.9609375 0.134375 0.9609375 0.13125 0.94921875 0.13125
0 0.41796875 0.059375 0.41796875 0.0625 0.44140625 0.0625 0.44140625 0.059375 0.41796875 0.059375
0 1.16015625 0.36875 1.16015625 0.371875 1.1875 0.371875 1.1875 0.36875 1.16015625 0.36875
0 0.62890625 0.60625 0.62890625 0.609375 0.6640625 0.609375 0.6640625 0.60625 0.62890625 0.60625
0 0.13671875 0.215625 0.13671875 0.21875 0.16015625 0.21875 0.16015625 0.215625 0.13671875 0.215625
0 0.75390625 0.36875 0.75390625 0.371875 0.77734375 0.371875 0.77734375 0.36875 0.75390625 0.36875
0 0.36328125 0.15625 0.36328125 0.159375 0.37109375 0.159375 0.37109375 0.15625 0.36328125 0.15625
0 0.8671875 0.465625 0.8671875 0.46875 0.89453125 0.46875 0.89453125 0.465625 0.8671875 0.465625
0 0.78515625 0.215625 0.78515625 0.21875 0.8203125 0.21875 0.8203125 0.215625 0.78515625 0.215625
0 0.28515625 0.3875 0.28515625 0.390625 0.33203125 0.390625 0.33203125 0.3875 0.28515625 0.3875
0 1.171875 0.03125 1.171875 0.034375 1.2109375 0.034375 1.2109375 0.03125 1.171875 0.03125
0 0.43359375 0.409375 0.43359375 0.4125 0.44140625 0.4125 0.44140625 0.409375 0.43359375 0.409375
0 0.41015625 0.0 0.41015625 0.003125 0.546875 0.003125 0.546875 0.0 0.41015625 0.0
0 1.203125 0.209375 1.203125 0.2125 1.2109375 0.2125 1.2109375 0.209375 1.203125 0.209375
0 0.0546875 0.040625 0.0546875 0.04375 0.06640625 0.04375 0.06640625 0.040625 0.0546875 0.040625
0 0.81640625 0.30625 0.81640625 0.309375 0.8515625 0.309375 0.8515625 0.30625 0.81640625 0.30625
0 0.2109375 0.7125 0.2109375 0.715625 0.265625 0.715625 0.265625 0.7125 0.2109375 0.7125
0 0.34375 0.646875 0.34375 0.65 0.37890625 0.65 0.37890625 0.646875 0.34375 0.646875
0 0.9140625 0.0 0.9140625 0.003125 1.0 0.003125 1.0 0.0 0.9140625 0.0
0 0.875 0.15 0.875 0.153125 0.8828125 0.153125 0.8828125 0.15 0.875 0.15
0 0.75 0.0 0.75 0.003125 0.84375 0.003125 0.84375 0.0 0.75 0.0