0 0.5115384615384615 0.6580459770114943 0.5115384615384615 0.6594827586206896 0.5211538461538462 0.6594827586206896 0.5211538461538462 0.6580459770114943 0.5115384615384615 0.6580459770114943
0 0.325 0.7341954022988506 0.325 0.735632183908046 0.3269230769230769 0.735632183908046 0.3269230769230769 0.7341954022988506 0.325 0.7341954022988506
0 0.7173076923076923 0.4209770114942529 0.7173076923076923 0.4224137931034483 0.7346153846153847 0.4224137931034483 0.7346153846153847 0.4209770114942529 0.7173076923076923 0.4209770114942529
0 1.3288461538461538 0.33045977011494254 1.3288461538461538 0.33189655172413796 1.3384615384615384 0.33189655172413796 1.3384615384615384 0.33045977011494254 1.3288461538461538 0.33045977011494254
0 0.8903846153846153 0.5977011494252874 0.8903846153846153 0.5991379310344828 0.9 0.5991379310344828 0.9 0.5977011494252874 0.8903846153846153 0.5977011494252874
0 0.825 0.7327586206896551 0.825 0.7341954022988506 0.8269230769230769 0.7341954022988506 0.8269230769230769 0.7327586206896551 0.825 0.7327586206896551
0 0.9346153846153846 0.38362068965517243 0.9346153846153846 0.3850574712643678 0.9365384615384615 0.3850574712643678 0.9365384615384615 0.38362068965517243 0.9346153846153846 0.38362068965517243
0 0.25576923076923075 0.0 0.25576923076923075 0.0014367816091954023 0.275 0.0014367816091954023 0.275 0.0 0.25576923076923075 0.0
0 0.9326923076923077 0.017241379310344827 0.9326923076923077 0.01867816091954023 0.9384615384615385 0.01867816091954023 0.9384615384615385 0.017241379310344827 0.9326923076923077 0.017241379310344827
0 0.8 0.5114942528735632 0.8 0.5129310344827587 0.823076923076923 0.5129310344827587 0.823076923076923 0.5114942528735632 0.8 0.5114942528735632
0 0.7865384615384615 0.5617816091954023 0.7865384615384615 0.5632183908045977 0.8038461538461539 0.5632183908045977 0.8038461538461539 0.5617816091954023 0.7865384615384615 0.5617816091954023
0 1.1865384615384615 0.507183908045977 1.1865384615384615 0.5086206896551724 1.2038461538461538 0.5086206896551724 1.2038461538461538 0.507183908045977 1.1865384615384615 0.507183908045977
0 0.6884615384615385 0.14798850574712644 0.6884615384615385 0.14942528735632185 0.7153846153846154 0.14942528735632185 0.7153846153846154 0.14798850574712644 0.6884615384615385 0.14798850574712644
0 0.7538461538461538 0.06896551724137931 0.7538461538461538 0.07040229885057471 0.7634615384615384 0.07040229885057471 0.7634615384615384 0.06896551724137931 0.7538461538461538 0.06896551724137931
0 0.6365384615384615 0.6839080459770115 0.6365384615384615 0.6853448275862069 0.6461538461538462 0.6853448275862069 0.6461538461538462 0.6839080459770115 0.6365384615384615 0.6839080459770115
0 0.8576923076923076 0.28879310344827586 0.8576923076923076 0.29022988505747127 0.8942307692307693 0.29022988505747127 0.8942307692307693 0.28879310344827586 0.8576923076923076 0.28879310344827586
0 0.3942307692307692 0.37212643678160917 0.3942307692307692 0.3735632183908046 0.4096153846153846 0.3735632183908046 0.4096153846153846 0.37212643678160917 0.3942307692307692 0.37212643678160917
0 0.37884615384615383 0.19540229885057472 0.37884615384615383 0.1968390804597701 0.39615384615384613 0.1968390804597701 0.39615384615384613 0.19540229885057472 0.37884615384615383 0.19540229885057472
0 0.525 0.0 0.525 0.0014367816091954023 0.5769230769230769 0.0014367816091954023 0.5769230769230769 0.0 0.525 0.0
0 1.2769230769230768 0.25287356321839083 1.2769230769230768 0.2543103448275862 1.2807692307692307 0.2543103448275862 1.2807692307692307 0.25287356321839083 1.2769230769230768 0.25287356321839083
0 0.07115384615384615 0.28160919540229884 0.07115384615384615 0.28304597701149425 0.1 0.28304597701149425 0.1 0.28160919540229884 0.07115384615384615 0.28160919540229884
0 0.12307692307692308 0.06896551724137931 0.12307692307692308 0.07040229885057471 0.14038461538461539 0.07040229885057471 0.14038461538461539 0.06896551724137931 0.12307692307692308 0.06896551724137931
0 0.1076923076923077 0.6968390804597702 0.1076923076923077 0.6982758620689655 0.125 0.6982758620689655 0.125 0.6968390804597702 0.1076923076923077 0.6968390804597702