0 0.23076923076923078 0.041666666666666664 0.23076923076923078 0.04310344827586207 0.25769230769230766 0.04310344827586207 0.25769230769230766 0.041666666666666664 0.23076923076923078 0.041666666666666664
0 0.1076923076923077 0.3017241379310345 0.1076923076923077 0.3031609195402299 0.12115384615384615 0.3031609195402299 0.12115384615384615 0.3017241379310345 0.1076923076923077 0.3017241379310345
0 0.2980769230769231 0.15086206896551724 0.2980769230769231 0.15229885057471265 0.3192307692307692 0.15229885057471265 0.3192307692307692 0.15086206896551724 0.2980769230769231 0.15086206896551724
0 1.0826923076923076 0.5114942528735632 1.0826923076923076 0.5129310344827587 1.1 0.5129310344827587 1.1 0.5114942528735632 1.0826923076923076 0.5114942528735632
0 0.6326923076923077 0.5272988505747126 0.6326923076923077 0.5287356321839081 0.6442307692307693 0.5287356321839081 0.6442307692307693 0.5272988505747126 0.6326923076923077 0.5272988505747126
0 0.37115384615384617 0.32471264367816094 0.37115384615384617 0.3261494252873563 0.3942307692307692 0.3261494252873563 0.3942307692307692 0.32471264367816094 0.37115384615384617 0.32471264367816094
0 0.8942307692307693 0.08620689655172414 0.8942307692307693 0.08764367816091954 0.9038461538461539 0.08764367816091954 0.9038461538461539 0.08620689655172414 0.8942307692307693 0.08620689655172414
0 0.48653846153846153 0.24281609195402298 0.48653846153846153 0.2442528735632184 0.5038461538461538 0.2442528735632184 0.5038461538461538 0.24281609195402298 0.48653846153846153 0.24281609195402298
0 0.21923076923076923 0.41810344827586204 0.21923076923076923 0.41954022988505746 0.2230769230769231 0.41954022988505746 0.2230769230769231 0.41810344827586204 0.21923076923076923 0.41810344827586204
0 0.8384615384615385 0.6695402298850575 0.8384615384615385 0.6709770114942529 0.8538461538461538 0.6709770114942529 0.8538461538461538 0.6695402298850575 0.8384615384615385 0.6695402298850575
0 0.7461538461538462 0.0 0.7461538461538462 0.0014367816091954023 0.801923076923077 0.0014367816091954023 0.801923076923077 0.0 0.7461538461538462 0.0
0 0.9038461538461539 0.1910919540229885 0.9038461538461539 0.1925287356321839 0.9115384615384615 0.1925287356321839 0.9115384615384615 0.1910919540229885 0.9038461538461539 0.1910919540229885
0 1.176923076923077 0.6910919540229885 1.176923076923077 0.6925287356321839 1.1865384615384615 0.6925287356321839 1.1865384615384615 0.6910919540229885 1.176923076923077 0.6910919540229885
0 0.051923076923076926 0.3706896551724138 0.051923076923076926 0.37212643678160917 0.05961538461538462 0.37212643678160917 0.05961538461538462 0.3706896551724138 0.051923076923076926 0.3706896551724138
0 0.15384615384615385 0.5431034482758621 0.15384615384615385 0.5445402298850575 0.16538461538461538 0.5445402298850575 0.16538461538461538 0.5431034482758621 0.15384615384615385 0.5431034482758621
0 0.8307692307692308 0.6077586206896551 0.8307692307692308 0.6091954022988506 0.8346153846153846 0.6091954022988506 0.8346153846153846 0.6077586206896551 0.8307692307692308 0.6077586206896551
0 0.026923076923076925 0.3074712643678161 0.026923076923076925 0.3089080459770115 0.03653846153846154 0.3089080459770115 0.03653846153846154 0.3074712643678161 0.026923076923076925 0.3074712643678161
0 0.8038461538461539 0.05172413793103448 0.8038461538461539 0.05316091954022988 0.8153846153846154 0.05316091954022988 0.8153846153846154 0.05172413793103448 0.8038461538461539 0.05172413793103448
0 1.0423076923076924 0.021551724137931036 1.0423076923076924 0.022988505747126436 1.0480769230769231 0.022988505747126436 1.0480769230769231 0.021551724137931036 1.0423076923076924 0.021551724137931036
0 0.5346153846153846 0.24568965517241378 0.5346153846153846 0.2471264367816092 0.5403846153846154 0.2471264367816092 0.5403846153846154 0.24568965517241378 0.5346153846153846 0.24568965517241378
0 1.1442307692307692 0.5531609195402298 1.1442307692307692 0.5545977011494253 1.1576923076923078 0.5545977011494253 1.1576923076923078 0.5531609195402298 1.1442307692307692 0.5531609195402298
0 0.7615384615384615 0.14798850574712644 0.7615384615384615 0.14942528735632185 0.775 0.14942528735632185 0.775 0.14798850574712644 0.7615384615384615 0.14798850574712644
0 1.2230769230769232 0.7212643678160919 1.2230769230769232 0.7227011494252874 1.2346153846153847 0.7227011494252874 1.2346153846153847 0.7212643678160919 1.2230769230769232 0.7212643678160919
0 0.7326923076923076 0.4985632183908046 0.7326923076923076 0.5 0.7423076923076923 0.5 0.7423076923076923 0.4985632183908046 0.7326923076923076 0.4985632183908046
0 0.8596153846153847 0.3635057471264368 0.8596153846153847 0.3649425287356322 0.8653846153846154 0.3649425287356322 0.8653846153846154 0.3635057471264368 0.8596153846153847 0.3635057471264368
0 0.33653846153846156 0.7068965517241379 0.33653846153846156 0.7083333333333334 0.35 0.7083333333333334 0.35 0.7068965517241379 0.33653846153846156 0.7068965517241379
0 1.1288461538461538 0.3764367816091954 1.1288461538461538 0.37787356321839083 1.1346153846153846 0.37787356321839083 1.1346153846153846 0.3764367816091954 1.1288461538461538 0.3764367816091954
0 0.5769230769230769 0.11206896551724138 0.5769230769230769 0.11350574712643678 0.5961538461538461 0.11350574712643678 0.5961538461538461 0.11206896551724138 0.5769230769230769 0.11206896551724138
0 0.7884615384615384 0.1221264367816092 0.7884615384615384 0.1235632183908046 0.8038461538461539 0.1235632183908046 0.8038461538461539 0.1221264367816092 0.7884615384615384 0.1221264367816092
0 1.0653846153846154 0.40804597701149425 1.0653846153846154 0.40948275862068967 1.0769230769230769 0.40948275862068967 1.0769230769230769 0.40804597701149425 1.0653846153846154 0.40804597701149425
0 1.2403846153846154 0.3103448275862069 1.2403846153846154 0.3117816091954023 1.2557692307692307 0.3117816091954023 1.2557692307692307 0.3103448275862069 1.2403846153846154 0.3103448275862069
0 0.36538461538461536 0.5790229885057471 0.36538461538461536 0.5804597701149425 0.3769230769230769 0.5804597701149425 0.3769230769230769 0.5790229885057471 0.36538461538461536 0.5790229885057471
0 1.0384615384615385 0.7413793103448276 1.0384615384615385 0.742816091954023 1.0576923076923077 0.742816091954023 1.0576923076923077 0.7413793103448276 1.0384615384615385 0.7413793103448276
0 0.6365384615384615 0.3620689655172414 0.6365384615384615 0.3635057471264368 0.6557692307692308 0.3635057471264368 0.6557692307692308 0.3620689655172414 0.6365384615384615 0.3620689655172414
0 1.3192307692307692 0.2916666666666667 1.3192307692307692 0.29310344827586204 1.3307692307692307 0.29310344827586204 1.3307692307692307 0.2916666666666667 1.3192307692307692 0.2916666666666667
0 0.6096153846153847 0.7413793103448276 0.6096153846153847 0.742816091954023 0.6288461538461538 0.742816091954023 0.6288461538461538 0.7413793103448276 0.6096153846153847 0.7413793103448276
0 0.4653846153846154 0.3017241379310345 0.4653846153846154 0.3031609195402299 0.48653846153846153 0.3031609195402299 0.48653846153846153 0.3017241379310345 0.4653846153846154 0.3017241379310345
0 0.875 0.23706896551724138 0.875 0.23850574712643677 0.8846153846153846 0.23850574712643677 0.8846153846153846 0.23706896551724138 0.875 0.23706896551724138
0 0.6307692307692307 0.22126436781609196 0.6307692307692307 0.22270114942528735 0.6442307692307693 0.22270114942528735 0.6442307692307693 0.22126436781609196 0.6307692307692307 0.22126436781609196
0 0.057692307692307696 0.4051724137931034 0.057692307692307696 0.40660919540229884 0.07115384615384615 0.40660919540229884 0.07115384615384615 0.4051724137931034 0.057692307692307696 0.4051724137931034
0 0.13846153846153847 0.22126436781609196 0.13846153846153847 0.22270114942528735 0.15 0.22270114942528735 0.15 0.22126436781609196 0.13846153846153847 0.22126436781609196
0 0.6096153846153847 0.603448275862069 0.6096153846153847 0.6048850574712644 0.6192307692307693 0.6048850574712644 0.6192307692307693 0.603448275862069 0.6096153846153847 0.603448275862069
0 0.5153846153846153 0.5747126436781609 0.5153846153846153 0.5761494252873564 0.5288461538461539 0.5761494252873564 0.5288461538461539 0.5747126436781609 0.5153846153846153 0.5747126436781609
0 0.08461538461538462 0.4367816091954023 0.08461538461538462 0.4382183908045977 0.10192307692307692 0.4382183908045977 0.10192307692307692 0.4367816091954023 0.08461538461538462 0.4367816091954023
0 0.04423076923076923 0.16810344827586207 0.04423076923076923 0.16954022988505746 0.05384615384615385 0.16954022988505746 0.05384615384615385 0.16810344827586207 0.04423076923076923 0.16810344827586207
0 0.14038461538461539 0.08045977011494253 0.14038461538461539 0.08189655172413793 0.15 0.08189655172413793 0.15 0.08045977011494253 0.14038461538461539 0.08045977011494253
0 0.4230769230769231 0.4511494252873563 0.4230769230769231 0.4525862068965517 0.43846153846153846 0.4525862068965517 0.43846153846153846 0.4511494252873563 0.4230769230769231 0.4511494252873563
0 0.9384615384615385 0.4382183908045977 0.9384615384615385 0.4396551724137931 0.9576923076923077 0.4396551724137931 0.9576923076923077 0.4382183908045977 0.9384615384615385 0.4382183908045977
0 0.801923076923077 0.021551724137931036 0.801923076923077 0.022988505747126436 0.8269230769230769 0.022988505747126436 0.8269230769230769 0.021551724137931036 0.801923076923077 0.021551724137931036
0 0.5634615384615385 0.29454022988505746 0.5634615384615385 0.2959770114942529 0.5711538461538461 0.2959770114942529 0.5711538461538461 0.29454022988505746 0.5634615384615385 0.29454022988505746
0 0.8307692307692308 0.646551724137931 0.8307692307692308 0.6479885057471264 0.8346153846153846 0.6479885057471264 0.8346153846153846 0.646551724137931 0.8307692307692308 0.646551724137931
0 0.47884615384615387 0.3448275862068966 0.47884615384615387 0.34626436781609193 0.48846153846153845 0.34626436781609193 0.48846153846153845 0.3448275862068966 0.47884615384615387 0.3448275862068966
0 0.8057692307692308 0.5747126436781609 0.8057692307692308 0.5761494252873564 0.8096153846153846 0.5761494252873564 0.8096153846153846 0.5747126436781609 0.8057692307692308 0.5747126436781609
0 0.5788461538461539 0.15229885057471265 0.5788461538461539 0.15373563218390804 0.5884615384615385 0.15373563218390804 0.5884615384615385 0.15229885057471265 0.5788461538461539 0.15229885057471265
0 0.40384615384615385 0.6954022988505747 0.40384615384615385 0.6968390804597702 0.4153846153846154 0.6968390804597702 0.4153846153846154 0.6954022988505747 0.40384615384615385 0.6954022988505747
0 0.8980769230769231 0.23850574712643677 0.8980769230769231 0.23994252873563218 0.9115384615384615 0.23994252873563218 0.9115384615384615 0.23850574712643677 0.8980769230769231 0.23850574712643677
0 0.5384615384615384 0.21264367816091953 0.5384615384615384 0.21408045977011494 0.5461538461538461 0.21408045977011494 0.5461538461538461 0.21264367816091953 0.5384615384615384 0.21264367816091953
0 1.1307692307692307 0.21120689655172414 1.1307692307692307 0.21264367816091953 1.1384615384615384 0.21264367816091953 1.1384615384615384 0.21120689655172414 1.1307692307692307 0.21120689655172414
0 0.36923076923076925 0.3635057471264368 0.36923076923076925 0.3649425287356322 0.37115384615384617 0.3649425287356322 0.37115384615384617 0.3635057471264368 0.36923076923076925 0.3635057471264368
0 1.1615384615384616 0.39511494252873564 1.1615384615384616 0.39655172413793105 1.1846153846153846 0.39655172413793105 1.1846153846153846 0.39511494252873564 1.1615384615384616 0.39511494252873564
0 0.9461538461538461 0.6091954022988506 0.9461538461538461 0.610632183908046 0.9596153846153846 0.610632183908046 0.9596153846153846 0.6091954022988506 0.9461538461538461 0.6091954022988506
0 0.13846153846153847 0.5876436781609196 0.13846153846153847 0.5890804597701149 0.14423076923076922 0.5890804597701149 0.14423076923076922 0.5876436781609196 0.13846153846153847 0.5876436781609196
0 1.0365384615384616 0.21551724137931033 1.0365384615384616 0.21695402298850575 1.0403846153846155 0.21695402298850575 1.0403846153846155 0.21551724137931033 1.0365384615384616 0.21551724137931033
0 1.0557692307692308 0.14511494252873564 1.0557692307692308 0.14655172413793102 1.0615384615384615 0.14655172413793102 1.0615384615384615 0.14511494252873564 1.0557692307692308 0.14511494252873564
0 0.49230769230769234 0.021551724137931036 0.49230769230769234 0.022988505747126436 0.49615384615384617 0.022988505747126436 0.49615384615384617 0.021551724137931036 0.49230769230769234 0.021551724137931036
0 0.22884615384615384 0.4324712643678161 0.22884615384615384 0.4339080459770115 0.23461538461538461 0.4339080459770115 0.23461538461538461 0.4324712643678161 0.22884615384615384 0.4324712643678161
0 0.9596153846153846 0.28160919540229884 0.9596153846153846 0.28304597701149425 0.9634615384615385 0.28304597701149425 0.9634615384615385 0.28160919540229884 0.9596153846153846 0.28160919540229884
0 0.5288461538461539 0.1810344827586207 0.5288461538461539 0.1824712643678161 0.5346153846153846 0.1824712643678161 0.5346153846153846 0.1810344827586207 0.5288461538461539 0.1810344827586207
0 1.0038461538461538 0.6594827586206896 1.0038461538461538 0.6609195402298851 1.0153846153846153 0.6609195402298851 1.0153846153846153 0.6594827586206896 1.0038461538461538 0.6594827586206896
0 0.675 0.07040229885057471 0.675 0.07183908045977011 0.6961538461538461 0.07183908045977011 0.6961538461538461 0.07040229885057471 0.675 0.07040229885057471
0 0.8769230769230769 0.5545977011494253 0.8769230769230769 0.5560344827586207 0.8865384615384615 0.5560344827586207 0.8865384615384615 0.5545977011494253 0.8769230769230769 0.5545977011494253
0 0.09807692307692308 0.7227011494252874 0.09807692307692308 0.7241379310344828 0.10961538461538461 0.7241379310344828 0.10961538461538461 0.7227011494252874 0.09807692307692308 0.7227011494252874
0 0.675 0.4827586206896552 0.675 0.48419540229885055 0.6788461538461539 0.48419540229885055 0.6788461538461539 0.4827586206896552 0.675 0.4827586206896552
0 1.1634615384615385 0.1910919540229885 1.1634615384615385 0.1925287356321839 1.1711538461538462 0.1925287356321839 1.1711538461538462 0.1910919540229885 1.1634615384615385 0.1910919540229885
0 0.8923076923076924 0.08333333333333333 0.8923076923076924 0.08477011494252873 0.9211538461538461 0.08477011494252873 0.9211538461538461 0.08333333333333333 0.8923076923076924 0.08333333333333333
0 1.2826923076923078 0.4353448275862069 1.2826923076923078 0.4367816091954023 1.2961538461538462 0.4367816091954023 1.2961538461538462 0.4353448275862069 1.2826923076923078 0.4353448275862069
0 1.1519230769230768 0.6968390804597702 1.1519230769230768 0.6982758620689655 1.1653846153846155 0.6982758620689655 1.1653846153846155 0.6968390804597702 1.1519230769230768 0.6968390804597702
0 0.40384615384615385 0.16379310344827586 0.40384615384615385 0.16522988505747127 0.4153846153846154 0.16522988505747127 0.4153846153846154 0.16379310344827586 0.40384615384615385 0.16379310344827586
0 0.05961538461538462 0.16666666666666666 0.05961538461538462 0.16810344827586207 0.06346153846153846 0.16810344827586207 0.06346153846153846 0.16666666666666666 0.05961538461538462 0.16666666666666666
0 0.926923076923077 0.5100574712643678 0.926923076923077 0.5114942528735632 0.9326923076923077 0.5114942528735632 0.9326923076923077 0.5100574712643678 0.926923076923077 0.5100574712643678
0 0.07884615384615384 0.6594827586206896 0.07884615384615384 0.6609195402298851 0.09038461538461538 0.6609195402298851 0.09038461538461538 0.6594827586206896 0.07884615384615384 0.6594827586206896
0 0.06346153846153846 0.16954022988505746 0.06346153846153846 0.17097701149425287 0.09038461538461538 0.17097701149425287 0.09038461538461538 0.16954022988505746 0.06346153846153846 0.16954022988505746
0 0.05384615384615385 0.04310344827586207 0.05384615384615385 0.04454022988505747 0.06538461538461539 0.04454022988505747 0.06538461538461539 0.04310344827586207 0.05384615384615385 0.04310344827586207
0 0.13846153846153847 0.09051724137931035 0.13846153846153847 0.09195402298850575 0.1576923076923077 0.09195402298850575 0.1576923076923077 0.09051724137931035 0.13846153846153847 0.09051724137931035
0 0.24423076923076922 0.5818965517241379 0.24423076923076922 0.5833333333333334 0.25769230769230766 0.5833333333333334 0.25769230769230766 0.5818965517241379 0.24423076923076922 0.5818965517241379
0 0.6942307692307692 0.7270114942528736 0.6942307692307692 0.728448275862069 0.7019230769230769 0.728448275862069 0.7019230769230769 0.7270114942528736 0.6942307692307692 0.7270114942528736
0 0.21923076923076923 0.13218390804597702 0.21923076923076923 0.1336206896551724 0.22884615384615384 0.1336206896551724 0.22884615384615384 0.13218390804597702 0.21923076923076923 0.13218390804597702
0 0.6288461538461538 0.0 0.6288461538461538 0.0014367816091954023 0.7134615384615385 0.0014367816091954023 0.7134615384615385 0.0 0.6288461538461538 0.0
0 0.19038461538461537 0.5330459770114943 0.19038461538461537 0.5344827586206896 0.2076923076923077 0.5344827586206896 0.2076923076923077 0.5330459770114943 0.19038461538461537 0.5330459770114943
0 1.275 0.5704022988505747 1.275 0.5718390804597702 1.2807692307692307 0.5718390804597702 1.2807692307692307 0.5704022988505747 1.275 0.5704022988505747
0 1.226923076923077 0.10344827586206896 1.226923076923077 0.10488505747126436 1.2461538461538462 0.10488505747126436 1.2461538461538462 0.10344827586206896 1.226923076923077 0.10344827586206896
0 0.05961538461538462 0.11350574712643678 0.05961538461538462 0.11494252873563218 0.07307692307692308 0.11494252873563218 0.07307692307692308 0.11350574712643678 0.05961538461538462 0.11350574712643678
0 0.2673076923076923 0.46120689655172414 0.2673076923076923 0.46264367816091956 0.27692307692307694 0.46264367816091956 0.27692307692307694 0.46120689655172414 0.2673076923076923 0.46120689655172414
0 0.9211538461538461 0.08477011494252873 0.9211538461538461 0.08620689655172414 0.9365384615384615 0.08620689655172414 0.9365384615384615 0.08477011494252873 0.9211538461538461 0.08477011494252873
0 0.0 0.0 0.0 0.0014367816091954023 0.011538461538461539 0.0014367816091954023 0.011538461538461539 0.0 0.0 0.0
0 0.3192307692307692 0.017241379310344827 0.3192307692307692 0.01867816091954023 0.32884615384615384 0.01867816091954023 0.32884615384615384 0.017241379310344827 0.3192307692307692 0.017241379310344827
0 1.2961538461538462 0.6681034482758621 1.2961538461538462 0.6695402298850575 1.3057692307692308 0.6695402298850575 1.3057692307692308 0.6681034482758621 1.2961538461538462 0.6681034482758621
0 1.2076923076923076 0.15086206896551724 1.2076923076923076 0.15229885057471265 1.2134615384615384 0.15229885057471265 1.2134615384615384 0.15086206896551724 1.2076923076923076 0.15086206896551724
0 0.23076923076923078 0.41522988505747127 0.23076923076923078 0.4166666666666667 0.23653846153846153 0.4166666666666667 0.23653846153846153 0.41522988505747127 0.23076923076923078 0.41522988505747127
0 0.9961538461538462 0.257183908045977 0.9961538461538462 0.25862068965517243 1.0173076923076922 0.25862068965517243 1.0173076923076922 0.257183908045977 0.9961538461538462 0.257183908045977
0 1.2423076923076923 0.24856321839080459 1.2423076923076923 0.25 1.2538461538461538 0.25 1.2538461538461538 0.24856321839080459 1.2423076923076923 0.24856321839080459
0 0.14423076923076922 0.6436781609195402 0.14423076923076922 0.6451149425287356 0.15 0.6451149425287356 0.15 0.6436781609195402 0.14423076923076922 0.6436781609195402
0 0.37115384615384617 0.5689655172413793 0.37115384615384617 0.5704022988505747 0.3769230769230769 0.5704022988505747 0.3769230769230769 0.5689655172413793 0.37115384615384617 0.5689655172413793
0 1.1923076923076923 0.07040229885057471 1.1923076923076923 0.07183908045977011 1.2096153846153845 0.07183908045977011 1.2096153846153845 0.07040229885057471 1.1923076923076923 0.07040229885057471
0 0.6019230769230769 0.1206896551724138 0.6019230769230769 0.1221264367816092 0.6192307692307693 0.1221264367816092 0.6192307692307693 0.1206896551724138 0.6019230769230769 0.1206896551724138
0 0.29615384615384616 0.4698275862068966 0.29615384615384616 0.47126436781609193 0.3038461538461538 0.47126436781609193 0.3038461538461538 0.4698275862068966 0.29615384615384616 0.4698275862068966