0 0.625 0.365625 0.625 0.36875 0.65234375 0.36875 0.65234375 0.365625 0.625 0.365625
0 0.3828125 0.475 0.3828125 0.478125 0.39453125 0.478125 0.39453125 0.475 0.3828125 0.475
0 0.06640625 0.021875 0.06640625 0.025 0.08984375 0.025 0.08984375 0.021875 0.06640625 0.021875
0 0.18359375 0.421875 0.18359375 0.425 0.19140625 0.425 0.19140625 0.421875 0.18359375 0.421875
0 0.6015625 0.2125 0.6015625 0.215625 0.640625 0.215625 0.640625 0.2125 0.6015625 0.2125
0 0.73828125 0.128125 0.73828125 0.13125 0.75 0.13125 0.75 0.128125 0.73828125 0.128125
0 0.55078125 0.553125 0.55078125 0.55625 0.58203125 0.55625 0.58203125 0.553125 0.55078125 0.553125
0 0.375 0.13125 0.375 0.134375 0.40234375 0.134375 0.40234375 0.13125 0.375 0.13125
0 0.95703125 0.659375 0.95703125 0.6625 0.9765625 0.6625 0.9765625 0.659375 0.95703125 0.659375
0 1.19140625 0.771875 1.19140625 0.775 1.23046875 0.775 1.23046875 0.771875 1.19140625 0.771875
0 0.5546875 0.04375 0.5546875 0.046875 0.5859375 0.046875 0.5859375 0.04375 0.5546875 0.04375
0 0.87109375 0.0 0.87109375 0.003125 0.91015625 0.003125 0.91015625 0.0 0.87109375 0.0
0 0.95703125 0.725 0.95703125 0.728125 0.9765625 0.728125 0.9765625 0.725 0.95703125 0.725
0 1.2421875 0.296875 1.2421875 0.3 1.25 0.3 1.25 0.296875 1.2421875 0.296875
0 0.94140625 0.0 0.94140625 0.003125 0.99609375 0.003125 0.99609375 0.0 0.94140625 0.0
0 0.91015625 0.584375 0.91015625 0.5875 0.94140625 0.5875 0.94140625 0.584375 0.91015625 0.584375
0 1.109375 0.509375 1.109375 0.5125 1.13671875 0.5125 1.13671875 0.509375 1.109375 0.509375
0 1.23046875 0.609375 1.23046875 0.6125 1.25 0.6125 1.25 0.609375 1.23046875 0.609375
0 0.80859375 0.559375 0.80859375 0.5625 0.84375 0.5625 0.84375 0.559375 0.80859375 0.559375
0 0.61328125 0.05 0.61328125 0.053125 0.65234375 0.053125 0.65234375 0.05 0.61328125 0.05
0 0.05859375 0.396875 0.05859375 0.4 0.06640625 0.4 0.06640625 0.396875 0.05859375 0.396875
0 0.78125 0.05 0.78125 0.053125 0.80078125 0.053125 0.80078125 0.05 0.78125 0.05
0 0.09765625 0.734375 0.09765625 0.7375 0.13671875 0.7375 0.13671875 0.734375 0.09765625 0.734375
0 0.3359375 0.45625 0.3359375 0.459375 0.34765625 0.459375 0.34765625 0.45625 0.3359375 0.45625
0 0.75390625 0.421875 0.75390625 0.425 0.796875 0.425 0.796875 0.421875 0.75390625 0.421875
0 0.01171875 0.2625 0.01171875 0.265625 0.05078125 0.265625 0.05078125 0.2625 0.01171875 0.2625
0 0.03515625 0.23125 0.03515625 0.234375 0.04296875 0.234375 0.04296875 0.23125 0.03515625 0.23125
0 0.6171875 0.590625 0.6171875 0.59375 0.65625 0.59375 0.65625 0.590625 0.6171875 0.590625
0 0.0390625 0.0 0.0390625 0.003125 0.1484375 0.003125 0.1484375 0.0 0.0390625 0.0
0 0.6171875 0.109375 0.6171875 0.1125 0.640625 0.1125 0.640625 0.109375 0.6171875 0.109375
0 0.0859375 0.309375 0.0859375 0.3125 0.1171875 0.3125 0.1171875 0.309375 0.0859375 0.309375
0 0.82421875 0.046875 0.82421875 0.05 0.84765625 0.05 0.84765625 0.046875 0.82421875 0.046875
0 0.703125 0.565625 0.703125 0.56875 0.7265625 0.56875 0.7265625 0.565625 0.703125 0.565625
0 1.08203125 0.1 1.08203125 0.103125 1.125 0.103125 1.125 0.1 1.08203125 0.1
0 0.02734375 0.759375 0.02734375 0.7625 0.0390625 0.7625 0.0390625 0.759375 0.02734375 0.759375
0 1.1640625 0.11875 1.1640625 0.121875 1.2109375 0.121875 1.2109375 0.11875 1.1640625 0.11875
0 0.19921875 0.48125 0.19921875 0.484375 0.21875 0.484375 0.21875 0.48125 0.19921875 0.48125
0 0.12109375 0.784375 0.12109375 0.7875 0.1484375 0.7875 0.1484375 0.784375 0.12109375 0.784375
0 0.3984375 0.0 0.3984375 0.003125 0.4609375 0.003125 0.4609375 0.0 0.3984375 0.0
0 0.1875 0.090625 0.1875 0.09375 0.20703125 0.09375 0.20703125 0.090625 0.1875 0.090625
0 0.546875 0.0 0.546875 0.003125 0.60546875 0.003125 0.60546875 0.0 0.546875 0.0
0 1.18359375 0.24375 1.18359375 0.246875 1.203125 0.246875 1.203125 0.24375 1.18359375 0.24375
0 0.67578125 0.35 0.67578125 0.353125 0.71484375 0.353125 0.71484375 0.35 0.67578125 0.35
0 0.76171875 0.028125 0.76171875 0.03125 0.78125 0.03125 0.78125 0.028125 0.76171875 0.028125
0 0.10546875 0.39375 0.10546875 0.396875 0.12109375 0.396875 0.12109375 0.39375 0.10546875 0.39375
0 0.4140625 0.0375 0.4140625 0.040625 0.44140625 0.040625 0.44140625 0.0375 0.4140625 0.0375
0 0.8984375 0.44375 0.8984375 0.446875 0.9453125 0.446875 0.9453125 0.44375 0.8984375 0.44375
0 0.2734375 0.21875 0.2734375 0.221875 0.30078125 0.221875 0.30078125 0.21875 0.2734375 0.21875
0 0.61328125 0.0 0.61328125 0.003125 0.734375 0.003125 0.734375 0.0 0.61328125 0.0
0 0.2265625 0.034375 0.2265625 0.0375 0.25 0.0375 0.25 0.034375 0.2265625 0.034375