0 0.82421875 0.4625 0.82421875 0.465625 0.83984375 0.465625 0.83984375 0.4625 0.82421875 0.4625
0 0.96875 0.621875 0.96875 0.625 1.0 0.625 1.0 0.621875 0.96875 0.621875
0 1.09765625 0.390625 1.09765625 0.39375 1.12109375 0.39375 1.12109375 0.390625 1.09765625 0.390625
0 0.2890625 0.371875 0.2890625 0.375 0.3359375 0.375 0.3359375 0.371875 0.2890625 0.371875
0 0.265625 0.071875 0.265625 0.075 0.29296875 0.075 0.29296875 0.071875 0.265625 0.071875
0 0.1171875 0.2125 0.1171875 0.215625 0.13671875 0.215625 0.13671875 0.2125 0.1171875 0.2125
0 0.59375 0.625 0.59375 0.628125 0.63671875 0.628125 0.63671875 0.625 0.59375 0.625
0 1.23828125 0.565625 1.23828125 0.56875 1.25 0.56875 1.25 0.565625 1.23828125 0.565625
0 0.9609375 0.446875 0.9609375 0.45 1.015625 0.45 1.015625 0.446875 0.9609375 0.446875
0 0.8046875 0.371875 0.8046875 0.375 0.8203125 0.375 0.8203125 0.371875 0.8046875 0.371875
0 0.01953125 0.2125 0.01953125 0.215625 0.03515625 0.215625 0.03515625 0.2125 0.01953125 0.2125
0 0.62890625 0.459375 0.62890625 0.4625 0.65234375 0.4625 0.65234375 0.459375 0.62890625 0.459375
0 0.17578125 0.415625 0.17578125 0.41875 0.19140625 0.41875 0.19140625 0.415625 0.17578125 0.415625
0 0.66796875 0.20625 0.66796875 0.209375 0.6875 0.209375 0.6875 0.20625 0.66796875 0.20625
0 0.171875 0.578125 0.171875 0.58125 0.20703125 0.58125 0.20703125 0.578125 0.171875 0.578125
0 0.703125 0.540625 0.703125 0.54375 0.72265625 0.54375 0.72265625 0.540625 0.703125 0.540625
0 0.1484375 0.659375 0.1484375 0.6625 0.1640625 0.6625 0.1640625 0.659375 0.1484375 0.659375
0 0.125 0.471875 0.125 0.475 0.15234375 0.475 0.15234375 0.471875 0.125 0.471875
0 0.01171875 0.1375 0.01171875 0.140625 0.03125 0.140625 0.03125 0.1375 0.01171875 0.1375
0 0.66796875 0.5875 0.66796875 0.590625 0.6796875 0.590625 0.6796875 0.5875 0.66796875 0.5875
0 0.15625 0.275 0.15625 0.278125 0.171875 0.278125 0.171875 0.275 0.15625 0.275
0 0.38671875 0.321875 0.38671875 0.325 0.4140625 0.325 0.4140625 0.321875 0.38671875 0.321875
0 0.9609375 0.140625 0.9609375 0.14375 0.9765625 0.14375 0.9765625 0.140625 0.9609375 0.140625
0 0.37109375 0.375 0.37109375 0.378125 0.421875 0.378125 0.421875 0.375 0.37109375 0.375
0 0.5859375 0.525 0.5859375 0.528125 0.59765625 0.528125 0.59765625 0.525 0.5859375 0.525
0 0.3125 0.284375 0.3125 0.2875 0.35546875 0.2875 0.35546875 0.284375 0.3125 0.284375
0 0.6484375 0.525 0.6484375 0.528125 0.65625 0.528125 0.65625 0.525 0.6484375 0.525
0 0.2265625 0.490625 0.2265625 0.49375 0.2578125 0.49375 0.2578125 0.490625 0.2265625 0.490625
0 1.140625 0.525 1.140625 0.528125 1.171875 0.528125 1.171875 0.525 1.140625 0.525
0 0.53515625 0.296875 0.53515625 0.3 0.55078125 0.3 0.55078125 0.296875 0.53515625 0.296875
0 1.046875 0.7875 1.046875 0.790625 1.06640625 0.790625 1.06640625 0.7875 1.046875 0.7875
0 0.62109375 0.10625 0.62109375 0.109375 0.65234375 0.109375 0.65234375 0.10625 0.62109375 0.10625
0 0.1015625 0.734375 0.1015625 0.7375 0.15625 0.7375 0.15625 0.734375 0.1015625 0.734375
0 0.82421875 0.478125 0.82421875 0.48125 0.875 0.48125 0.875 0.478125 0.82421875 0.478125
0 1.19140625 0.634375 1.19140625 0.6375 1.2265625 0.6375 1.2265625 0.634375 1.19140625 0.634375
0 0.4765625 0.325 0.4765625 0.328125 0.5 0.328125 0.5 0.325 0.4765625 0.325
0 0.625 0.496875 0.625 0.5 0.65234375 0.5 0.65234375 0.496875 0.625 0.496875
0 0.12109375 0.35 0.12109375 0.353125 0.1640625 0.353125 0.1640625 0.35 0.12109375 0.35
0 0.484375 0.421875 0.484375 0.425 0.50390625 0.425 0.50390625 0.421875 0.484375 0.421875
0 0.00390625 0.60625 0.00390625 0.609375 0.03125 0.609375 0.03125 0.60625 0.00390625 0.60625
0 1.08203125 0.609375 1.08203125 0.6125 1.11328125 0.6125 1.11328125 0.609375 1.08203125 0.609375
0 1.19140625 0.275 1.19140625 0.278125 1.19921875 0.278125 1.19921875 0.275 1.19140625 0.275
0 0.765625 0.303125 0.765625 0.30625 0.7890625 0.30625 0.7890625 0.303125 0.765625 0.303125
0 0.171875 0.759375 0.171875 0.7625 0.20703125 0.7625 0.20703125 0.759375 0.171875 0.759375
0 0.88671875 0.29375 0.88671875 0.296875 0.90234375 0.296875 0.90234375 0.29375 0.88671875 0.29375
0 0.44921875 0.0875 0.44921875 0.090625 0.4609375 0.090625 0.4609375 0.0875 0.44921875 0.0875
0 0.0 0.4875 0.0 0.490625 0.0078125 0.490625 0.0078125 0.4875 0.0 0.4875
0 0.0859375 0.25 0.0859375 0.253125 0.10546875 0.253125 0.10546875 0.25 0.0859375 0.25
0 1.08203125 0.671875 1.08203125 0.675 1.10546875 0.675 1.10546875 0.671875 1.08203125 0.671875
0 0.921875 0.421875 0.921875 0.425 0.94921875 0.425 0.94921875 0.421875 0.921875 0.421875
0 0.76953125 0.51875 0.76953125 0.521875 0.78125 0.521875 0.78125 0.51875 0.76953125 0.51875
0 1.0703125 0.440625 1.0703125 0.44375 1.1015625 0.44375 1.1015625 0.440625 1.0703125 0.440625
0 0.6796875 0.790625 0.6796875 0.79375 0.71484375 0.79375 0.71484375 0.790625 0.6796875 0.790625
0 1.078125 0.646875 1.078125 0.65 1.09765625 0.65 1.09765625 0.646875 1.078125 0.646875
0 0.2734375 0.2 0.2734375 0.203125 0.2890625 0.203125 0.2890625 0.2 0.2734375 0.2
0 1.0625 0.240625 1.0625 0.24375 1.0703125 0.24375 1.0703125 0.240625 1.0625 0.240625
0 0.1640625 0.534375 0.1640625 0.5375 0.1875 0.5375 0.1875 0.534375 0.1640625 0.534375
0 1.0546875 0.4375 1.0546875 0.440625 1.08984375 0.440625 1.08984375 0.4375 1.0546875 0.4375
0 0.25 0.746875 0.25 0.75 0.25390625 0.75 0.25390625 0.746875 0.25 0.746875
0 0.046875 0.353125 0.046875 0.35625 0.0546875 0.35625 0.0546875 0.353125 0.046875 0.353125
0 1.2421875 0.45 1.2421875 0.453125 1.25 0.453125 1.25 0.45 1.2421875 0.45
0 0.8125 0.559375 0.8125 0.5625 0.83203125 0.5625 0.83203125 0.559375 0.8125 0.559375
0 1.20703125 0.696875 1.20703125 0.7 1.21875 0.7 1.21875 0.696875 1.20703125 0.696875
0 0.71875 0.6625 0.71875 0.665625 0.765625 0.665625 0.765625 0.6625 0.71875 0.6625
0 0.37109375 0.378125 0.37109375 0.38125 0.40234375 0.38125 0.40234375 0.378125 0.37109375 0.378125