0 0.1640625 0.61875 0.1640625 0.621875 0.1796875 0.621875 0.1796875 0.61875 0.1640625 0.61875
0 0.99609375 0.50625 0.99609375 0.509375 1.015625 0.509375 1.015625 0.50625 0.99609375 0.50625
0 1.046875 0.45625 1.046875 0.459375 1.08203125 0.459375 1.08203125 0.45625 1.046875 0.45625
0 0.75 0.178125 0.75 0.18125 0.76953125 0.18125 0.76953125 0.178125 0.75 0.178125
0 1.2265625 0.10625 1.2265625 0.109375 1.23828125 0.109375 1.23828125 0.10625 1.2265625 0.10625
0 0.80078125 0.20625 0.80078125 0.209375 0.80859375 0.209375 0.80859375 0.20625 0.80078125 0.20625
0 0.5390625 0.0 0.5390625 0.003125 0.5703125 0.003125 0.5703125 0.0 0.5390625 0.0
0 0.40234375 0.2 0.40234375 0.203125 0.41796875 0.203125 0.41796875 0.2 0.40234375 0.2
0 0.48046875 0.7875 0.48046875 0.790625 0.49609375 0.790625 0.49609375 0.7875 0.48046875 0.7875
0 0.76953125 0.4125 0.76953125 0.415625 0.828125 0.415625 0.828125 0.4125 0.76953125 0.4125
0 1.2421875 0.23125 1.2421875 0.234375 1.25 0.234375 1.25 0.23125 1.2421875 0.23125
0 0.6015625 0.515625 0.6015625 0.51875 0.6328125 0.51875 0.6328125 0.515625 0.6015625 0.515625
0 1.2421875 0.409375 1.2421875 0.4125 1.25 0.4125 1.25 0.409375 1.2421875 0.409375
0 0.5390625 0.503125 0.5390625 0.50625 0.5703125 0.50625 0.5703125 0.503125 0.5390625 0.503125
0 0.25 0.659375 0.25 0.6625 0.26171875 0.6625 0.26171875 0.659375 0.25 0.659375
0 0.74609375 0.73125 0.74609375 0.734375 0.765625 0.734375 0.765625 0.73125 0.74609375 0.73125
0 0.83984375 0.0 0.83984375 0.003125 0.8671875 0.003125 0.8671875 0.0 0.83984375 0.0