0 1.14453125 0.178125 1.14453125 0.18125 1.18359375 0.18125 1.18359375 0.178125 1.14453125 0.178125
0 0.72265625 0.0 0.72265625 0.003125 0.79296875 0.003125 0.79296875 0.0 0.72265625 0.0
0 0.32421875 0.05 0.32421875 0.053125 0.35546875 0.053125 0.35546875 0.05 0.32421875 0.05
0 1.1875 0.05625 1.1875 0.059375 1.22265625 0.059375 1.22265625 0.05625 1.1875 0.05625
0 1.14453125 0.44375 1.14453125 0.446875 1.15625 0.446875 1.15625 0.44375 1.14453125 0.44375
0 1.0078125 0.165625 1.0078125 0.16875 1.01953125 0.16875 1.01953125 0.165625 1.0078125 0.165625
0 0.046875 0.259375 0.046875 0.2625 0.07421875 0.2625 0.07421875 0.259375 0.046875 0.259375
0 0.34765625 0.0 0.34765625 0.003125 0.38671875 0.003125 0.38671875 0.0 0.34765625 0.0
0 0.55859375 0.478125 0.55859375 0.48125 0.57421875 0.48125 0.57421875 0.478125 0.55859375 0.478125
0 0.140625 0.7625 0.140625 0.765625 0.16015625 0.765625 0.16015625 0.7625 0.140625 0.7625
0 0.83203125 0.021875 0.83203125 0.025 0.8671875 0.025 0.8671875 0.021875 0.83203125 0.021875
0 1.0546875 0.709375 1.0546875 0.7125 1.08984375 0.7125 1.08984375 0.709375 1.0546875 0.709375
0 0.08984375 0.215625 0.08984375 0.21875 0.1328125 0.21875 0.1328125 0.215625 0.08984375 0.215625
0 1.19921875 0.775 1.19921875 0.778125 1.2109375 0.778125 1.2109375 0.775 1.19921875 0.775
0 0.32421875 0.1375 0.32421875 0.140625 0.34765625 0.140625 0.34765625 0.1375 0.32421875 0.1375
0 0.1796875 0.19375 0.1796875 0.196875 0.203125 0.196875 0.203125 0.19375 0.1796875 0.19375
0 0.33203125 0.040625 0.33203125 0.04375 0.34375 0.04375 0.34375 0.040625 0.33203125 0.040625
0 0.64453125 0.5875 0.64453125 0.590625 0.66796875 0.590625 0.66796875 0.5875 0.64453125 0.5875
0 0.05078125 0.1875 0.05078125 0.190625 0.06640625 0.190625 0.06640625 0.1875 0.05078125 0.1875
0 0.140625 0.396875 0.140625 0.4 0.1484375 0.4 0.1484375 0.396875 0.140625 0.396875
0 0.640625 0.190625 0.640625 0.19375 0.65234375 0.19375 0.65234375 0.190625 0.640625 0.190625
0 0.66796875 0.453125 0.66796875 0.45625 0.68359375 0.45625 0.68359375 0.453125 0.66796875 0.453125
0 0.640625 0.25 0.640625 0.253125 0.6640625 0.253125 0.6640625 0.25 0.640625 0.25
0 0.21484375 0.234375 0.21484375 0.2375 0.22265625 0.2375 0.22265625 0.234375 0.21484375 0.234375
0 0.14453125 0.090625 0.14453125 0.09375 0.16015625 0.09375 0.16015625 0.090625 0.14453125 0.090625
0 0.8046875 0.0875 0.8046875 0.090625 0.81640625 0.090625 0.81640625 0.0875 0.8046875 0.0875
0 1.04296875 0.3375 1.04296875 0.340625 1.05859375 0.340625 1.05859375 0.3375 1.04296875 0.3375
0 0.6796875 0.565625 0.6796875 0.56875 0.6875 0.56875 0.6875 0.565625 0.6796875 0.565625
0 0.171875 0.025 0.171875 0.028125 0.20703125 0.028125 0.20703125 0.025 0.171875 0.025
0 0.72265625 0.425 0.72265625 0.428125 0.76171875 0.428125 0.76171875 0.425 0.72265625 0.425
0 1.05859375 0.19375 1.05859375 0.196875 1.0703125 0.196875 1.0703125 0.19375 1.05859375 0.19375
0 0.79296875 0.0 0.79296875 0.003125 0.8515625 0.003125 0.8515625 0.0 0.79296875 0.0
0 0.25390625 0.084375 0.25390625 0.0875 0.265625 0.0875 0.265625 0.084375 0.25390625 0.084375
0 0.5546875 0.03125 0.5546875 0.034375 0.578125 0.034375 0.578125 0.03125 0.5546875 0.03125
0 1.046875 0.7875 1.046875 0.790625 1.06640625 0.790625 1.06640625 0.7875 1.046875 0.7875
0 0.75 0.190625 0.75 0.19375 0.75390625 0.19375 0.75390625 0.190625 0.75 0.190625
0 1.05078125 0.784375 1.05078125 0.7875 1.078125 0.7875 1.078125 0.784375 1.05078125 0.784375
0 0.47265625 0.0 0.47265625 0.003125 0.54296875 0.003125 0.54296875 0.0 0.47265625 0.0
0 1.15625 0.14375 1.15625 0.146875 1.17578125 0.146875 1.17578125 0.14375 1.15625 0.14375
0 1.17578125 0.284375 1.17578125 0.2875 1.1953125 0.2875 1.1953125 0.284375 1.17578125 0.284375
0 0.23828125 0.21875 0.23828125 0.221875 0.24609375 0.221875 0.24609375 0.21875 0.23828125 0.21875
0 0.97265625 0.359375 0.97265625 0.3625 0.98828125 0.3625 0.98828125 0.359375 0.97265625 0.359375
0 1.08984375 0.071875 1.08984375 0.075 1.09765625 0.075 1.09765625 0.071875 1.08984375 0.071875
0 0.7578125 0.403125 0.7578125 0.40625 0.7734375 0.40625 0.7734375 0.403125 0.7578125 0.403125
0 0.98046875 0.1125 0.98046875 0.115625 0.9921875 0.115625 0.9921875 0.1125 0.98046875 0.1125
0 0.8046875 0.703125 0.8046875 0.70625 0.83984375 0.70625 0.83984375 0.703125 0.8046875 0.703125
0 0.8125 0.65 0.8125 0.653125 0.859375 0.653125 0.859375 0.65 0.8125 0.65
0 0.1640625 0.1125 0.1640625 0.115625 0.171875 0.115625 0.171875 0.1125 0.1640625 0.1125
0 0.70703125 0.653125 0.70703125 0.65625 0.71875 0.65625 0.71875 0.653125 0.70703125 0.653125
0 0.8828125 0.165625 0.8828125 0.16875 0.89453125 0.16875 0.89453125 0.165625 0.8828125 0.165625
0 1.07421875 0.746875 1.07421875 0.75 1.08203125 0.75 1.08203125 0.746875 1.07421875 0.746875
0 0.19921875 0.053125 0.19921875 0.05625 0.2421875 0.05625 0.2421875 0.053125 0.19921875 0.053125
0 0.53125 0.24375 0.53125 0.246875 0.5625 0.246875 0.5625 0.24375 0.53125 0.24375
0 0.01953125 0.175 0.01953125 0.178125 0.02734375 0.178125 0.02734375 0.175 0.01953125 0.175
0 0.5234375 0.29375 0.5234375 0.296875 0.54296875 0.296875 0.54296875 0.29375 0.5234375 0.29375
0 0.69921875 0.3 0.69921875 0.303125 0.7109375 0.303125 0.7109375 0.3 0.69921875 0.3
0 0.015625 0.55 0.015625 0.553125 0.03125 0.553125 0.03125 0.55 0.015625 0.55
0 0.36328125 0.234375 0.36328125 0.2375 0.375 0.2375 0.375 0.234375 0.36328125 0.234375
0 1.00390625 0.621875 1.00390625 0.625 1.04296875 0.625 1.04296875 0.621875 1.00390625 0.621875
0 0.203125 0.2375 0.203125 0.240625 0.2109375 0.240625 0.2109375 0.2375 0.203125 0.2375
0 0.57421875 0.0 0.57421875 0.003125 0.609375 0.003125 0.609375 0.0 0.57421875 0.0
0 0.26953125 0.54375 0.26953125 0.546875 0.30859375 0.546875 0.30859375 0.54375 0.26953125 0.54375
0 1.20703125 0.346875 1.20703125 0.35 1.2265625 0.35 1.2265625 0.346875 1.20703125 0.346875
0 0.984375 0.3125 0.984375 0.315625 0.9921875 0.315625 0.9921875 0.3125 0.984375 0.3125
0 1.0625 0.6 1.0625 0.603125 1.0859375 0.603125 1.0859375 0.6 1.0625 0.6
0 0.06640625 0.3125 0.06640625 0.315625 0.0859375 0.315625 0.0859375 0.3125 0.06640625 0.3125
0 0.2421875 0.459375 0.2421875 0.4625 0.25 0.4625 0.25 0.459375 0.2421875 0.459375
0 1.09375 0.509375 1.09375 0.5125 1.1328125 0.5125 1.1328125 0.509375 1.09375 0.509375
0 0.76953125 0.440625 0.76953125 0.44375 0.8046875 0.44375 0.8046875 0.440625 0.76953125 0.440625
0 0.74609375 0.03125 0.74609375 0.034375 0.7734375 0.034375 0.7734375 0.03125 0.74609375 0.03125
0 0.9453125 0.0 0.9453125 0.003125 1.0 0.003125 1.0 0.0 0.9453125 0.0
0 0.078125 0.1625 0.078125 0.165625 0.1015625 0.165625 0.1015625 0.1625 0.078125 0.1625
0 0.734375 0.09375 0.734375 0.096875 0.765625 0.096875 0.765625 0.09375 0.734375 0.09375
0 0.16015625 0.346875 0.16015625 0.35 0.16796875 0.35 0.16796875 0.346875 0.16015625 0.346875
0 0.51953125 0.63125 0.51953125 0.634375 0.55859375 0.634375 0.55859375 0.63125 0.51953125 0.63125
0 1.19140625 0.234375 1.19140625 0.2375 1.20703125 0.2375 1.20703125 0.234375 1.19140625 0.234375
0 0.5390625 0.50625 0.5390625 0.509375 0.5703125 0.509375 0.5703125 0.50625 0.5390625 0.50625
0 1.07421875 0.146875 1.07421875 0.15 1.09375 0.15 1.09375 0.146875 1.07421875 0.146875
0 0.59375 0.1375 0.59375 0.140625 0.62109375 0.140625 0.62109375 0.1375 0.59375 0.1375
0 0.421875 0.0 0.421875 0.003125 0.4609375 0.003125 0.4609375 0.0 0.421875 0.0
0 0.75 0.015625 0.75 0.01875 0.75390625 0.01875 0.75390625 0.015625 0.75 0.015625
0 0.97265625 0.109375 0.97265625 0.1125 0.98828125 0.1125 0.98828125 0.109375 0.97265625 0.109375