0 0.6288461538461538 0.32471264367816094 0.6288461538461538 0.3261494252873563 0.6461538461538462 0.3261494252873563 0.6461538461538462 0.32471264367816094 0.6288461538461538 0.32471264367816094
0 0.39615384615384613 0.6882183908045977 0.39615384615384613 0.6896551724137931 0.4076923076923077 0.6896551724137931 0.4076923076923077 0.6882183908045977 0.39615384615384613 0.6882183908045977
0 1.0673076923076923 0.16379310344827586 1.0673076923076923 0.16522988505747127 1.0923076923076922 0.16522988505747127 1.0923076923076922 0.16379310344827586 1.0673076923076923 0.16379310344827586
0 1.1057692307692308 0.4640804597701149 1.1057692307692308 0.46551724137931033 1.123076923076923 0.46551724137931033 1.123076923076923 0.4640804597701149 1.1057692307692308 0.4640804597701149
0 0.03076923076923077 0.08189655172413793 0.03076923076923077 0.08333333333333333 0.03461538461538462 0.08333333333333333 0.03461538461538462 0.08189655172413793 0.03076923076923077 0.08189655172413793
0 1.0326923076923078 0.5431034482758621 1.0326923076923078 0.5445402298850575 1.0423076923076924 0.5445402298850575 1.0423076923076924 0.5431034482758621 1.0326923076923078 0.5431034482758621
0 1.3038461538461539 0.10057471264367816 1.3038461538461539 0.10201149425287356 1.3076923076923077 0.10201149425287356 1.3076923076923077 0.10057471264367816 1.3038461538461539 0.10057471264367816
0 0.5884615384615385 0.7270114942528736 0.5884615384615385 0.728448275862069 0.5942307692307692 0.728448275862069 0.5942307692307692 0.7270114942528736 0.5884615384615385 0.7270114942528736
0 1.1826923076923077 0.6436781609195402 1.1826923076923077 0.6451149425287356 1.1903846153846154 0.6451149425287356 1.1903846153846154 0.6436781609195402 1.1826923076923077 0.6436781609195402
0 0.5576923076923077 0.04454022988505747 0.5576923076923077 0.04597701149425287 0.5711538461538461 0.04597701149425287 0.5711538461538461 0.04454022988505747 0.5576923076923077 0.04454022988505747
0 0.12115384615384615 0.6422413793103449 0.12115384615384615 0.6436781609195402 0.1423076923076923 0.6436781609195402 0.1423076923076923 0.6422413793103449 0.12115384615384615 0.6422413793103449
0 0.8 0.0 0.8 0.0014367816091954023 0.8403846153846154 0.0014367816091954023 0.8403846153846154 0.0 0.8 0.0
0 1.2865384615384616 0.1752873563218391 1.2865384615384616 0.17672413793103448 1.2942307692307693 0.17672413793103448 1.2942307692307693 0.1752873563218391 1.2865384615384616 0.1752873563218391
0 0.8076923076923077 0.27729885057471265 0.8076923076923077 0.27873563218390807 0.8173076923076923 0.27873563218390807 0.8173076923076923 0.27729885057471265 0.8076923076923077 0.27729885057471265
0 1.175 0.10488505747126436 1.175 0.10632183908045977 1.1923076923076923 0.10632183908045977 1.1923076923076923 0.10488505747126436 1.175 0.10488505747126436
0 0.43846153846153846 0.09626436781609195 0.43846153846153846 0.09770114942528736 0.45 0.09770114942528736 0.45 0.09626436781609195 0.43846153846153846 0.09626436781609195
0 0.31153846153846154 0.6954022988505747 0.31153846153846154 0.6968390804597702 0.3192307692307692 0.6968390804597702 0.3192307692307692 0.6954022988505747 0.31153846153846154 0.6954022988505747
0 0.725 0.742816091954023 0.725 0.7442528735632183 0.7403846153846154 0.7442528735632183 0.7403846153846154 0.742816091954023 0.725 0.742816091954023
0 0.675 0.2686781609195402 0.675 0.27011494252873564 0.6826923076923077 0.27011494252873564 0.6826923076923077 0.2686781609195402 0.675 0.2686781609195402
0 0.4442307692307692 0.033045977011494254 0.4442307692307692 0.034482758620689655 0.4596153846153846 0.034482758620689655 0.4596153846153846 0.033045977011494254 0.4442307692307692 0.033045977011494254
0 1.2557692307692307 0.5675287356321839 1.2557692307692307 0.5689655172413793 1.2826923076923078 0.5689655172413793 1.2826923076923078 0.5675287356321839 1.2557692307692307 0.5675287356321839
0 1.1076923076923078 0.5100574712643678 1.1076923076923078 0.5114942528735632 1.1307692307692307 0.5114942528735632 1.1307692307692307 0.5100574712643678 1.1076923076923078 0.5100574712643678
0 0.075 0.10344827586206896 0.075 0.10488505747126436 0.10384615384615385 0.10488505747126436 0.10384615384615385 0.10344827586206896 0.075 0.10344827586206896
0 0.4173076923076923 0.15086206896551724 0.4173076923076923 0.15229885057471265 0.4307692307692308 0.15229885057471265 0.4307692307692308 0.15086206896551724 0.4173076923076923 0.15086206896551724
0 1.1346153846153846 0.4281609195402299 1.1346153846153846 0.4295977011494253 1.1384615384615384 0.4295977011494253 1.1384615384615384 0.4281609195402299 1.1346153846153846 0.4281609195402299
0 1.1384615384615384 0.603448275862069 1.1384615384615384 0.6048850574712644 1.1423076923076922 0.6048850574712644 1.1423076923076922 0.603448275862069 1.1384615384615384 0.603448275862069
0 0.5826923076923077 0.39511494252873564 0.5826923076923077 0.39655172413793105 0.5961538461538461 0.39655172413793105 0.5961538461538461 0.39511494252873564 0.5826923076923077 0.39511494252873564
0 0.1076923076923077 0.47988505747126436 0.1076923076923077 0.4813218390804598 0.11730769230769231 0.4813218390804598 0.11730769230769231 0.47988505747126436 0.1076923076923077 0.47988505747126436
0 0.3346153846153846 0.3577586206896552 0.3346153846153846 0.35919540229885055 0.3423076923076923 0.35919540229885055 0.3423076923076923 0.3577586206896552 0.3346153846153846 0.3577586206896552
0 0.4980769230769231 0.6666666666666666 0.4980769230769231 0.6681034482758621 0.5096153846153846 0.6681034482758621 0.5096153846153846 0.6666666666666666 0.4980769230769231 0.6666666666666666
0 0.34615384615384615 0.5675287356321839 0.34615384615384615 0.5689655172413793 0.3557692307692308 0.5689655172413793 0.3557692307692308 0.5675287356321839 0.34615384615384615 0.5675287356321839
0 1.25 0.47988505747126436 1.25 0.4813218390804598 1.2692307692307692 0.4813218390804598 1.2692307692307692 0.47988505747126436 1.25 0.47988505747126436
0 0.1 0.004310344827586207 0.1 0.005747126436781609 0.10576923076923077 0.005747126436781609 0.10576923076923077 0.004310344827586207 0.1 0.004310344827586207
0 0.8692307692307693 0.1752873563218391 0.8692307692307693 0.17672413793103448 0.8769230769230769 0.17672413793103448 0.8769230769230769 0.1752873563218391 0.8692307692307693 0.1752873563218391
0 1.3153846153846154 0.3505747126436782 1.3153846153846154 0.35201149425287354 1.3326923076923076 0.35201149425287354 1.3326923076923076 0.3505747126436782 1.3153846153846154 0.3505747126436782
0 0.9692307692307692 0.28879310344827586 0.9692307692307692 0.29022988505747127 0.9730769230769231 0.29022988505747127 0.9730769230769231 0.28879310344827586 0.9692307692307692 0.28879310344827586
0 0.35384615384615387 0.5962643678160919 0.35384615384615387 0.5977011494252874 0.36538461538461536 0.5977011494252874 0.36538461538461536 0.5962643678160919 0.35384615384615387 0.5962643678160919
0 1.0365384615384616 0.492816091954023 1.0365384615384616 0.4942528735632184 1.0557692307692308 0.4942528735632184 1.0557692307692308 0.492816091954023 1.0365384615384616 0.492816091954023
0 0.31153846153846154 0.3232758620689655 0.31153846153846154 0.32471264367816094 0.3192307692307692 0.32471264367816094 0.3192307692307692 0.3232758620689655 0.31153846153846154 0.3232758620689655
0 0.9826923076923076 0.06321839080459771 0.9826923076923076 0.06465517241379311 0.9980769230769231 0.06465517241379311 0.9980769230769231 0.06321839080459771 0.9826923076923076 0.06321839080459771
0 0.9 0.5244252873563219 0.9 0.5258620689655172 0.9211538461538461 0.5258620689655172 0.9211538461538461 0.5244252873563219 0.9 0.5244252873563219
0 0.8519230769230769 0.5043103448275862 0.8519230769230769 0.5057471264367817 0.8615384615384616 0.5057471264367817 0.8615384615384616 0.5043103448275862 0.8519230769230769 0.5043103448275862
0 0.34807692307692306 0.4899425287356322 0.34807692307692306 0.49137931034482757 0.35384615384615387 0.49137931034482757 0.35384615384615387 0.4899425287356322 0.34807692307692306 0.4899425287356322
0 0.8269230769230769 0.5387931034482759 0.8269230769230769 0.5402298850574713 0.8461538461538461 0.5402298850574713 0.8461538461538461 0.5387931034482759 0.8269230769230769 0.5387931034482759
0 0.25384615384615383 0.6508620689655172 0.25384615384615383 0.6522988505747126 0.2673076923076923 0.6522988505747126 0.2673076923076923 0.6508620689655172 0.25384615384615383 0.6508620689655172
0 0.7961538461538461 0.40660919540229884 0.7961538461538461 0.40804597701149425 0.8115384615384615 0.40804597701149425 0.8115384615384615 0.40660919540229884 0.7961538461538461 0.40660919540229884
0 0.33653846153846156 0.33620689655172414 0.33653846153846156 0.33764367816091956 0.3403846153846154 0.33764367816091956 0.3403846153846154 0.33620689655172414 0.33653846153846156 0.33620689655172414
0 0.33076923076923076 0.2600574712643678 0.33076923076923076 0.2614942528735632 0.3403846153846154 0.2614942528735632 0.3403846153846154 0.2600574712643678 0.33076923076923076 0.2600574712643678
0 0.8211538461538461 0.7341954022988506 0.8211538461538461 0.735632183908046 0.8326923076923077 0.735632183908046 0.8326923076923077 0.7341954022988506 0.8211538461538461 0.7341954022988506
0 0.5365384615384615 0.3031609195402299 0.5365384615384615 0.3045977011494253 0.5461538461538461 0.3045977011494253 0.5461538461538461 0.3031609195402299 0.5365384615384615 0.3031609195402299
0 0.2 0.1853448275862069 0.2 0.1867816091954023 0.2326923076923077 0.1867816091954023 0.2326923076923077 0.1853448275862069 0.2 0.1853448275862069
0 0.3346153846153846 0.3922413793103448 0.3346153846153846 0.3936781609195402 0.34615384615384615 0.3936781609195402 0.34615384615384615 0.3922413793103448 0.3346153846153846 0.3922413793103448
0 0.6615384615384615 0.6091954022988506 0.6615384615384615 0.610632183908046 0.6711538461538461 0.610632183908046 0.6711538461538461 0.6091954022988506 0.6615384615384615 0.6091954022988506
0 1.075 0.6925287356321839 1.075 0.6939655172413793 1.0846153846153845 0.6939655172413793 1.0846153846153845 0.6925287356321839 1.075 0.6925287356321839
0 0.11923076923076924 0.07758620689655173 0.11923076923076924 0.07902298850574713 0.13846153846153847 0.07902298850574713 0.13846153846153847 0.07758620689655173 0.11923076923076924 0.07758620689655173
0 0.20576923076923076 0.13218390804597702 0.20576923076923076 0.1336206896551724 0.225 0.1336206896551724 0.225 0.13218390804597702 0.20576923076923076 0.13218390804597702
0 1.225 0.5747126436781609 1.225 0.5761494252873564 1.2403846153846154 0.5761494252873564 1.2403846153846154 0.5747126436781609 1.225 0.5747126436781609
0 0.8326923076923077 0.25 0.8326923076923077 0.2514367816091954 0.8442307692307692 0.2514367816091954 0.8442307692307692 0.25 0.8326923076923077 0.25
0 0.18653846153846154 0.1206896551724138 0.18653846153846154 0.1221264367816092 0.20384615384615384 0.1221264367816092 0.20384615384615384 0.1206896551724138 0.18653846153846154 0.1206896551724138
0 1.1423076923076922 0.5272988505747126 1.1423076923076922 0.5287356321839081 1.1538461538461537 0.5287356321839081 1.1538461538461537 0.5272988505747126 1.1423076923076922 0.5272988505747126
0 0.8269230769230769 0.3922413793103448 0.8269230769230769 0.3936781609195402 0.8365384615384616 0.3936781609195402 0.8365384615384616 0.3922413793103448 0.8269230769230769 0.3922413793103448
0 0.7653846153846153 0.4540229885057471 0.7653846153846153 0.45545977011494254 0.7769230769230769 0.45545977011494254 0.7769230769230769 0.4540229885057471 0.7653846153846153 0.4540229885057471
0 1.0596153846153846 0.4755747126436782 1.0596153846153846 0.47701149425287354 1.0692307692307692 0.47701149425287354 1.0692307692307692 0.4755747126436782 1.0596153846153846 0.4755747126436782
0 0.36923076923076925 0.3864942528735632 0.36923076923076925 0.3879310344827586 0.38269230769230766 0.3879310344827586 0.38269230769230766 0.3864942528735632 0.36923076923076925 0.3864942528735632
0 0.4096153846153846 0.4339080459770115 0.4096153846153846 0.4353448275862069 0.425 0.4353448275862069 0.425 0.4339080459770115 0.4096153846153846 0.4339080459770115
0 0.6096153846153847 0.4956896551724138 0.6096153846153847 0.49712643678160917 0.6153846153846154 0.49712643678160917 0.6153846153846154 0.4956896551724138 0.6096153846153847 0.4956896551724138
0 0.3903846153846154 0.3074712643678161 0.3903846153846154 0.3089080459770115 0.40384615384615385 0.3089080459770115 0.40384615384615385 0.3074712643678161 0.3903846153846154 0.3074712643678161
0 0.0673076923076923 0.4985632183908046 0.0673076923076923 0.5 0.10576923076923077 0.5 0.10576923076923077 0.4985632183908046 0.0673076923076923 0.4985632183908046
0 0.23076923076923078 0.4224137931034483 0.23076923076923078 0.4238505747126437 0.24615384615384617 0.4238505747126437 0.24615384615384617 0.4224137931034483 0.23076923076923078 0.4224137931034483
0 0.7442307692307693 0.1853448275862069 0.7442307692307693 0.1867816091954023 0.7538461538461538 0.1867816091954023 0.7538461538461538 0.1853448275862069 0.7442307692307693 0.1853448275862069
0 0.225 0.6752873563218391 0.225 0.6767241379310345 0.23846153846153847 0.6767241379310345 0.23846153846153847 0.6752873563218391 0.225 0.6752873563218391
0 1.2192307692307693 0.6997126436781609 1.2192307692307693 0.7011494252873564 1.2326923076923078 0.7011494252873564 1.2326923076923078 0.6997126436781609 1.2192307692307693 0.6997126436781609
0 0.7288461538461538 0.22844827586206898 0.7288461538461538 0.22988505747126436 0.7423076923076923 0.22988505747126436 0.7423076923076923 0.22844827586206898 0.7288461538461538 0.22844827586206898
0 0.5884615384615385 0.5387931034482759 0.5884615384615385 0.5402298850574713 0.5980769230769231 0.5402298850574713 0.5980769230769231 0.5387931034482759 0.5884615384615385 0.5387931034482759
0 0.15576923076923077 0.27298850574712646 0.15576923076923077 0.2744252873563218 0.175 0.2744252873563218 0.175 0.27298850574712646 0.15576923076923077 0.27298850574712646
0 0.07115384615384615 0.24568965517241378 0.07115384615384615 0.2471264367816092 0.08846153846153847 0.2471264367816092 0.08846153846153847 0.24568965517241378 0.07115384615384615 0.24568965517241378
0 0.5403846153846154 0.742816091954023 0.5403846153846154 0.7442528735632183 0.5557692307692308 0.7442528735632183 0.5557692307692308 0.742816091954023 0.5403846153846154 0.742816091954023
0 0.40576923076923077 0.05747126436781609 0.40576923076923077 0.05890804597701149 0.41923076923076924 0.05890804597701149 0.41923076923076924 0.05747126436781609 0.40576923076923077 0.05747126436781609
0 0.3192307692307692 0.44396551724137934 0.3192307692307692 0.4454022988505747 0.34423076923076923 0.4454022988505747 0.34423076923076923 0.44396551724137934 0.3192307692307692 0.44396551724137934
0 0.5961538461538461 0.6192528735632183 0.5961538461538461 0.6206896551724138 0.6096153846153847 0.6206896551724138 0.6096153846153847 0.6192528735632183 0.5961538461538461 0.6192528735632183
0 0.07692307692307693 0.6293103448275862 0.07692307692307693 0.6307471264367817 0.08653846153846154 0.6307471264367817 0.08653846153846154 0.6293103448275862 0.07692307692307693 0.6293103448275862
0 0.698076923076923 0.14655172413793102 0.698076923076923 0.14798850574712644 0.7057692307692308 0.14798850574712644 0.7057692307692308 0.14655172413793102 0.698076923076923 0.14655172413793102
0 0.3596153846153846 0.6752873563218391 0.3596153846153846 0.6767241379310345 0.37115384615384617 0.6767241379310345 0.37115384615384617 0.6752873563218391 0.3596153846153846 0.6752873563218391
0 0.1076923076923077 0.4827586206896552 0.1076923076923077 0.48419540229885055 0.11538461538461539 0.48419540229885055 0.11538461538461539 0.4827586206896552 0.1076923076923077 0.4827586206896552
0 1.1115384615384616 0.3922413793103448 1.1115384615384616 0.3936781609195402 1.123076923076923 0.3936781609195402 1.123076923076923 0.3922413793103448 1.1115384615384616 0.3922413793103448
0 0.6480769230769231 0.514367816091954 0.6480769230769231 0.5158045977011494 0.6596153846153846 0.5158045977011494 0.6596153846153846 0.514367816091954 0.6480769230769231 0.514367816091954
0 0.019230769230769232 0.16666666666666666 0.019230769230769232 0.16810344827586207 0.028846153846153848 0.16810344827586207 0.028846153846153848 0.16666666666666666 0.019230769230769232 0.16666666666666666
0 1.148076923076923 0.6551724137931034 1.148076923076923 0.6566091954022989 1.1557692307692307 0.6566091954022989 1.1557692307692307 0.6551724137931034 1.148076923076923 0.6551724137931034
0 0.6480769230769231 0.0 0.6480769230769231 0.0014367816091954023 0.675 0.0014367816091954023 0.675 0.0 0.6480769230769231 0.0
0 1.273076923076923 0.14942528735632185 1.273076923076923 0.15086206896551724 1.2769230769230768 0.15086206896551724 1.2769230769230768 0.14942528735632185 1.273076923076923 0.14942528735632185
0 1.1423076923076922 0.21982758620689655 1.1423076923076922 0.22126436781609196 1.15 0.22126436781609196 1.15 0.21982758620689655 1.1423076923076922 0.21982758620689655
0 0.9788461538461538 0.0 0.9788461538461538 0.0014367816091954023 1.0 0.0014367816091954023 1.0 0.0 0.9788461538461538 0.0
0 0.5769230769230769 0.2514367816091954 0.5769230769230769 0.25287356321839083 0.5961538461538461 0.25287356321839083 0.5961538461538461 0.2514367816091954 0.5769230769230769 0.2514367816091954
0 0.8653846153846154 0.21551724137931033 0.8653846153846154 0.21695402298850575 0.8846153846153846 0.21695402298850575 0.8846153846153846 0.21551724137931033 0.8653846153846154 0.21551724137931033
0 0.8346153846153846 0.4755747126436782 0.8346153846153846 0.47701149425287354 0.8442307692307692 0.47701149425287354 0.8442307692307692 0.4755747126436782 0.8346153846153846 0.4755747126436782
0 0.075 0.03735632183908046 0.075 0.03879310344827586 0.08846153846153847 0.03879310344827586 0.08846153846153847 0.03735632183908046 0.075 0.03735632183908046
0 0.8557692307692307 0.6149425287356322 0.8557692307692307 0.6163793103448276 0.8711538461538462 0.6163793103448276 0.8711538461538462 0.6149425287356322 0.8557692307692307 0.6149425287356322
0 0.38653846153846155 0.6724137931034483 0.38653846153846155 0.6738505747126436 0.4096153846153846 0.6738505747126436 0.4096153846153846 0.6724137931034483 0.38653846153846155 0.6724137931034483
0 1.123076923076923 0.6005747126436781 1.123076923076923 0.6020114942528736 1.1288461538461538 0.6020114942528736 1.1288461538461538 0.6005747126436781 1.123076923076923 0.6005747126436781
0 0.09423076923076923 0.4813218390804598 0.09423076923076923 0.4827586206896552 0.10576923076923077 0.4827586206896552 0.10576923076923077 0.4813218390804598 0.09423076923076923 0.4813218390804598
0 0.275 0.26436781609195403 0.275 0.26580459770114945 0.29423076923076924 0.26580459770114945 0.29423076923076924 0.26436781609195403 0.275 0.26436781609195403
0 1.1326923076923077 0.6910919540229885 1.1326923076923077 0.6925287356321839 1.1442307692307692 0.6925287356321839 1.1442307692307692 0.6910919540229885 1.1326923076923077 0.6910919540229885
0 1.2230769230769232 0.6853448275862069 1.2230769230769232 0.6867816091954023 1.2326923076923078 0.6867816091954023 1.2326923076923078 0.6853448275862069 1.2230769230769232 0.6853448275862069
0 0.1 0.7341954022988506 0.1 0.735632183908046 0.12884615384615383 0.735632183908046 0.12884615384615383 0.7341954022988506 0.1 0.7341954022988506
0 0.8192307692307692 0.39511494252873564 0.8192307692307692 0.39655172413793105 0.8326923076923077 0.39655172413793105 0.8326923076923077 0.39511494252873564 0.8192307692307692 0.39511494252873564
0 0.7384615384615385 0.5172413793103449 0.7384615384615385 0.5186781609195402 0.75 0.5186781609195402 0.75 0.5172413793103449 0.7384615384615385 0.5172413793103449
0 0.8288461538461539 0.625 0.8288461538461539 0.6264367816091954 0.8442307692307692 0.6264367816091954 0.8442307692307692 0.625 0.8288461538461539 0.625
0 1.1730769230769231 0.04454022988505747 1.1730769230769231 0.04597701149425287 1.2019230769230769 0.04597701149425287 1.2019230769230769 0.04454022988505747 1.1730769230769231 0.04454022988505747
0 0.425 0.3577586206896552 0.425 0.35919540229885055 0.4403846153846154 0.35919540229885055 0.4403846153846154 0.3577586206896552 0.425 0.3577586206896552
0 0.9519230769230769 0.035919540229885055 0.9519230769230769 0.03735632183908046 0.9634615384615385 0.03735632183908046 0.9634615384615385 0.035919540229885055 0.9519230769230769 0.035919540229885055
0 0.27692307692307694 0.257183908045977 0.27692307692307694 0.25862068965517243 0.28076923076923077 0.25862068965517243 0.28076923076923077 0.257183908045977 0.27692307692307694 0.257183908045977
0 1.2692307692307692 0.4885057471264368 1.2692307692307692 0.4899425287356322 1.2807692307692307 0.4899425287356322 1.2807692307692307 0.4885057471264368 1.2692307692307692 0.4885057471264368
0 0.075 0.10488505747126436 0.075 0.10632183908045977 0.09230769230769231 0.10632183908045977 0.09230769230769231 0.10488505747126436 0.075 0.10488505747126436
0 0.5038461538461538 0.3577586206896552 0.5038461538461538 0.35919540229885055 0.5173076923076924 0.35919540229885055 0.5173076923076924 0.3577586206896552 0.5038461538461538 0.3577586206896552
0 1.3153846153846154 0.5948275862068966 1.3153846153846154 0.5962643678160919 1.3326923076923076 0.5962643678160919 1.3326923076923076 0.5948275862068966 1.3153846153846154 0.5948275862068966
0 1.2538461538461538 0.5818965517241379 1.2538461538461538 0.5833333333333334 1.2788461538461537 0.5833333333333334 1.2788461538461537 0.5818965517241379 1.2538461538461538 0.5818965517241379
0 0.9942307692307693 0.07471264367816093 0.9942307692307693 0.07614942528735633 1.0115384615384615 0.07614942528735633 1.0115384615384615 0.07471264367816093 0.9942307692307693 0.07471264367816093
0 1.0826923076923076 0.7097701149425287 1.0826923076923076 0.7112068965517241 1.0961538461538463 0.7112068965517241 1.0961538461538463 0.7097701149425287 1.0826923076923076 0.7097701149425287
0 0.0019230769230769232 0.6695402298850575 0.0019230769230769232 0.6709770114942529 0.015384615384615385 0.6709770114942529 0.015384615384615385 0.6695402298850575 0.0019230769230769232 0.6695402298850575
0 0.7519230769230769 0.5890804597701149 0.7519230769230769 0.5905172413793104 0.775 0.5905172413793104 0.775 0.5890804597701149 0.7519230769230769 0.5890804597701149
0 0.5211538461538462 0.4755747126436782 0.5211538461538462 0.47701149425287354 0.5423076923076923 0.47701149425287354 0.5423076923076923 0.4755747126436782 0.5211538461538462 0.4755747126436782
0 0.8615384615384616 0.5086206896551724 0.8615384615384616 0.5100574712643678 0.8730769230769231 0.5100574712643678 0.8730769230769231 0.5086206896551724 0.8615384615384616 0.5086206896551724
0 0.1076923076923077 0.06321839080459771 0.1076923076923077 0.06465517241379311 0.11346153846153846 0.06465517241379311 0.11346153846153846 0.06321839080459771 0.1076923076923077 0.06321839080459771
0 0.7269230769230769 0.6235632183908046 0.7269230769230769 0.625 0.7423076923076923 0.625 0.7423076923076923 0.6235632183908046 0.7269230769230769 0.6235632183908046
0 0.013461538461538462 0.5186781609195402 0.013461538461538462 0.5201149425287356 0.025 0.5201149425287356 0.025 0.5186781609195402 0.013461538461538462 0.5186781609195402
0 1.2576923076923077 0.4410919540229885 1.2576923076923077 0.4425287356321839 1.2692307692307692 0.4425287356321839 1.2692307692307692 0.4410919540229885 1.2576923076923077 0.4410919540229885
0 0.04230769230769231 0.2744252873563218 0.04230769230769231 0.27586206896551724 0.05 0.27586206896551724 0.05 0.2744252873563218 0.04230769230769231 0.2744252873563218
0 0.2673076923076923 0.5531609195402298 0.2673076923076923 0.5545977011494253 0.28076923076923077 0.5545977011494253 0.28076923076923077 0.5531609195402298 0.2673076923076923 0.5531609195402298
0 0.03076923076923077 0.7112068965517241 0.03076923076923077 0.7126436781609196 0.038461538461538464 0.7126436781609196 0.038461538461538464 0.7112068965517241 0.03076923076923077 0.7112068965517241
0 0.7730769230769231 0.6120689655172413 0.7730769230769231 0.6135057471264368 0.8 0.6135057471264368 0.8 0.6120689655172413 0.7730769230769231 0.6120689655172413
0 1.023076923076923 0.23275862068965517 1.023076923076923 0.23419540229885058 1.05 0.23419540229885058 1.05 0.23275862068965517 1.023076923076923 0.23275862068965517
0 0.7211538461538461 0.4267241379310345 0.7211538461538461 0.4281609195402299 0.7269230769230769 0.4281609195402299 0.7269230769230769 0.4267241379310345 0.7211538461538461 0.4267241379310345
0 1.2365384615384616 0.22557471264367815 1.2365384615384616 0.22701149425287356 1.2461538461538462 0.22701149425287356 1.2461538461538462 0.22557471264367815 1.2365384615384616 0.22557471264367815
0 0.5384615384615384 0.4238505747126437 0.5384615384615384 0.42528735632183906 0.5461538461538461 0.42528735632183906 0.5461538461538461 0.4238505747126437 0.5384615384615384 0.4238505747126437
0 0.011538461538461539 0.1824712643678161 0.011538461538461539 0.1839080459770115 0.015384615384615385 0.1839080459770115 0.015384615384615385 0.1824712643678161 0.011538461538461539 0.1824712643678161
0 0.6961538461538461 0.15804597701149425 0.6961538461538461 0.15948275862068967 0.7096153846153846 0.15948275862068967 0.7096153846153846 0.15804597701149425 0.6961538461538461 0.15804597701149425
0 0.8461538461538461 0.2959770114942529 0.8461538461538461 0.2974137931034483 0.8730769230769231 0.2974137931034483 0.8730769230769231 0.2959770114942529 0.8461538461538461 0.2959770114942529
0 0.8596153846153847 0.4885057471264368 0.8596153846153847 0.4899425287356322 0.8711538461538462 0.4899425287356322 0.8711538461538462 0.4885057471264368 0.8596153846153847 0.4885057471264368