0 0.6057692307692307 0.16666666666666666 0.6057692307692307 0.16810344827586207 0.6211538461538462 0.16810344827586207 0.6211538461538462 0.16666666666666666 0.6057692307692307 0.16666666666666666
0 0.3403846153846154 0.7169540229885057 0.3403846153846154 0.7183908045977011 0.35 0.7183908045977011 0.35 0.7169540229885057 0.3403846153846154 0.7169540229885057
0 1.0346153846153847 0.2629310344827586 1.0346153846153847 0.26436781609195403 1.05 0.26436781609195403 1.05 0.2629310344827586 1.0346153846153847 0.2629310344827586
0 0.8884615384615384 0.28735632183908044 0.8884615384615384 0.28879310344827586 0.8923076923076924 0.28879310344827586 0.8923076923076924 0.28735632183908044 0.8884615384615384 0.28735632183908044
0 0.019230769230769232 0.6925287356321839 0.019230769230769232 0.6939655172413793 0.03076923076923077 0.6939655172413793 0.03076923076923077 0.6925287356321839 0.019230769230769232 0.6925287356321839
0 0.40192307692307694 0.031609195402298854 0.40192307692307694 0.033045977011494254 0.4096153846153846 0.033045977011494254 0.4096153846153846 0.031609195402298854 0.40192307692307694 0.031609195402298854
0 0.9307692307692308 0.6206896551724138 0.9307692307692308 0.6221264367816092 0.9519230769230769 0.6221264367816092 0.9519230769230769 0.6206896551724138 0.9307692307692308 0.6206896551724138
0 0.49423076923076925 0.0 0.49423076923076925 0.0014367816091954023 0.5326923076923077 0.0014367816091954023 0.5326923076923077 0.0 0.49423076923076925 0.0
0 0.07307692307692308 0.6566091954022989 0.07307692307692308 0.6580459770114943 0.08076923076923077 0.6580459770114943 0.08076923076923077 0.6566091954022989 0.07307692307692308 0.6566091954022989
0 0.14615384615384616 0.6077586206896551 0.14615384615384616 0.6091954022988506 0.1519230769230769 0.6091954022988506 0.1519230769230769 0.6077586206896551 0.14615384615384616 0.6077586206896551
0 0.05384615384615385 0.0 0.05384615384615385 0.0014367816091954023 0.09615384615384616 0.0014367816091954023 0.09615384615384616 0.0 0.05384615384615385 0.0
0 0.13653846153846153 0.5919540229885057 0.13653846153846153 0.5933908045977011 0.13846153846153847 0.5933908045977011 0.13846153846153847 0.5919540229885057 0.13653846153846153 0.5919540229885057
0 1.1615384615384616 0.2614942528735632 1.1615384615384616 0.2629310344827586 1.176923076923077 0.2629310344827586 1.176923076923077 0.2614942528735632 1.1615384615384616 0.2614942528735632
0 0.8615384615384616 0.041666666666666664 0.8615384615384616 0.04310344827586207 0.8711538461538462 0.04310344827586207 0.8711538461538462 0.041666666666666664 0.8615384615384616 0.041666666666666664
0 1.1288461538461538 0.3936781609195402 1.1288461538461538 0.39511494252873564 1.1403846153846153 0.39511494252873564 1.1403846153846153 0.3936781609195402 1.1288461538461538 0.3936781609195402
0 0.13653846153846153 0.3117816091954023 0.13653846153846153 0.3132183908045977 0.1423076923076923 0.3132183908045977 0.1423076923076923 0.3117816091954023 0.13653846153846153 0.3117816091954023
0 0.4519230769230769 0.22270114942528735 0.4519230769230769 0.22413793103448276 0.4653846153846154 0.22413793103448276 0.4653846153846154 0.22270114942528735 0.4519230769230769 0.22270114942528735
0 1.176923076923077 0.5962643678160919 1.176923076923077 0.5977011494252874 1.1826923076923077 0.5977011494252874 1.1826923076923077 0.5962643678160919 1.176923076923077 0.5962643678160919
0 1.0826923076923076 0.5876436781609196 1.0826923076923076 0.5890804597701149 1.0942307692307693 0.5890804597701149 1.0942307692307693 0.5876436781609196 1.0826923076923076 0.5876436781609196
0 0.2692307692307692 0.6063218390804598 0.2692307692307692 0.6077586206896551 0.275 0.6077586206896551 0.275 0.6063218390804598 0.2692307692307692 0.6063218390804598
0 1.2923076923076924 0.2557471264367816 1.2923076923076924 0.257183908045977 1.2961538461538462 0.257183908045977 1.2961538461538462 0.2557471264367816 1.2923076923076924 0.2557471264367816
0 1.2096153846153845 0.6867816091954023 1.2096153846153845 0.6882183908045977 1.2153846153846153 0.6882183908045977 1.2153846153846153 0.6867816091954023 1.2096153846153845 0.6867816091954023
0 0.5865384615384616 0.5589080459770115 0.5865384615384616 0.5603448275862069 0.6038461538461538 0.5603448275862069 0.6038461538461538 0.5589080459770115 0.5865384615384616 0.5589080459770115
0 0.8153846153846154 0.3706896551724138 0.8153846153846154 0.37212643678160917 0.8365384615384616 0.37212643678160917 0.8365384615384616 0.3706896551724138 0.8153846153846154 0.3706896551724138
0 0.6576923076923077 0.26580459770114945 0.6576923076923077 0.2672413793103448 0.6711538461538461 0.2672413793103448 0.6711538461538461 0.26580459770114945 0.6576923076923077 0.26580459770114945
0 1.0403846153846155 0.6681034482758621 1.0403846153846155 0.6695402298850575 1.0557692307692308 0.6695402298850575 1.0557692307692308 0.6681034482758621 1.0403846153846155 0.6681034482758621
0 0.36153846153846153 0.6135057471264368 0.36153846153846153 0.6149425287356322 0.38269230769230766 0.6149425287356322 0.38269230769230766 0.6135057471264368 0.36153846153846153 0.6135057471264368
0 0.032692307692307694 0.6221264367816092 0.032692307692307694 0.6235632183908046 0.04038461538461539 0.6235632183908046 0.04038461538461539 0.6221264367816092 0.032692307692307694 0.6221264367816092
0 1.1346153846153846 0.7068965517241379 1.1346153846153846 0.7083333333333334 1.146153846153846 0.7083333333333334 1.146153846153846 0.7068965517241379 1.1346153846153846 0.7068965517241379
0 1.0115384615384615 0.514367816091954 1.0115384615384615 0.5158045977011494 1.0269230769230768 0.5158045977011494 1.0269230769230768 0.514367816091954 1.0115384615384615 0.514367816091954
0 0.05576923076923077 0.3864942528735632 0.05576923076923077 0.3879310344827586 0.057692307692307696 0.3879310344827586 0.057692307692307696 0.3864942528735632 0.05576923076923077 0.3864942528735632
0 0.2653846153846154 0.5962643678160919 0.2653846153846154 0.5977011494252874 0.2692307692307692 0.5977011494252874 0.2692307692307692 0.5962643678160919 0.2653846153846154 0.5962643678160919
0 1.1961538461538461 0.6724137931034483 1.1961538461538461 0.6738505747126436 1.2096153846153845 0.6738505747126436 1.2096153846153845 0.6724137931034483 1.1961538461538461 0.6724137931034483
0 0.9519230769230769 0.19540229885057472 0.9519230769230769 0.1968390804597701 0.9634615384615385 0.1968390804597701 0.9634615384615385 0.19540229885057472 0.9519230769230769 0.19540229885057472
0 1.1846153846153846 0.22844827586206898 1.1846153846153846 0.22988505747126436 1.1884615384615385 0.22988505747126436 1.1884615384615385 0.22844827586206898 1.1846153846153846 0.22844827586206898
0 0.9192307692307692 0.5962643678160919 0.9192307692307692 0.5977011494252874 0.9288461538461539 0.5977011494252874 0.9288461538461539 0.5962643678160919 0.9192307692307692 0.5962643678160919
0 0.7057692307692308 0.5704022988505747 0.7057692307692308 0.5718390804597702 0.7134615384615385 0.5718390804597702 0.7134615384615385 0.5704022988505747 0.7057692307692308 0.5704022988505747
0 0.17884615384615385 0.05890804597701149 0.17884615384615385 0.0603448275862069 0.2 0.0603448275862069 0.2 0.05890804597701149 0.17884615384615385 0.05890804597701149
0 0.5923076923076923 0.1867816091954023 0.5923076923076923 0.1882183908045977 0.6 0.1882183908045977 0.6 0.1867816091954023 0.5923076923076923 0.1867816091954023
0 1.3 0.3448275862068966 1.3 0.34626436781609193 1.3057692307692308 0.34626436781609193 1.3057692307692308 0.3448275862068966 1.3 0.3448275862068966
0 0.49423076923076925 0.3117816091954023 0.49423076923076925 0.3132183908045977 0.5173076923076924 0.3132183908045977 0.5173076923076924 0.3117816091954023 0.49423076923076925 0.3117816091954023
0 0.31153846153846154 0.7054597701149425 0.31153846153846154 0.7068965517241379 0.3211538461538462 0.7068965517241379 0.3211538461538462 0.7054597701149425 0.31153846153846154 0.7054597701149425
0 0.6730769230769231 0.0 0.6730769230769231 0.0014367816091954023 0.7134615384615385 0.0014367816091954023 0.7134615384615385 0.0 0.6730769230769231 0.0
0 1.2153846153846153 0.37787356321839083 1.2153846153846153 0.3793103448275862 1.226923076923077 0.3793103448275862 1.226923076923077 0.37787356321839083 1.2153846153846153 0.37787356321839083
0 1.0807692307692307 0.6824712643678161 1.0807692307692307 0.6839080459770115 1.0961538461538463 0.6839080459770115 1.0961538461538463 0.6824712643678161 1.0807692307692307 0.6824712643678161
0 1.3211538461538461 0.6695402298850575 1.3211538461538461 0.6709770114942529 1.3346153846153845 0.6709770114942529 1.3346153846153845 0.6695402298850575 1.3211538461538461 0.6695402298850575
0 0.3038461538461538 0.0 0.3038461538461538 0.0014367816091954023 0.3326923076923077 0.0014367816091954023 0.3326923076923077 0.0 0.3038461538461538 0.0
0 0.7653846153846153 0.04597701149425287 0.7653846153846153 0.04741379310344827 0.7788461538461539 0.04741379310344827 0.7788461538461539 0.04597701149425287 0.7653846153846153 0.04597701149425287
0 0.051923076923076926 0.1882183908045977 0.051923076923076926 0.1896551724137931 0.05961538461538462 0.1896551724137931 0.05961538461538462 0.1882183908045977 0.051923076923076926 0.1882183908045977
0 1.1692307692307693 0.11063218390804598 1.1692307692307693 0.11206896551724138 1.1788461538461539 0.11206896551724138 1.1788461538461539 0.11063218390804598 1.1692307692307693 0.11063218390804598
0 0.10961538461538461 0.4640804597701149 0.10961538461538461 0.46551724137931033 0.11346153846153846 0.46551724137931033 0.11346153846153846 0.4640804597701149 0.10961538461538461 0.4640804597701149
0 0.8769230769230769 0.5387931034482759 0.8769230769230769 0.5402298850574713 0.8923076923076924 0.5402298850574713 0.8923076923076924 0.5387931034482759 0.8769230769230769 0.5387931034482759
0 0.0057692307692307696 0.07327586206896551 0.0057692307692307696 0.07471264367816093 0.009615384615384616 0.07471264367816093 0.009615384615384616 0.07327586206896551 0.0057692307692307696 0.07327586206896551
0 1.1576923076923078 0.14080459770114942 1.1576923076923078 0.14224137931034483 1.1711538461538462 0.14224137931034483 1.1711538461538462 0.14080459770114942 1.1576923076923078 0.14080459770114942
0 0.4307692307692308 0.25287356321839083 0.4307692307692308 0.2543103448275862 0.4461538461538462 0.2543103448275862 0.4461538461538462 0.25287356321839083 0.4307692307692308 0.25287356321839083
0 0.9115384615384615 0.5632183908045977 0.9115384615384615 0.5646551724137931 0.9288461538461539 0.5646551724137931 0.9288461538461539 0.5632183908045977 0.9115384615384615 0.5632183908045977
0 0.1076923076923077 0.6896551724137931 0.1076923076923077 0.6910919540229885 0.11923076923076924 0.6910919540229885 0.11923076923076924 0.6896551724137931 0.1076923076923077 0.6896551724137931
0 0.9019230769230769 0.17097701149425287 0.9019230769230769 0.1724137931034483 0.9230769230769231 0.1724137931034483 0.9230769230769231 0.17097701149425287 0.9019230769230769 0.17097701149425287
0 0.10576923076923077 0.4956896551724138 0.10576923076923077 0.49712643678160917 0.12307692307692308 0.49712643678160917 0.12307692307692308 0.4956896551724138 0.10576923076923077 0.4956896551724138
0 0.7826923076923077 0.735632183908046 0.7826923076923077 0.7370689655172413 0.7980769230769231 0.7370689655172413 0.7980769230769231 0.735632183908046 0.7826923076923077 0.735632183908046
0 0.5769230769230769 0.625 0.5769230769230769 0.6264367816091954 0.5884615384615385 0.6264367816091954 0.5884615384615385 0.625 0.5769230769230769 0.625
0 0.9442307692307692 0.035919540229885055 0.9442307692307692 0.03735632183908046 0.9596153846153846 0.03735632183908046 0.9596153846153846 0.035919540229885055 0.9442307692307692 0.035919540229885055
0 1.1423076923076922 0.6882183908045977 1.1423076923076922 0.6896551724137931 1.1615384615384616 0.6896551724137931 1.1615384615384616 0.6882183908045977 1.1423076923076922 0.6882183908045977
0 0.3384615384615385 0.6896551724137931 0.3384615384615385 0.6910919540229885 0.35384615384615387 0.6910919540229885 0.35384615384615387 0.6896551724137931 0.3384615384615385 0.6896551724137931
0 0.2692307692307692 0.15373563218390804 0.2692307692307692 0.15517241379310345 0.27884615384615385 0.15517241379310345 0.27884615384615385 0.15373563218390804 0.2692307692307692 0.15373563218390804
0 1.1115384615384616 0.22557471264367815 1.1115384615384616 0.22701149425287356 1.1192307692307693 0.22701149425287356 1.1192307692307693 0.22557471264367815 1.1115384615384616 0.22557471264367815
0 0.8634615384615385 0.5129310344827587 0.8634615384615385 0.514367816091954 0.8788461538461538 0.514367816091954 0.8788461538461538 0.5129310344827587 0.8634615384615385 0.5129310344827587
0 1.0192307692307692 0.08189655172413793 1.0192307692307692 0.08333333333333333 1.023076923076923 0.08333333333333333 1.023076923076923 0.08189655172413793 1.0192307692307692 0.08189655172413793
0 0.19807692307692307 0.39655172413793105 0.19807692307692307 0.39798850574712646 0.20192307692307693 0.39798850574712646 0.20192307692307693 0.39655172413793105 0.19807692307692307 0.39655172413793105
0 0.27307692307692305 0.13649425287356323 0.27307692307692305 0.13793103448275862 0.2865384615384615 0.13793103448275862 0.2865384615384615 0.13649425287356323 0.27307692307692305 0.13649425287356323
0 0.2826923076923077 0.39511494252873564 0.2826923076923077 0.39655172413793105 0.2865384615384615 0.39655172413793105 0.2865384615384615 0.39511494252873564 0.2826923076923077 0.39511494252873564
0 1.1153846153846154 0.33620689655172414 1.1153846153846154 0.33764367816091956 1.1346153846153846 0.33764367816091956 1.1346153846153846 0.33620689655172414 1.1153846153846154 0.33620689655172414
0 0.7211538461538461 0.2025862068965517 0.7211538461538461 0.20402298850574713 0.7346153846153847 0.20402298850574713 0.7346153846153847 0.2025862068965517 0.7211538461538461 0.2025862068965517
0 0.38076923076923075 0.1839080459770115 0.38076923076923075 0.1853448275862069 0.40192307692307694 0.1853448275862069 0.40192307692307694 0.1839080459770115 0.38076923076923075 0.1839080459770115
0 0.16923076923076924 0.20977011494252873 0.16923076923076924 0.21120689655172414 0.175 0.21120689655172414 0.175 0.20977011494252873 0.16923076923076924 0.20977011494252873
0 0.926923076923077 0.5158045977011494 0.926923076923077 0.5172413793103449 0.9365384615384615 0.5172413793103449 0.9365384615384615 0.5158045977011494 0.926923076923077 0.5158045977011494
0 1.2769230769230768 0.5229885057471264 1.2769230769230768 0.5244252873563219 1.2884615384615385 0.5244252873563219 1.2884615384615385 0.5229885057471264 1.2769230769230768 0.5229885057471264
0 0.7788461538461539 0.45977011494252873 0.7788461538461539 0.46120689655172414 0.8057692307692308 0.46120689655172414 0.8057692307692308 0.45977011494252873 0.7788461538461539 0.45977011494252873
0 0.8288461538461539 0.0 0.8288461538461539 0.0014367816091954023 0.8711538461538462 0.0014367816091954023 0.8711538461538462 0.0 0.8288461538461539 0.0
0 0.08846153846153847 0.6810344827586207 0.08846153846153847 0.6824712643678161 0.10192307692307692 0.6824712643678161 0.10192307692307692 0.6810344827586207 0.08846153846153847 0.6810344827586207
0 0.8807692307692307 0.2614942528735632 0.8807692307692307 0.2629310344827586 0.8980769230769231 0.2629310344827586 0.8980769230769231 0.2614942528735632 0.8807692307692307 0.2614942528735632
0 1.3 0.22844827586206898 1.3 0.22988505747126436 1.3057692307692308 0.22988505747126436 1.3057692307692308 0.22844827586206898 1.3 0.22844827586206898
0 0.6288461538461538 0.6853448275862069 0.6288461538461538 0.6867816091954023 0.6423076923076924 0.6867816091954023 0.6423076923076924 0.6853448275862069 0.6288461538461538 0.6853448275862069
0 0.6788461538461539 0.14798850574712644 0.6788461538461539 0.14942528735632185 0.6923076923076923 0.14942528735632185 0.6923076923076923 0.14798850574712644 0.6788461538461539 0.14798850574712644
0 0.3 0.4051724137931034 0.3 0.40660919540229884 0.3076923076923077 0.40660919540229884 0.3076923076923077 0.4051724137931034 0.3 0.4051724137931034
0 1.1423076923076922 0.1336206896551724 1.1423076923076922 0.13505747126436782 1.1538461538461537 0.13505747126436782 1.1538461538461537 0.1336206896551724 1.1423076923076922 0.1336206896551724
0 0.4076923076923077 0.5373563218390804 0.4076923076923077 0.5387931034482759 0.4153846153846154 0.5387931034482759 0.4153846153846154 0.5373563218390804 0.4076923076923077 0.5373563218390804
0 0.5057692307692307 0.11063218390804598 0.5057692307692307 0.11206896551724138 0.5211538461538462 0.11206896551724138 0.5211538461538462 0.11063218390804598 0.5057692307692307 0.11063218390804598
0 1.176923076923077 0.40373563218390807 1.176923076923077 0.4051724137931034 1.1923076923076923 0.4051724137931034 1.1923076923076923 0.40373563218390807 1.176923076923077 0.40373563218390807
0 1.2557692307692307 0.21264367816091953 1.2557692307692307 0.21408045977011494 1.2615384615384615 0.21408045977011494 1.2615384615384615 0.21264367816091953 1.2557692307692307 0.21264367816091953
0 0.011538461538461539 0.6135057471264368 0.011538461538461539 0.6149425287356322 0.023076923076923078 0.6149425287356322 0.023076923076923078 0.6135057471264368 0.011538461538461539 0.6135057471264368
0 0.8673076923076923 0.5646551724137931 0.8673076923076923 0.5660919540229885 0.8826923076923077 0.5660919540229885 0.8826923076923077 0.5646551724137931 0.8673076923076923 0.5646551724137931
0 0.5807692307692308 0.7385057471264368 0.5807692307692308 0.7399425287356322 0.5903846153846154 0.7399425287356322 0.5903846153846154 0.7385057471264368 0.5807692307692308 0.7385057471264368
0 0.26346153846153847 0.020114942528735632 0.26346153846153847 0.021551724137931036 0.2673076923076923 0.021551724137931036 0.2673076923076923 0.020114942528735632 0.26346153846153847 0.020114942528735632
0 0.9115384615384615 0.21120689655172414 0.9115384615384615 0.21264367816091953 0.926923076923077 0.21264367816091953 0.926923076923077 0.21120689655172414 0.9115384615384615 0.21120689655172414
0 0.2153846153846154 0.40660919540229884 0.2153846153846154 0.40804597701149425 0.22884615384615384 0.40804597701149425 0.22884615384615384 0.40660919540229884 0.2153846153846154 0.40660919540229884
0 1.1807692307692308 0.17672413793103448 1.1807692307692308 0.1781609195402299 1.1923076923076923 0.1781609195402299 1.1923076923076923 0.17672413793103448 1.1807692307692308 0.17672413793103448
0 0.009615384615384616 0.22413793103448276 0.009615384615384616 0.22557471264367815 0.013461538461538462 0.22557471264367815 0.013461538461538462 0.22413793103448276 0.009615384615384616 0.22413793103448276
0 0.10961538461538461 0.7169540229885057 0.10961538461538461 0.7183908045977011 0.11538461538461539 0.7183908045977011 0.11538461538461539 0.7169540229885057 0.10961538461538461 0.7169540229885057
0 0.8115384615384615 0.33189655172413796 0.8115384615384615 0.3333333333333333 0.8153846153846154 0.3333333333333333 0.8153846153846154 0.33189655172413796 0.8115384615384615 0.33189655172413796
0 1.251923076923077 0.7370689655172413 1.251923076923077 0.7385057471264368 1.2634615384615384 0.7385057471264368 1.2634615384615384 0.7370689655172413 1.251923076923077 0.7370689655172413
0 1.075 0.3505747126436782 1.075 0.35201149425287354 1.0865384615384615 0.35201149425287354 1.0865384615384615 0.3505747126436782 1.075 0.3505747126436782
0 0.9730769230769231 0.0 0.9730769230769231 0.0014367816091954023 1.0 0.0014367816091954023 1.0 0.0 0.9730769230769231 0.0
0 1.0807692307692307 0.3017241379310345 1.0807692307692307 0.3031609195402299 1.0961538461538463 0.3031609195402299 1.0961538461538463 0.3017241379310345 1.0807692307692307 0.3017241379310345
0 1.275 0.24856321839080459 1.275 0.25 1.2884615384615385 0.25 1.2884615384615385 0.24856321839080459 1.275 0.24856321839080459
0 1.0384615384615385 0.38362068965517243 1.0384615384615385 0.3850574712643678 1.0423076923076924 0.3850574712643678 1.0423076923076924 0.38362068965517243 1.0384615384615385 0.38362068965517243
0 1.301923076923077 0.25287356321839083 1.301923076923077 0.2543103448275862 1.3057692307692308 0.2543103448275862 1.3057692307692308 0.25287356321839083 1.301923076923077 0.25287356321839083
0 1.2788461538461537 0.06465517241379311 1.2788461538461537 0.06609195402298851 1.2942307692307693 0.06609195402298851 1.2942307692307693 0.06465517241379311 1.2788461538461537 0.06465517241379311
0 0.4846153846153846 0.30028735632183906 0.4846153846153846 0.3017241379310345 0.4980769230769231 0.3017241379310345 0.4980769230769231 0.30028735632183906 0.4846153846153846 0.30028735632183906
0 1.023076923076923 0.23563218390804597 1.023076923076923 0.23706896551724138 1.0384615384615385 0.23706896551724138 1.0384615384615385 0.23563218390804597 1.023076923076923 0.23563218390804597
0 0.028846153846153848 0.2744252873563218 0.028846153846153848 0.27586206896551724 0.04230769230769231 0.27586206896551724 0.04230769230769231 0.2744252873563218 0.028846153846153848 0.2744252873563218
0 1.3173076923076923 0.33045977011494254 1.3173076923076923 0.33189655172413796 1.3269230769230769 0.33189655172413796 1.3269230769230769 0.33045977011494254 1.3173076923076923 0.33045977011494254
0 0.9634615384615385 0.33477011494252873 0.9634615384615385 0.33620689655172414 0.9980769230769231 0.33620689655172414 0.9980769230769231 0.33477011494252873 0.9634615384615385 0.33477011494252873
0 0.6903846153846154 0.15517241379310345 0.6903846153846154 0.15660919540229884 0.7057692307692308 0.15660919540229884 0.7057692307692308 0.15517241379310345 0.6903846153846154 0.15517241379310345
0 0.31346153846153846 0.4525862068965517 0.31346153846153846 0.4540229885057471 0.34423076923076923 0.4540229885057471 0.34423076923076923 0.4525862068965517 0.31346153846153846 0.4525862068965517
0 1.323076923076923 0.3706896551724138 1.323076923076923 0.37212643678160917 1.3269230769230769 0.37212643678160917 1.3269230769230769 0.3706896551724138 1.323076923076923 0.3706896551724138
0 0.3942307692307692 0.5804597701149425 0.3942307692307692 0.5818965517241379 0.4096153846153846 0.5818965517241379 0.4096153846153846 0.5804597701149425 0.3942307692307692 0.5804597701149425
0 1.2153846153846153 0.521551724137931 1.2153846153846153 0.5229885057471264 1.2538461538461538 0.5229885057471264 1.2538461538461538 0.521551724137931 1.2153846153846153 0.521551724137931
0 0.25769230769230766 0.3936781609195402 0.25769230769230766 0.39511494252873564 0.26153846153846155 0.39511494252873564 0.26153846153846155 0.3936781609195402 0.25769230769230766 0.3936781609195402
0 0.057692307692307696 0.4511494252873563 0.057692307692307696 0.4525862068965517 0.06153846153846154 0.4525862068965517 0.06153846153846154 0.4511494252873563 0.057692307692307696 0.4511494252873563
0 0.801923076923077 0.5114942528735632 0.801923076923077 0.5129310344827587 0.8115384615384615 0.5129310344827587 0.8115384615384615 0.5114942528735632 0.801923076923077 0.5114942528735632
0 0.6557692307692308 0.3045977011494253 0.6557692307692308 0.30603448275862066 0.6673076923076923 0.30603448275862066 0.6673076923076923 0.3045977011494253 0.6557692307692308 0.3045977011494253
0 1.125 0.041666666666666664 1.125 0.04310344827586207 1.1326923076923077 0.04310344827586207 1.1326923076923077 0.041666666666666664 1.125 0.041666666666666664
0 0.07115384615384615 0.36637931034482757 0.07115384615384615 0.367816091954023 0.09230769230769231 0.367816091954023 0.09230769230769231 0.36637931034482757 0.07115384615384615 0.36637931034482757
0 0.7019230769230769 0.521551724137931 0.7019230769230769 0.5229885057471264 0.725 0.5229885057471264 0.725 0.521551724137931 0.7019230769230769 0.521551724137931
0 0.5538461538461539 0.5459770114942529 0.5538461538461539 0.5474137931034483 0.5615384615384615 0.5474137931034483 0.5615384615384615 0.5459770114942529 0.5538461538461539 0.5459770114942529
0 0.5923076923076923 0.0 0.5923076923076923 0.0014367816091954023 0.6288461538461538 0.0014367816091954023 0.6288461538461538 0.0 0.5923076923076923 0.0
0 0.6653846153846154 0.04310344827586207 0.6653846153846154 0.04454022988505747 0.676923076923077 0.04454022988505747 0.676923076923077 0.04310344827586207 0.6653846153846154 0.04310344827586207
0 0.11923076923076924 0.24568965517241378 0.11923076923076924 0.2471264367816092 0.12307692307692308 0.2471264367816092 0.12307692307692308 0.24568965517241378 0.11923076923076924 0.24568965517241378
0 0.03076923076923077 0.27729885057471265 0.03076923076923077 0.27873563218390807 0.05 0.27873563218390807 0.05 0.27729885057471265 0.03076923076923077 0.27729885057471265
0 0.35192307692307695 0.07902298850574713 0.35192307692307695 0.08045977011494253 0.35384615384615387 0.08045977011494253 0.35384615384615387 0.07902298850574713 0.35192307692307695 0.07902298850574713
0 1.2442307692307693 0.11637931034482758 1.2442307692307693 0.11781609195402298 1.25 0.11781609195402298 1.25 0.11637931034482758 1.2442307692307693 0.11637931034482758
0 0.37884615384615383 0.1221264367816092 0.37884615384615383 0.1235632183908046 0.38269230769230766 0.1235632183908046 0.38269230769230766 0.1221264367816092 0.37884615384615383 0.1221264367816092
0 0.5538461538461539 0.3333333333333333 0.5538461538461539 0.33477011494252873 0.5673076923076923 0.33477011494252873 0.5673076923076923 0.3333333333333333 0.5538461538461539 0.3333333333333333
0 0.4 0.6436781609195402 0.4 0.6451149425287356 0.4096153846153846 0.6451149425287356 0.4096153846153846 0.6436781609195402 0.4 0.6436781609195402
0 0.6711538461538461 0.10775862068965517 0.6711538461538461 0.10919540229885058 0.6846153846153846 0.10919540229885058 0.6846153846153846 0.10775862068965517 0.6711538461538461 0.10775862068965517
0 0.8076923076923077 0.2974137931034483 0.8076923076923077 0.2988505747126437 0.8173076923076923 0.2988505747126437 0.8173076923076923 0.2974137931034483 0.8076923076923077 0.2974137931034483
0 1.1423076923076922 0.47988505747126436 1.1423076923076922 0.4813218390804598 1.1653846153846155 0.4813218390804598 1.1653846153846155 0.47988505747126436 1.1423076923076922 0.47988505747126436
0 0.35384615384615387 0.11206896551724138 0.35384615384615387 0.11350574712643678 0.36346153846153845 0.11350574712643678 0.36346153846153845 0.11206896551724138 0.35384615384615387 0.11206896551724138
0 0.4269230769230769 0.4468390804597701 0.4269230769230769 0.4482758620689655 0.4461538461538462 0.4482758620689655 0.4461538461538462 0.4468390804597701 0.4269230769230769 0.4468390804597701
0 0.16538461538461538 0.48563218390804597 0.16538461538461538 0.4870689655172414 0.175 0.4870689655172414 0.175 0.48563218390804597 0.16538461538461538 0.48563218390804597
0 0.1 0.12643678160919541 0.1 0.1278735632183908 0.11923076923076924 0.1278735632183908 0.11923076923076924 0.12643678160919541 0.1 0.12643678160919541
0 0.38653846153846155 0.6307471264367817 0.38653846153846155 0.632183908045977 0.40384615384615385 0.632183908045977 0.40384615384615385 0.6307471264367817 0.38653846153846155 0.6307471264367817
0 1.0057692307692307 0.34770114942528735 1.0057692307692307 0.34913793103448276 1.0153846153846153 0.34913793103448276 1.0153846153846153 0.34770114942528735 1.0057692307692307 0.34770114942528735
0 1.2673076923076922 0.49712643678160917 1.2673076923076922 0.4985632183908046 1.2807692307692307 0.4985632183908046 1.2807692307692307 0.49712643678160917 1.2673076923076922 0.49712643678160917
0 0.0 0.0 0.0 0.0014367816091954023 0.015384615384615385 0.0014367816091954023 0.015384615384615385 0.0 0.0 0.0
0 0.9942307692307693 0.03879310344827586 0.9942307692307693 0.040229885057471264 1.0096153846153846 0.040229885057471264 1.0096153846153846 0.03879310344827586 0.9942307692307693 0.03879310344827586
0 0.14615384615384616 0.34626436781609193 0.14615384615384616 0.34770114942528735 0.1673076923076923 0.34770114942528735 0.1673076923076923 0.34626436781609193 0.14615384615384616 0.34626436781609193
0 1.2634615384615384 0.4382183908045977 1.2634615384615384 0.4396551724137931 1.271153846153846 0.4396551724137931 1.271153846153846 0.4382183908045977 1.2634615384615384 0.4382183908045977
0 0.16346153846153846 0.24281609195402298 0.16346153846153846 0.2442528735632184 0.17692307692307693 0.2442528735632184 0.17692307692307693 0.24281609195402298 0.16346153846153846 0.24281609195402298
0 0.2423076923076923 0.5847701149425287 0.2423076923076923 0.5862068965517241 0.24615384615384617 0.5862068965517241 0.24615384615384617 0.5847701149425287 0.2423076923076923 0.5847701149425287
0 1.15 0.37212643678160917 1.15 0.3735632183908046 1.176923076923077 0.3735632183908046 1.176923076923077 0.37212643678160917 1.15 0.37212643678160917
0 0.08076923076923077 0.7183908045977011 0.08076923076923077 0.7198275862068966 0.09423076923076923 0.7198275862068966 0.09423076923076923 0.7183908045977011 0.08076923076923077 0.7183908045977011
0 0.3153846153846154 0.7327586206896551 0.3153846153846154 0.7341954022988506 0.325 0.7341954022988506 0.325 0.7327586206896551 0.3153846153846154 0.7327586206896551
0 1.075 0.4827586206896552 1.075 0.48419540229885055 1.0980769230769232 0.48419540229885055 1.0980769230769232 0.4827586206896552 1.075 0.4827586206896552
0 1.0173076923076922 0.22701149425287356 1.0173076923076922 0.22844827586206898 1.0307692307692307 0.22844827586206898 1.0307692307692307 0.22701149425287356 1.0173076923076922 0.22701149425287356