0 1.06640625 0.446875 1.06640625 0.45 1.0859375 0.45 1.0859375 0.446875 1.06640625 0.446875
0 1.09375 0.771875 1.09375 0.775 1.12109375 0.775 1.12109375 0.771875 1.09375 0.771875
0 0.7421875 0.690625 0.7421875 0.69375 0.75 0.69375 0.75 0.690625 0.7421875 0.690625
0 0.08203125 0.7875 0.08203125 0.790625 0.1015625 0.790625 0.1015625 0.7875 0.08203125 0.7875
0 0.68359375 0.68125 0.68359375 0.684375 0.73046875 0.684375 0.73046875 0.68125 0.68359375 0.68125
0 0.96875 0.05 0.96875 0.053125 1.0 0.053125 1.0 0.05 0.96875 0.05
0 0.76171875 0.55 0.76171875 0.553125 0.79296875 0.553125 0.79296875 0.55 0.76171875 0.55
0 0.33203125 0.578125 0.33203125 0.58125 0.37890625 0.58125 0.37890625 0.578125 0.33203125 0.578125
0 0.9296875 0.6125 0.9296875 0.615625 0.94140625 0.615625 0.94140625 0.6125 0.9296875 0.6125
0 0.25 0.046875 0.25 0.05 0.25390625 0.05 0.25390625 0.046875 0.25 0.046875
0 0.1171875 0.659375 0.1171875 0.6625 0.12890625 0.6625 0.12890625 0.659375 0.1171875 0.659375
0 0.76171875 0.671875 0.76171875 0.675 0.7734375 0.675 0.7734375 0.671875 0.76171875 0.671875
0 1.1796875 0.45625 1.1796875 0.459375 1.22265625 0.459375 1.22265625 0.45625 1.1796875 0.45625
0 1.21484375 0.596875 1.21484375 0.6 1.2265625 0.6 1.2265625 0.596875 1.21484375 0.596875
0 0.8671875 0.2 0.8671875 0.203125 0.87890625 0.203125 0.87890625 0.2 0.8671875 0.2