0 0.181640625 0.321875 0.181640625 0.3234375 0.19921875 0.3234375 0.19921875 0.321875 0.181640625 0.321875
0 0.744140625 0.5578125 0.744140625 0.559375 0.75 0.559375 0.75 0.5578125 0.744140625 0.5578125
0 1.01953125 0.2421875 1.01953125 0.24375 1.041015625 0.24375 1.041015625 0.2421875 1.01953125 0.2421875
0 0.740234375 0.0171875 0.740234375 0.01875 0.751953125 0.01875 0.751953125 0.0171875 0.740234375 0.0171875
0 0.70703125 0.2828125 0.70703125 0.284375 0.708984375 0.284375 0.708984375 0.2828125 0.70703125 0.2828125
0 0.7265625 0.490625 0.7265625 0.4921875 0.73046875 0.4921875 0.73046875 0.490625 0.7265625 0.490625
0 0.1953125 0.753125 0.1953125 0.7546875 0.208984375 0.7546875 0.208984375 0.753125 0.1953125 0.753125
0 0.255859375 0.6796875 0.255859375 0.68125 0.275390625 0.68125 0.275390625 0.6796875 0.255859375 0.6796875
0 0.919921875 0.746875 0.919921875 0.7484375 0.9296875 0.7484375 0.9296875 0.746875 0.919921875 0.746875
0 0.900390625 0.0953125 0.900390625 0.096875 0.923828125 0.096875 0.923828125 0.0953125 0.900390625 0.0953125
0 1.14453125 0.234375 1.14453125 0.2359375 1.16015625 0.2359375 1.16015625 0.234375 1.14453125 0.234375
0 1.16796875 0.3953125 1.16796875 0.396875 1.17578125 0.396875 1.17578125 0.3953125 1.16796875 0.3953125
0 0.0625 0.6328125 0.0625 0.634375 0.078125 0.634375 0.078125 0.6328125 0.0625 0.6328125
0 0.150390625 0.334375 0.150390625 0.3359375 0.15234375 0.3359375 0.15234375 0.334375 0.150390625 0.334375
0 0.330078125 0.5984375 0.330078125 0.6 0.34375 0.6 0.34375 0.5984375 0.330078125 0.5984375
0 1.09765625 0.4671875 1.09765625 0.46875 1.109375 0.46875 1.109375 0.4671875 1.09765625 0.4671875
0 1.173828125 0.175 1.173828125 0.1765625 1.1875 0.1765625 1.1875 0.175 1.173828125 0.175
0 1.158203125 0.6765625 1.158203125 0.678125 1.173828125 0.678125 1.173828125 0.6765625 1.158203125 0.6765625
0 0.779296875 0.0 0.779296875 0.0015625 0.8828125 0.0015625 0.8828125 0.0 0.779296875 0.0
0 0.328125 0.025 0.328125 0.0265625 0.345703125 0.0265625 0.345703125 0.025 0.328125 0.025
0 0.615234375 0.275 0.615234375 0.2765625 0.630859375 0.2765625 0.630859375 0.275 0.615234375 0.275
0 0.109375 0.125 0.109375 0.1265625 0.1171875 0.1265625 0.1171875 0.125 0.109375 0.125
0 0.927734375 0.628125 0.927734375 0.6296875 0.94140625 0.6296875 0.94140625 0.628125 0.927734375 0.628125
0 0.66015625 0.3078125 0.66015625 0.309375 0.662109375 0.309375 0.662109375 0.3078125 0.66015625 0.3078125