0 0.62890625 0.071875 0.62890625 0.075 0.6484375 0.075 0.6484375 0.071875 0.62890625 0.071875
0 0.1875 0.1125 0.1875 0.115625 0.21484375 0.115625 0.21484375 0.1125 0.1875 0.1125
0 0.8046875 0.003125 0.8046875 0.00625 0.83203125 0.00625 0.83203125 0.003125 0.8046875 0.003125
0 1.03125 0.23125 1.03125 0.234375 1.0859375 0.234375 1.0859375 0.23125 1.03125 0.23125
0 0.73828125 0.375 0.73828125 0.378125 0.74609375 0.378125 0.74609375 0.375 0.73828125 0.375
0 0.8203125 0.125 0.8203125 0.128125 0.828125 0.128125 0.828125 0.125 0.8203125 0.125
0 0.8828125 0.375 0.8828125 0.378125 0.92578125 0.378125 0.92578125 0.375 0.8828125 0.375
0 0.4375 0.275 0.4375 0.278125 0.46484375 0.278125 0.46484375 0.275 0.4375 0.275
0 1.1015625 0.040625 1.1015625 0.04375 1.12890625 0.04375 1.12890625 0.040625 1.1015625 0.040625
0 0.53125 0.59375 0.53125 0.596875 0.55078125 0.596875 0.55078125 0.59375 0.53125 0.59375
0 1.203125 0.521875 1.203125 0.525 1.22265625 0.525 1.22265625 0.521875 1.203125 0.521875
0 0.44140625 0.64375 0.44140625 0.646875 0.4609375 0.646875 0.4609375 0.64375 0.44140625 0.64375