0 0.35546875 0.375 0.35546875 0.378125 0.3828125 0.378125 0.3828125 0.375 0.35546875 0.375
0 0.80078125 0.275 0.80078125 0.278125 0.8203125 0.278125 0.8203125 0.275 0.80078125 0.275
0 1.01953125 0.490625 1.01953125 0.49375 1.04296875 0.49375 1.04296875 0.490625 1.01953125 0.490625
0 0.35546875 0.103125 0.35546875 0.10625 0.375 0.10625 0.375 0.103125 0.35546875 0.103125
0 0.515625 0.4 0.515625 0.403125 0.52734375 0.403125 0.52734375 0.4 0.515625 0.4
0 0.96484375 0.775 0.96484375 0.778125 0.984375 0.778125 0.984375 0.775 0.96484375 0.775
0 0.7734375 0.3125 0.7734375 0.315625 0.7890625 0.315625 0.7890625 0.3125 0.7734375 0.3125
0 1.1796875 0.7 1.1796875 0.703125 1.19140625 0.703125 1.19140625 0.7 1.1796875 0.7
0 0.74609375 0.621875 0.74609375 0.625 0.7578125 0.625 0.7578125 0.621875 0.74609375 0.621875
0 1.2109375 0.103125 1.2109375 0.10625 1.234375 0.10625 1.234375 0.103125 1.2109375 0.103125
0 1.10546875 0.5375 1.10546875 0.540625 1.109375 0.540625 1.109375 0.5375 1.10546875 0.5375
0 0.85546875 0.2375 0.85546875 0.240625 0.8671875 0.240625 0.8671875 0.2375 0.85546875 0.2375
0 0.3203125 0.35625 0.3203125 0.359375 0.33984375 0.359375 0.33984375 0.35625 0.3203125 0.35625
0 0.0234375 0.48125 0.0234375 0.484375 0.046875 0.484375 0.046875 0.48125 0.0234375 0.48125
0 0.25 0.596875 0.25 0.6 0.2578125 0.6 0.2578125 0.596875 0.25 0.596875
0 1.0078125 0.384375 1.0078125 0.3875 1.03125 0.3875 1.03125 0.384375 1.0078125 0.384375
0 1.1171875 0.659375 1.1171875 0.6625 1.12109375 0.6625 1.12109375 0.659375 1.1171875 0.659375
0 0.88671875 0.753125 0.88671875 0.75625 0.9140625 0.75625 0.9140625 0.753125 0.88671875 0.753125
0 0.0703125 0.625 0.0703125 0.628125 0.09375 0.628125 0.09375 0.625 0.0703125 0.625
0 0.11328125 0.41875 0.11328125 0.421875 0.125 0.421875 0.125 0.41875 0.11328125 0.41875
0 0.125 0.265625 0.125 0.26875 0.140625 0.26875 0.140625 0.265625 0.125 0.265625
0 0.0 0.4875 0.0 0.490625 0.00390625 0.490625 0.00390625 0.4875 0.0 0.4875
0 0.10546875 0.5125 0.10546875 0.515625 0.125 0.515625 0.125 0.5125 0.10546875 0.5125
0 0.8671875 0.44375 0.8671875 0.446875 0.8984375 0.446875 0.8984375 0.44375 0.8671875 0.44375
0 0.56640625 0.50625 0.56640625 0.509375 0.58984375 0.509375 0.58984375 0.50625 0.56640625 0.50625
0 0.2421875 0.021875 0.2421875 0.025 0.24609375 0.025 0.24609375 0.021875 0.2421875 0.021875
0 0.40234375 0.59375 0.40234375 0.596875 0.44921875 0.596875 0.44921875 0.59375 0.40234375 0.59375
0 1.07421875 0.24375 1.07421875 0.246875 1.09765625 0.246875 1.09765625 0.24375 1.07421875 0.24375
0 1.11328125 0.6625 1.11328125 0.665625 1.14453125 0.665625 1.14453125 0.6625 1.11328125 0.6625
0 0.84765625 0.4125 0.84765625 0.415625 0.86328125 0.415625 0.86328125 0.4125 0.84765625 0.4125
0 0.78515625 0.5625 0.78515625 0.565625 0.8046875 0.565625 0.8046875 0.5625 0.78515625 0.5625
0 0.796875 0.309375 0.796875 0.3125 0.81640625 0.3125 0.81640625 0.309375 0.796875 0.309375
0 0.3984375 0.2125 0.3984375 0.215625 0.42578125 0.215625 0.42578125 0.2125 0.3984375 0.2125
0 0.47265625 0.0 0.47265625 0.003125 0.55078125 0.003125 0.55078125 0.0 0.47265625 0.0
0 0.21484375 0.365625 0.21484375 0.36875 0.25 0.36875 0.25 0.365625 0.21484375 0.365625
0 0.0 0.7125 0.0 0.715625 0.01171875 0.715625 0.01171875 0.7125 0.0 0.7125
0 0.984375 0.234375 0.984375 0.2375 0.9921875 0.2375 0.9921875 0.234375 0.984375 0.234375
0 0.4609375 0.49375 0.4609375 0.496875 0.46484375 0.496875 0.46484375 0.49375 0.4609375 0.49375
0 0.32421875 0.0 0.32421875 0.003125 0.375 0.003125 0.375 0.0 0.32421875 0.0
0 0.48046875 0.028125 0.48046875 0.03125 0.5 0.03125 0.5 0.028125 0.48046875 0.028125
0 0.3046875 0.053125 0.3046875 0.05625 0.32421875 0.05625 0.32421875 0.053125 0.3046875 0.053125
0 0.66015625 0.465625 0.66015625 0.46875 0.67578125 0.46875 0.67578125 0.465625 0.66015625 0.465625
0 0.359375 0.496875 0.359375 0.5 0.38671875 0.5 0.38671875 0.496875 0.359375 0.496875
0 1.0859375 0.775 1.0859375 0.778125 1.1171875 0.778125 1.1171875 0.775 1.0859375 0.775
0 0.421875 0.528125 0.421875 0.53125 0.43359375 0.53125 0.43359375 0.528125 0.421875 0.528125
0 1.1796875 0.13125 1.1796875 0.134375 1.2109375 0.134375 1.2109375 0.13125 1.1796875 0.13125
0 1.21875 0.359375 1.21875 0.3625 1.2421875 0.3625 1.2421875 0.359375 1.21875 0.359375
0 1.02734375 0.7625 1.02734375 0.765625 1.0390625 0.765625 1.0390625 0.7625 1.02734375 0.7625
0 0.51171875 0.128125 0.51171875 0.13125 0.546875 0.13125 0.546875 0.128125 0.51171875 0.128125