0 0.06153846153846154 0.0 0.06153846153846154 0.0014367816091954023 0.08076923076923077 0.0014367816091954023 0.08076923076923077 0.0 0.06153846153846154 0.0
0 0.2846153846153846 0.21839080459770116 0.2846153846153846 0.21982758620689655 0.31153846153846154 0.21982758620689655 0.31153846153846154 0.21839080459770116 0.2846153846153846 0.21839080459770116
0 0.7711538461538462 0.5574712643678161 0.7711538461538462 0.5589080459770115 0.7942307692307692 0.5589080459770115 0.7942307692307692 0.5574712643678161 0.7711538461538462 0.5574712643678161
0 1.1557692307692307 0.5747126436781609 1.1557692307692307 0.5761494252873564 1.1711538461538462 0.5761494252873564 1.1711538461538462 0.5747126436781609 1.1557692307692307 0.5747126436781609
0 0.08076923076923077 0.3290229885057471 0.08076923076923077 0.33045977011494254 0.09615384615384616 0.33045977011494254 0.09615384615384616 0.3290229885057471 0.08076923076923077 0.3290229885057471
0 1.3076923076923077 0.5675287356321839 1.3076923076923077 0.5689655172413793 1.3115384615384615 0.5689655172413793 1.3115384615384615 0.5675287356321839 1.3076923076923077 0.5675287356321839
0 0.14807692307692308 0.5172413793103449 0.14807692307692308 0.5186781609195402 0.15384615384615385 0.5186781609195402 0.15384615384615385 0.5172413793103449 0.14807692307692308 0.5172413793103449
0 1.0884615384615384 0.2629310344827586 1.0884615384615384 0.26436781609195403 1.0980769230769232 0.26436781609195403 1.0980769230769232 0.2629310344827586 1.0884615384615384 0.2629310344827586
0 0.8115384615384615 0.0 0.8115384615384615 0.0014367816091954023 0.8826923076923077 0.0014367816091954023 0.8826923076923077 0.0 0.8115384615384615 0.0
0 0.2865384615384615 0.08045977011494253 0.2865384615384615 0.08189655172413793 0.3173076923076923 0.08189655172413793 0.3173076923076923 0.08045977011494253 0.2865384615384615 0.08045977011494253
0 0.21923076923076923 0.35201149425287354 0.21923076923076923 0.35344827586206895 0.22884615384615384 0.35344827586206895 0.22884615384615384 0.35201149425287354 0.21923076923076923 0.35201149425287354
0 0.5403846153846154 0.09913793103448276 0.5403846153846154 0.10057471264367816 0.5596153846153846 0.10057471264367816 0.5596153846153846 0.09913793103448276 0.5403846153846154 0.09913793103448276
0 1.3269230769230769 0.617816091954023 1.3269230769230769 0.6192528735632183 1.3365384615384615 0.6192528735632183 1.3365384615384615 0.617816091954023 1.3269230769230769 0.617816091954023
0 1.2557692307692307 0.5431034482758621 1.2557692307692307 0.5445402298850575 1.2692307692307692 0.5445402298850575 1.2692307692307692 0.5431034482758621 1.2557692307692307 0.5431034482758621
0 0.37115384615384617 0.11494252873563218 0.37115384615384617 0.11637931034482758 0.39615384615384613 0.11637931034482758 0.39615384615384613 0.11494252873563218 0.37115384615384617 0.11494252873563218
0 0.3903846153846154 0.3692528735632184 0.3903846153846154 0.3706896551724138 0.39807692307692305 0.3706896551724138 0.39807692307692305 0.3692528735632184 0.3903846153846154 0.3692528735632184
0 0.9519230769230769 0.1997126436781609 0.9519230769230769 0.20114942528735633 0.9538461538461539 0.20114942528735633 0.9538461538461539 0.1997126436781609 0.9519230769230769 0.1997126436781609
0 0.9653846153846154 0.33045977011494254 0.9653846153846154 0.33189655172413796 1.0 0.33189655172413796 1.0 0.33045977011494254 0.9653846153846154 0.33045977011494254
0 0.5096153846153846 0.35344827586206895 0.5096153846153846 0.35488505747126436 0.5153846153846153 0.35488505747126436 0.5153846153846153 0.35344827586206895 0.5096153846153846 0.35344827586206895
0 0.14615384615384616 0.04597701149425287 0.14615384615384616 0.04741379310344827 0.16923076923076924 0.04741379310344827 0.16923076923076924 0.04597701149425287 0.14615384615384616 0.04597701149425287
0 1.3365384615384615 0.4367816091954023 1.3365384615384615 0.4382183908045977 1.3384615384615384 0.4382183908045977 1.3384615384615384 0.4367816091954023 1.3365384615384615 0.4367816091954023
0 0.2692307692307692 0.39655172413793105 0.2692307692307692 0.39798850574712646 0.2865384615384615 0.39798850574712646 0.2865384615384615 0.39655172413793105 0.2692307692307692 0.39655172413793105
0 0.18076923076923077 0.040229885057471264 0.18076923076923077 0.041666666666666664 0.19807692307692307 0.041666666666666664 0.19807692307692307 0.040229885057471264 0.18076923076923077 0.040229885057471264