0 0.8984375 0.5625 0.8984375 0.565625 0.91015625 0.565625 0.91015625 0.5625 0.8984375 0.5625
0 1.21875 0.38125 1.21875 0.384375 1.2265625 0.384375 1.2265625 0.38125 1.21875 0.38125
0 0.43359375 0.615625 0.43359375 0.61875 0.47265625 0.61875 0.47265625 0.615625 0.43359375 0.615625
0 0.15625 0.15625 0.15625 0.159375 0.1953125 0.159375 0.1953125 0.15625 0.15625 0.15625
0 0.3359375 0.565625 0.3359375 0.56875 0.34375 0.56875 0.34375 0.565625 0.3359375 0.565625
0 0.3203125 0.525 0.3203125 0.528125 0.34765625 0.528125 0.34765625 0.525 0.3203125 0.525
0 0.9296875 0.0 0.9296875 0.003125 1.0 0.003125 1.0 0.0 0.9296875 0.0
0 0.21875 0.178125 0.21875 0.18125 0.2578125 0.18125 0.2578125 0.178125 0.21875 0.178125
0 0.87890625 0.1625 0.87890625 0.165625 0.88671875 0.165625 0.88671875 0.1625 0.87890625 0.1625
0 0.31640625 0.665625 0.31640625 0.66875 0.33203125 0.66875 0.33203125 0.665625 0.31640625 0.665625
0 0.859375 0.690625 0.859375 0.69375 0.88671875 0.69375 0.88671875 0.690625 0.859375 0.690625
0 0.77734375 0.73125 0.77734375 0.734375 0.80859375 0.734375 0.80859375 0.73125 0.77734375 0.73125
0 0.85546875 0.61875 0.85546875 0.621875 0.86328125 0.621875 0.86328125 0.61875 0.85546875 0.61875
0 0.21875 0.521875 0.21875 0.525 0.23828125 0.525 0.23828125 0.521875 0.21875 0.521875
0 0.640625 0.459375 0.640625 0.4625 0.6484375 0.4625 0.6484375 0.459375 0.640625 0.459375
0 0.41796875 0.6625 0.41796875 0.665625 0.42578125 0.665625 0.42578125 0.6625 0.41796875 0.6625