0 0.11923076923076924 0.7054597701149425 0.11923076923076924 0.7068965517241379 0.125 0.7068965517241379 0.125 0.7054597701149425 0.11923076923076924 0.7054597701149425
0 0.9153846153846154 0.09339080459770115 0.9153846153846154 0.09482758620689655 0.9288461538461539 0.09482758620689655 0.9288461538461539 0.09339080459770115 0.9153846153846154 0.09339080459770115
0 0.875 0.7399425287356322 0.875 0.7413793103448276 0.8788461538461538 0.7413793103448276 0.8788461538461538 0.7399425287356322 0.875 0.7399425287356322
0 0.35384615384615387 0.367816091954023 0.35384615384615387 0.3692528735632184 0.3596153846153846 0.3692528735632184 0.3596153846153846 0.367816091954023 0.35384615384615387 0.367816091954023
0 0.20576923076923076 0.5804597701149425 0.20576923076923076 0.5818965517241379 0.21346153846153845 0.5818965517241379 0.21346153846153845 0.5804597701149425 0.20576923076923076 0.5804597701149425
0 1.3057692307692308 0.6063218390804598 1.3057692307692308 0.6077586206896551 1.3096153846153846 0.6077586206896551 1.3096153846153846 0.6063218390804598 1.3057692307692308 0.6063218390804598
0 0.8884615384615384 0.49712643678160917 0.8884615384615384 0.4985632183908046 0.8923076923076924 0.4985632183908046 0.8923076923076924 0.49712643678160917 0.8884615384615384 0.49712643678160917
0 0.43846153846153846 0.011494252873563218 0.43846153846153846 0.01293103448275862 0.45384615384615384 0.01293103448275862 0.45384615384615384 0.011494252873563218 0.43846153846153846 0.011494252873563218
0 0.009615384615384616 0.3635057471264368 0.009615384615384616 0.3649425287356322 0.01730769230769231 0.3649425287356322 0.01730769230769231 0.3635057471264368 0.009615384615384616 0.3635057471264368
0 0.4326923076923077 0.5416666666666666 0.4326923076923077 0.5431034482758621 0.43653846153846154 0.5431034482758621 0.43653846153846154 0.5416666666666666 0.4326923076923077 0.5416666666666666
0 1.248076923076923 0.4540229885057471 1.248076923076923 0.45545977011494254 1.2538461538461538 0.45545977011494254 1.2538461538461538 0.4540229885057471 1.248076923076923 0.4540229885057471
0 0.5826923076923077 0.20977011494252873 0.5826923076923077 0.21120689655172414 0.5846153846153846 0.21120689655172414 0.5846153846153846 0.20977011494252873 0.5826923076923077 0.20977011494252873
0 1.1730769230769231 0.617816091954023 1.1730769230769231 0.6192528735632183 1.1826923076923077 0.6192528735632183 1.1826923076923077 0.617816091954023 1.1730769230769231 0.617816091954023
0 0.38653846153846155 0.40229885057471265 0.38653846153846155 0.40373563218390807 0.39807692307692305 0.40373563218390807 0.39807692307692305 0.40229885057471265 0.38653846153846155 0.40229885057471265
0 0.40384615384615385 0.6839080459770115 0.40384615384615385 0.6853448275862069 0.4269230769230769 0.6853448275862069 0.4269230769230769 0.6839080459770115 0.40384615384615385 0.6839080459770115
0 0.9326923076923077 0.367816091954023 0.9326923076923077 0.3692528735632184 0.9442307692307692 0.3692528735632184 0.9442307692307692 0.367816091954023 0.9326923076923077 0.367816091954023
0 0.7557692307692307 0.39655172413793105 0.7557692307692307 0.39798850574712646 0.7634615384615384 0.39798850574712646 0.7634615384615384 0.39655172413793105 0.7557692307692307 0.39655172413793105
0 0.6596153846153846 0.3635057471264368 0.6596153846153846 0.3649425287356322 0.6634615384615384 0.3649425287356322 0.6634615384615384 0.3635057471264368 0.6596153846153846 0.3635057471264368
0 0.10961538461538461 0.1925287356321839 0.10961538461538461 0.1939655172413793 0.11346153846153846 0.1939655172413793 0.11346153846153846 0.1925287356321839 0.10961538461538461 0.1925287356321839
0 0.43653846153846154 0.4525862068965517 0.43653846153846154 0.4540229885057471 0.4423076923076923 0.4540229885057471 0.4423076923076923 0.4525862068965517 0.43653846153846154 0.4525862068965517
0 0.6711538461538461 0.27729885057471265 0.6711538461538461 0.27873563218390807 0.676923076923077 0.27873563218390807 0.676923076923077 0.27729885057471265 0.6711538461538461 0.27729885057471265
0 0.2076923076923077 0.14511494252873564 0.2076923076923077 0.14655172413793102 0.22115384615384615 0.14655172413793102 0.22115384615384615 0.14511494252873564 0.2076923076923077 0.14511494252873564
0 0.9442307692307692 0.36637931034482757 0.9442307692307692 0.367816091954023 0.9538461538461539 0.367816091954023 0.9538461538461539 0.36637931034482757 0.9442307692307692 0.36637931034482757
0 0.2326923076923077 0.4209770114942529 0.2326923076923077 0.4224137931034483 0.24807692307692308 0.4224137931034483 0.24807692307692308 0.4209770114942529 0.2326923076923077 0.4209770114942529
0 1.2307692307692308 0.21551724137931033 1.2307692307692308 0.21695402298850575 1.2346153846153847 0.21695402298850575 1.2346153846153847 0.21551724137931033 1.2307692307692308 0.21551724137931033
0 0.9403846153846154 0.5114942528735632 0.9403846153846154 0.5129310344827587 0.9615384615384616 0.5129310344827587 0.9615384615384616 0.5114942528735632 0.9403846153846154 0.5114942528735632
0 0.43846153846153846 0.14942528735632185 0.43846153846153846 0.15086206896551724 0.4576923076923077 0.15086206896551724 0.4576923076923077 0.14942528735632185 0.43846153846153846 0.14942528735632185
0 0.5115384615384615 0.2413793103448276 0.5115384615384615 0.24281609195402298 0.5269230769230769 0.24281609195402298 0.5269230769230769 0.2413793103448276 0.5115384615384615 0.2413793103448276
0 0.9230769230769231 0.15804597701149425 0.9230769230769231 0.15948275862068967 0.9307692307692308 0.15948275862068967 0.9307692307692308 0.15804597701149425 0.9230769230769231 0.15804597701149425
0 0.6346153846153846 0.41379310344827586 0.6346153846153846 0.41522988505747127 0.6403846153846153 0.41522988505747127 0.6403846153846153 0.41379310344827586 0.6346153846153846 0.41379310344827586
0 1.1634615384615385 0.3864942528735632 1.1634615384615385 0.3879310344827586 1.175 0.3879310344827586 1.175 0.3864942528735632 1.1634615384615385 0.3864942528735632
0 0.47692307692307695 0.14655172413793102 0.47692307692307695 0.14798850574712644 0.4826923076923077 0.14798850574712644 0.4826923076923077 0.14655172413793102 0.47692307692307695 0.14655172413793102
0 1.2019230769230769 0.28304597701149425 1.2019230769230769 0.28448275862068967 1.2134615384615384 0.28448275862068967 1.2134615384615384 0.28304597701149425 1.2019230769230769 0.28304597701149425
0 1.3057692307692308 0.6954022988505747 1.3057692307692308 0.6968390804597702 1.3134615384615385 0.6968390804597702 1.3134615384615385 0.6954022988505747 1.3057692307692308 0.6954022988505747
0 0.2673076923076923 0.4540229885057471 0.2673076923076923 0.45545977011494254 0.27307692307692305 0.45545977011494254 0.27307692307692305 0.4540229885057471 0.2673076923076923 0.4540229885057471
0 0.08846153846153847 0.5689655172413793 0.08846153846153847 0.5704022988505747 0.10192307692307692 0.5704022988505747 0.10192307692307692 0.5689655172413793 0.08846153846153847 0.5689655172413793
0 0.6788461538461539 0.3290229885057471 0.6788461538461539 0.33045977011494254 0.6961538461538461 0.33045977011494254 0.6961538461538461 0.3290229885057471 0.6788461538461539 0.3290229885057471
0 0.33653846153846156 0.46551724137931033 0.33653846153846156 0.46695402298850575 0.3384615384615385 0.46695402298850575 0.3384615384615385 0.46551724137931033 0.33653846153846156 0.46551724137931033
0 1.1711538461538462 0.34195402298850575 1.1711538461538462 0.34339080459770116 1.1903846153846154 0.34339080459770116 1.1903846153846154 0.34195402298850575 1.1711538461538462 0.34195402298850575
0 1.0442307692307693 0.16522988505747127 1.0442307692307693 0.16666666666666666 1.0596153846153846 0.16666666666666666 1.0596153846153846 0.16522988505747127 1.0442307692307693 0.16522988505747127
0 0.5923076923076923 0.020114942528735632 0.5923076923076923 0.021551724137931036 0.6019230769230769 0.021551724137931036 0.6019230769230769 0.020114942528735632 0.5923076923076923 0.020114942528735632
0 0.7711538461538462 0.375 0.7711538461538462 0.3764367816091954 0.7903846153846154 0.3764367816091954 0.7903846153846154 0.375 0.7711538461538462 0.375
0 0.5461538461538461 0.4482758620689655 0.5461538461538461 0.44971264367816094 0.551923076923077 0.44971264367816094 0.551923076923077 0.4482758620689655 0.5461538461538461 0.4482758620689655
0 0.29615384615384616 0.4281609195402299 0.29615384615384616 0.4295977011494253 0.3057692307692308 0.4295977011494253 0.3057692307692308 0.4281609195402299 0.29615384615384616 0.4281609195402299
0 0.8692307692307693 0.6695402298850575 0.8692307692307693 0.6709770114942529 0.8923076923076924 0.6709770114942529 0.8923076923076924 0.6695402298850575 0.8692307692307693 0.6695402298850575
0 0.7538461538461538 0.02586206896551724 0.7538461538461538 0.027298850574712645 0.7596153846153846 0.027298850574712645 0.7596153846153846 0.02586206896551724 0.7538461538461538 0.02586206896551724
0 1.051923076923077 0.11781609195402298 1.051923076923077 0.11925287356321838 1.0615384615384615 0.11925287356321838 1.0615384615384615 0.11781609195402298 1.051923076923077 0.11781609195402298
0 0.075 0.3232758620689655 0.075 0.32471264367816094 0.08461538461538462 0.32471264367816094 0.08461538461538462 0.3232758620689655 0.075 0.3232758620689655
0 0.03461538461538462 0.41810344827586204 0.03461538461538462 0.41954022988505746 0.04038461538461539 0.41954022988505746 0.04038461538461539 0.41810344827586204 0.03461538461538462 0.41810344827586204
0 0.8480769230769231 0.0 0.8480769230769231 0.0014367816091954023 0.8942307692307693 0.0014367816091954023 0.8942307692307693 0.0 0.8480769230769231 0.0
0 1.0884615384615384 0.5 1.0884615384615384 0.5014367816091954 1.1076923076923078 0.5014367816091954 1.1076923076923078 0.5 1.0884615384615384 0.5
0 0.5057692307692307 0.41522988505747127 0.5057692307692307 0.4166666666666667 0.5115384615384615 0.4166666666666667 0.5115384615384615 0.41522988505747127 0.5057692307692307 0.41522988505747127
0 0.11538461538461539 0.5028735632183908 0.11538461538461539 0.5043103448275862 0.14807692307692308 0.5043103448275862 0.14807692307692308 0.5028735632183908 0.11538461538461539 0.5028735632183908
0 1.275 0.5057471264367817 1.275 0.507183908045977 1.2884615384615385 0.507183908045977 1.2884615384615385 0.5057471264367817 1.275 0.5057471264367817
0 0.9884615384615385 0.625 0.9884615384615385 0.6264367816091954 1.0076923076923077 0.6264367816091954 1.0076923076923077 0.625 0.9884615384615385 0.625
0 0.4980769230769231 0.021551724137931036 0.4980769230769231 0.022988505747126436 0.5173076923076924 0.022988505747126436 0.5173076923076924 0.021551724137931036 0.4980769230769231 0.021551724137931036
0 0.9346153846153846 0.28448275862068967 0.9346153846153846 0.2859195402298851 0.9384615384615385 0.2859195402298851 0.9384615384615385 0.28448275862068967 0.9346153846153846 0.28448275862068967
0 1.2576923076923077 0.3994252873563218 1.2576923076923077 0.40086206896551724 1.2634615384615384 0.40086206896551724 1.2634615384615384 0.3994252873563218 1.2576923076923077 0.3994252873563218