0 0.075 0.4899425287356322 0.075 0.49137931034482757 0.09038461538461538 0.49137931034482757 0.09038461538461538 0.4899425287356322 0.075 0.4899425287356322
0 0.4442307692307692 0.2744252873563218 0.4442307692307692 0.27586206896551724 0.46923076923076923 0.27586206896551724 0.46923076923076923 0.2744252873563218 0.4442307692307692 0.2744252873563218
0 0.7096153846153846 0.15229885057471265 0.7096153846153846 0.15373563218390804 0.7519230769230769 0.15373563218390804 0.7519230769230769 0.15229885057471265 0.7096153846153846 0.15229885057471265
0 1.2788461538461537 0.04741379310344827 1.2788461538461537 0.04885057471264368 1.2865384615384616 0.04885057471264368 1.2865384615384616 0.04741379310344827 1.2788461538461537 0.04741379310344827
0 1.3115384615384615 0.11350574712643678 1.3115384615384615 0.11494252873563218 1.3384615384615384 0.11494252873563218 1.3384615384615384 0.11350574712643678 1.3115384615384615 0.11350574712643678
0 0.551923076923077 0.07758620689655173 0.551923076923077 0.07902298850574713 0.5711538461538461 0.07902298850574713 0.5711538461538461 0.07758620689655173 0.551923076923077 0.07758620689655173
0 0.551923076923077 0.0 0.551923076923077 0.0014367816091954023 0.6788461538461539 0.0014367816091954023 0.6788461538461539 0.0 0.551923076923077 0.0
0 0.09230769230769231 0.3333333333333333 0.09230769230769231 0.33477011494252873 0.09615384615384616 0.33477011494252873 0.09615384615384616 0.3333333333333333 0.09230769230769231 0.3333333333333333
0 1.1942307692307692 0.4425287356321839 1.1942307692307692 0.44396551724137934 1.2153846153846153 0.44396551724137934 1.2153846153846153 0.4425287356321839 1.1942307692307692 0.4425287356321839
0 0.03461538461538462 0.005747126436781609 0.03461538461538462 0.007183908045977011 0.0673076923076923 0.007183908045977011 0.0673076923076923 0.005747126436781609 0.03461538461538462 0.005747126436781609
0 0.6076923076923076 0.7442528735632183 0.6076923076923076 0.7456896551724138 0.6192307692307693 0.7456896551724138 0.6192307692307693 0.7442528735632183 0.6076923076923076 0.7442528735632183
0 0.6884615384615385 0.09195402298850575 0.6884615384615385 0.09339080459770115 0.7057692307692308 0.09339080459770115 0.7057692307692308 0.09195402298850575 0.6884615384615385 0.09195402298850575
0 0.5269230769230769 0.3175287356321839 0.5269230769230769 0.31896551724137934 0.5423076923076923 0.31896551724137934 0.5423076923076923 0.3175287356321839 0.5269230769230769 0.3175287356321839
0 0.8346153846153846 0.6479885057471264 0.8346153846153846 0.6494252873563219 0.8884615384615384 0.6494252873563219 0.8884615384615384 0.6479885057471264 0.8346153846153846 0.6479885057471264
0 0.1326923076923077 0.7227011494252874 0.1326923076923077 0.7241379310344828 0.14038461538461539 0.7241379310344828 0.14038461538461539 0.7227011494252874 0.1326923076923077 0.7227011494252874
0 0.16923076923076924 0.5933908045977011 0.16923076923076924 0.5948275862068966 0.17307692307692307 0.5948275862068966 0.17307692307692307 0.5933908045977011 0.16923076923076924 0.5933908045977011
0 0.2403846153846154 0.35201149425287354 0.2403846153846154 0.35344827586206895 0.2692307692307692 0.35344827586206895 0.2692307692307692 0.35201149425287354 0.2403846153846154 0.35201149425287354
0 1.0538461538461539 0.21695402298850575 1.0538461538461539 0.21839080459770116 1.0692307692307692 0.21839080459770116 1.0692307692307692 0.21695402298850575 1.0538461538461539 0.21695402298850575
0 1.1730769230769231 0.22701149425287356 1.1730769230769231 0.22844827586206898 1.175 0.22844827586206898 1.175 0.22701149425287356 1.1730769230769231 0.22701149425287356
0 1.146153846153846 0.6537356321839081 1.146153846153846 0.6551724137931034 1.1557692307692307 0.6551724137931034 1.1557692307692307 0.6537356321839081 1.146153846153846 0.6537356321839081
0 1.0403846153846155 0.4583333333333333 1.0403846153846155 0.45977011494252873 1.075 0.45977011494252873 1.075 0.4583333333333333 1.0403846153846155 0.4583333333333333
0 0.04230769230769231 0.14942528735632185 0.04230769230769231 0.15086206896551724 0.05 0.15086206896551724 0.05 0.14942528735632185 0.04230769230769231 0.14942528735632185
0 1.1346153846153846 0.2413793103448276 1.1346153846153846 0.24281609195402298 1.1384615384615384 0.24281609195402298 1.1384615384615384 0.2413793103448276 1.1346153846153846 0.2413793103448276
0 0.10192307692307692 0.03735632183908046 0.10192307692307692 0.03879310344827586 0.15 0.03879310344827586 0.15 0.03735632183908046 0.10192307692307692 0.03735632183908046
0 0.6019230769230769 0.7011494252873564 0.6019230769230769 0.7025862068965517 0.6153846153846154 0.7025862068965517 0.6153846153846154 0.7011494252873564 0.6019230769230769 0.7011494252873564
0 0.06346153846153846 0.26580459770114945 0.06346153846153846 0.2672413793103448 0.075 0.2672413793103448 0.075 0.26580459770114945 0.06346153846153846 0.26580459770114945
0 1.175 0.09770114942528736 1.175 0.09913793103448276 1.1903846153846154 0.09913793103448276 1.1903846153846154 0.09770114942528736 1.175 0.09770114942528736
0 0.7269230769230769 0.3218390804597701 0.7269230769230769 0.3232758620689655 0.7384615384615385 0.3232758620689655 0.7384615384615385 0.3218390804597701 0.7269230769230769 0.3218390804597701
0 0.8096153846153846 0.14511494252873564 0.8096153846153846 0.14655172413793102 0.8153846153846154 0.14655172413793102 0.8153846153846154 0.14511494252873564 0.8096153846153846 0.14511494252873564
0 0.5596153846153846 0.4468390804597701 0.5596153846153846 0.4482758620689655 0.573076923076923 0.4482758620689655 0.573076923076923 0.4468390804597701 0.5596153846153846 0.4468390804597701
0 0.1423076923076923 0.28735632183908044 0.1423076923076923 0.28879310344827586 0.1576923076923077 0.28879310344827586 0.1576923076923077 0.28735632183908044 0.1423076923076923 0.28735632183908044
0 0.9192307692307692 0.40948275862068967 0.9192307692307692 0.4109195402298851 0.9365384615384615 0.4109195402298851 0.9365384615384615 0.40948275862068967 0.9192307692307692 0.40948275862068967
0 0.7211538461538461 0.5474137931034483 0.7211538461538461 0.5488505747126436 0.7480769230769231 0.5488505747126436 0.7480769230769231 0.5474137931034483 0.7211538461538461 0.5474137931034483
0 0.5 0.5416666666666666 0.5 0.5431034482758621 0.5076923076923077 0.5431034482758621 0.5076923076923077 0.5416666666666666 0.5 0.5416666666666666