0 0.4765625 0.303125 0.4765625 0.30625 0.50390625 0.30625 0.50390625 0.303125 0.4765625 0.303125
0 0.171875 0.746875 0.171875 0.75 0.1953125 0.75 0.1953125 0.746875 0.171875 0.746875
0 0.875 0.703125 0.875 0.70625 0.91796875 0.70625 0.91796875 0.703125 0.875 0.703125
0 0.04296875 0.0125 0.04296875 0.015625 0.06640625 0.015625 0.06640625 0.0125 0.04296875 0.0125
0 0.30078125 0.246875 0.30078125 0.25 0.3359375 0.25 0.3359375 0.246875 0.30078125 0.246875
0 0.37109375 0.759375 0.37109375 0.7625 0.390625 0.7625 0.390625 0.759375 0.37109375 0.759375
0 1.11328125 0.078125 1.11328125 0.08125 1.1328125 0.08125 1.1328125 0.078125 1.11328125 0.078125
0 0.8359375 0.76875 0.8359375 0.771875 0.87890625 0.771875 0.87890625 0.76875 0.8359375 0.76875
0 0.6875 0.09375 0.6875 0.096875 0.71875 0.096875 0.71875 0.09375 0.6875 0.09375
0 1.2265625 0.034375 1.2265625 0.0375 1.25 0.0375 1.25 0.034375 1.2265625 0.034375
0 0.87890625 0.66875 0.87890625 0.671875 0.90625 0.671875 0.90625 0.66875 0.87890625 0.66875
0 1.1171875 0.003125 1.1171875 0.00625 1.15234375 0.00625 1.15234375 0.003125 1.1171875 0.003125
0 0.63671875 0.590625 0.63671875 0.59375 0.6484375 0.59375 0.6484375 0.590625 0.63671875 0.590625
0 0.92578125 0.521875 0.92578125 0.525 0.94921875 0.525 0.94921875 0.521875 0.92578125 0.521875
0 0.69921875 0.16875 0.69921875 0.171875 0.73828125 0.171875 0.73828125 0.16875 0.69921875 0.16875
0 0.9453125 0.15625 0.9453125 0.159375 0.9765625 0.159375 0.9765625 0.15625 0.9453125 0.15625
0 0.52734375 0.0875 0.52734375 0.090625 0.54296875 0.090625 0.54296875 0.0875 0.52734375 0.0875
0 0.69921875 0.575 0.69921875 0.578125 0.71484375 0.578125 0.71484375 0.575 0.69921875 0.575
0 0.4453125 0.75 0.4453125 0.753125 0.4765625 0.753125 0.4765625 0.75 0.4453125 0.75
0 0.47265625 0.484375 0.47265625 0.4875 0.49609375 0.4875 0.49609375 0.484375 0.47265625 0.484375
0 0.27734375 0.59375 0.27734375 0.596875 0.3046875 0.596875 0.3046875 0.59375 0.27734375 0.59375
0 0.07421875 0.0 0.07421875 0.003125 0.1171875 0.003125 0.1171875 0.0 0.07421875 0.0
0 0.1796875 0.0 0.1796875 0.003125 0.2109375 0.003125 0.2109375 0.0 0.1796875 0.0
0 0.234375 0.08125 0.234375 0.084375 0.26953125 0.084375 0.26953125 0.08125 0.234375 0.08125
0 0.296875 0.4 0.296875 0.403125 0.3125 0.403125 0.3125 0.4 0.296875 0.4
0 1.20703125 0.315625 1.20703125 0.31875 1.22265625 0.31875 1.22265625 0.315625 1.20703125 0.315625
0 0.8984375 0.0 0.8984375 0.003125 1.0 0.003125 1.0 0.0 0.8984375 0.0
0 1.00390625 0.11875 1.00390625 0.121875 1.01953125 0.121875 1.01953125 0.11875 1.00390625 0.11875
0 0.83984375 0.55625 0.83984375 0.559375 0.87109375 0.559375 0.87109375 0.55625 0.83984375 0.55625
0 1.140625 0.259375 1.140625 0.2625 1.1640625 0.2625 1.1640625 0.259375 1.140625 0.259375
0 0.03125 0.35625 0.03125 0.359375 0.06640625 0.359375 0.06640625 0.35625 0.03125 0.35625
0 0.97265625 0.4625 0.97265625 0.465625 1.0 0.465625 1.0 0.4625 0.97265625 0.4625
0 0.98046875 0.19375 0.98046875 0.196875 0.9921875 0.196875 0.9921875 0.19375 0.98046875 0.19375
0 0.37890625 0.034375 0.37890625 0.0375 0.3984375 0.0375 0.3984375 0.034375 0.37890625 0.034375
0 0.89453125 0.265625 0.89453125 0.26875 0.9296875 0.26875 0.9296875 0.265625 0.89453125 0.265625
0 0.44921875 0.41875 0.44921875 0.421875 0.46484375 0.421875 0.46484375 0.41875 0.44921875 0.41875
0 0.703125 0.0 0.703125 0.003125 0.77734375 0.003125 0.77734375 0.0 0.703125 0.0
0 0.22265625 0.75 0.22265625 0.753125 0.2421875 0.753125 0.2421875 0.75 0.22265625 0.75
0 0.3046875 0.540625 0.3046875 0.54375 0.31640625 0.54375 0.31640625 0.540625 0.3046875 0.540625
0 1.078125 0.01875 1.078125 0.021875 1.1015625 0.021875 1.1015625 0.01875 1.078125 0.01875
0 0.0234375 0.1625 0.0234375 0.165625 0.04296875 0.165625 0.04296875 0.1625 0.0234375 0.1625
0 0.6015625 0.515625 0.6015625 0.51875 0.65234375 0.51875 0.65234375 0.515625 0.6015625 0.515625
0 0.9921875 0.653125 0.9921875 0.65625 1.00390625 0.65625 1.00390625 0.653125 0.9921875 0.653125
0 0.3125 0.178125 0.3125 0.18125 0.33203125 0.18125 0.33203125 0.178125 0.3125 0.178125
0 1.078125 0.43125 1.078125 0.434375 1.109375 0.434375 1.109375 0.43125 1.078125 0.43125
0 0.56640625 0.034375 0.56640625 0.0375 0.5859375 0.0375 0.5859375 0.034375 0.56640625 0.034375
0 0.19921875 0.596875 0.19921875 0.6 0.25 0.6 0.25 0.596875 0.19921875 0.596875
0 1.0078125 0.375 1.0078125 0.378125 1.02734375 0.378125 1.02734375 0.375 1.0078125 0.375
0 0.0234375 0.446875 0.0234375 0.45 0.06640625 0.45 0.06640625 0.446875 0.0234375 0.446875
0 0.8828125 0.721875 0.8828125 0.725 0.91015625 0.725 0.91015625 0.721875 0.8828125 0.721875
0 0.5546875 0.0 0.5546875 0.003125 0.66796875 0.003125 0.66796875 0.0 0.5546875 0.0
0 0.09765625 0.54375 0.09765625 0.546875 0.125 0.546875 0.125 0.54375 0.09765625 0.54375
0 0.8984375 0.0875 0.8984375 0.090625 0.9609375 0.090625 0.9609375 0.0875 0.8984375 0.0875
0 0.74609375 0.653125 0.74609375 0.65625 0.75 0.65625 0.75 0.653125 0.74609375 0.653125
0 1.01953125 0.78125 1.01953125 0.784375 1.06640625 0.784375 1.06640625 0.78125 1.01953125 0.78125
0 0.77734375 0.246875 0.77734375 0.25 0.83203125 0.25 0.83203125 0.246875 0.77734375 0.246875
0 0.3984375 0.584375 0.3984375 0.5875 0.421875 0.5875 0.421875 0.584375 0.3984375 0.584375
0 1.23828125 0.69375 1.23828125 0.696875 1.25 0.696875 1.25 0.69375 1.23828125 0.69375
0 0.3125 0.171875 0.3125 0.175 0.33984375 0.175 0.33984375 0.171875 0.3125 0.171875
0 0.79296875 0.0875 0.79296875 0.090625 0.828125 0.090625 0.828125 0.0875 0.79296875 0.0875
0 0.98828125 0.1125 0.98828125 0.115625 1.0 0.115625 1.0 0.1125 0.98828125 0.1125
0 0.1484375 0.4625 0.1484375 0.465625 0.17578125 0.465625 0.17578125 0.4625 0.1484375 0.4625
0 0.140625 0.35625 0.140625 0.359375 0.1640625 0.359375 0.1640625 0.35625 0.140625 0.35625
0 0.69140625 0.034375 0.69140625 0.0375 0.71484375 0.0375 0.71484375 0.034375 0.69140625 0.034375
0 1.12109375 0.1625 1.12109375 0.165625 1.14453125 0.165625 1.14453125 0.1625 1.12109375 0.1625
0 0.07421875 0.60625 0.07421875 0.609375 0.1015625 0.609375 0.1015625 0.60625 0.07421875 0.60625
0 0.9453125 0.415625 0.9453125 0.41875 0.95703125 0.41875 0.95703125 0.415625 0.9453125 0.415625
0 0.2734375 0.0 0.2734375 0.003125 0.32421875 0.003125 0.32421875 0.0 0.2734375 0.0
0 1.09765625 0.340625 1.09765625 0.34375 1.125 0.34375 1.125 0.340625 1.09765625 0.340625
0 0.99609375 0.184375 0.99609375 0.1875 1.01953125 0.1875 1.01953125 0.184375 0.99609375 0.184375
0 0.08984375 0.153125 0.08984375 0.15625 0.1171875 0.15625 0.1171875 0.153125 0.08984375 0.153125
0 0.0546875 0.640625 0.0546875 0.64375 0.078125 0.64375 0.078125 0.640625 0.0546875 0.640625
0 0.9609375 0.43125 0.9609375 0.434375 0.984375 0.434375 0.984375 0.43125 0.9609375 0.43125
0 0.5 0.70625 0.5 0.709375 0.51171875 0.709375 0.51171875 0.70625 0.5 0.70625
0 0.9921875 0.325 0.9921875 0.328125 1.0 0.328125 1.0 0.325 0.9921875 0.325
0 0.921875 0.50625 0.921875 0.509375 0.9609375 0.509375 0.9609375 0.50625 0.921875 0.50625
0 0.28125 0.071875 0.28125 0.075 0.30078125 0.075 0.30078125 0.071875 0.28125 0.071875
0 1.12109375 0.215625 1.12109375 0.21875 1.13671875 0.21875 1.13671875 0.215625 1.12109375 0.215625
0 0.703125 0.634375 0.703125 0.6375 0.72265625 0.6375 0.72265625 0.634375 0.703125 0.634375
0 0.14453125 0.159375 0.14453125 0.1625 0.171875 0.1625 0.171875 0.159375 0.14453125 0.159375
0 0.90625 0.071875 0.90625 0.075 0.93359375 0.075 0.93359375 0.071875 0.90625 0.071875