0 1.123076923076923 0.6221264367816092 1.123076923076923 0.6235632183908046 1.1384615384615384 0.6235632183908046 1.1384615384615384 0.6221264367816092 1.123076923076923 0.6221264367816092
0 0.10961538461538461 0.34770114942528735 0.10961538461538461 0.34913793103448276 0.11538461538461539 0.34913793103448276 0.11538461538461539 0.34770114942528735 0.10961538461538461 0.34770114942528735
0 1.3076923076923077 0.1939655172413793 1.3076923076923077 0.19540229885057472 1.3192307692307692 0.19540229885057472 1.3192307692307692 0.1939655172413793 1.3076923076923077 0.1939655172413793
0 0.7134615384615385 0.46120689655172414 0.7134615384615385 0.46264367816091956 0.7230769230769231 0.46264367816091956 0.7230769230769231 0.46120689655172414 0.7134615384615385 0.46120689655172414
0 0.10192307692307692 0.29454022988505746 0.10192307692307692 0.2959770114942529 0.10576923076923077 0.2959770114942529 0.10576923076923077 0.29454022988505746 0.10192307692307692 0.29454022988505746
0 0.23461538461538461 0.6278735632183908 0.23461538461538461 0.6293103448275862 0.25961538461538464 0.6293103448275862 0.25961538461538464 0.6278735632183908 0.23461538461538461 0.6278735632183908
0 1.025 0.5172413793103449 1.025 0.5186781609195402 1.0307692307692307 0.5186781609195402 1.0307692307692307 0.5172413793103449 1.025 0.5172413793103449
0 0.08653846153846154 0.3146551724137931 0.08653846153846154 0.3160919540229885 0.09807692307692308 0.3160919540229885 0.09807692307692308 0.3146551724137931 0.08653846153846154 0.3146551724137931
0 0.573076923076923 0.31896551724137934 0.573076923076923 0.3204022988505747 0.5807692307692308 0.3204022988505747 0.5807692307692308 0.31896551724137934 0.573076923076923 0.31896551724137934
0 0.8153846153846154 0.5416666666666666 0.8153846153846154 0.5431034482758621 0.823076923076923 0.5431034482758621 0.823076923076923 0.5416666666666666 0.8153846153846154 0.5416666666666666
0 0.5384615384615384 0.6494252873563219 0.5384615384615384 0.6508620689655172 0.5538461538461539 0.6508620689655172 0.5538461538461539 0.6494252873563219 0.5384615384615384 0.6494252873563219
0 0.13076923076923078 0.4209770114942529 0.13076923076923078 0.4224137931034483 0.13653846153846153 0.4224137931034483 0.13653846153846153 0.4209770114942529 0.13076923076923078 0.4209770114942529
0 0.6076923076923076 0.47844827586206895 0.6076923076923076 0.47988505747126436 0.625 0.47988505747126436 0.625 0.47844827586206895 0.6076923076923076 0.47844827586206895
0 0.23076923076923078 0.028735632183908046 0.23076923076923078 0.03017241379310345 0.23653846153846153 0.03017241379310345 0.23653846153846153 0.028735632183908046 0.23076923076923078 0.028735632183908046
0 0.046153846153846156 0.21551724137931033 0.046153846153846156 0.21695402298850575 0.05961538461538462 0.21695402298850575 0.05961538461538462 0.21551724137931033 0.046153846153846156 0.21551724137931033
0 0.9 0.005747126436781609 0.9 0.007183908045977011 0.9057692307692308 0.007183908045977011 0.9057692307692308 0.005747126436781609 0.9 0.005747126436781609
0 1.275 0.3563218390804598 1.275 0.3577586206896552 1.2788461538461537 0.3577586206896552 1.2788461538461537 0.3563218390804598 1.275 0.3563218390804598
0 1.0557692307692308 0.24568965517241378 1.0557692307692308 0.2471264367816092 1.073076923076923 0.2471264367816092 1.073076923076923 0.24568965517241378 1.0557692307692308 0.24568965517241378
0 1.1288461538461538 0.375 1.1288461538461538 0.3764367816091954 1.1442307692307692 0.3764367816091954 1.1442307692307692 0.375 1.1288461538461538 0.375
0 0.1596153846153846 0.04310344827586207 0.1596153846153846 0.04454022988505747 0.1673076923076923 0.04454022988505747 0.1673076923076923 0.04310344827586207 0.1596153846153846 0.04310344827586207
0 0.028846153846153848 0.11206896551724138 0.028846153846153848 0.11350574712643678 0.05961538461538462 0.11350574712643678 0.05961538461538462 0.11206896551724138 0.028846153846153848 0.11206896551724138
0 0.5846153846153846 0.5330459770114943 0.5846153846153846 0.5344827586206896 0.5884615384615385 0.5344827586206896 0.5884615384615385 0.5330459770114943 0.5846153846153846 0.5330459770114943
0 0.4576923076923077 0.3031609195402299 0.4576923076923077 0.3045977011494253 0.47307692307692306 0.3045977011494253 0.47307692307692306 0.3031609195402299 0.4576923076923077 0.3031609195402299
0 0.8346153846153846 0.5272988505747126 0.8346153846153846 0.5287356321839081 0.8519230769230769 0.5287356321839081 0.8519230769230769 0.5272988505747126 0.8346153846153846 0.5272988505747126
0 0.21346153846153845 0.47126436781609193 0.21346153846153845 0.47270114942528735 0.21923076923076923 0.47270114942528735 0.21923076923076923 0.47126436781609193 0.21346153846153845 0.47126436781609193
0 0.9980769230769231 0.20833333333333334 0.9980769230769231 0.20977011494252873 1.0153846153846153 0.20977011494252873 1.0153846153846153 0.20833333333333334 0.9980769230769231 0.20833333333333334
0 1.2826923076923078 0.39511494252873564 1.2826923076923078 0.39655172413793105 1.301923076923077 0.39655172413793105 1.301923076923077 0.39511494252873564 1.2826923076923078 0.39511494252873564
0 0.5057692307692307 0.15517241379310345 0.5057692307692307 0.15660919540229884 0.5115384615384615 0.15660919540229884 0.5115384615384615 0.15517241379310345 0.5057692307692307 0.15517241379310345
0 0.8326923076923077 0.2672413793103448 0.8326923076923077 0.2686781609195402 0.8557692307692307 0.2686781609195402 0.8557692307692307 0.2672413793103448 0.8326923076923077 0.2672413793103448
0 0.6307692307692307 0.6637931034482759 0.6307692307692307 0.6652298850574713 0.6384615384615384 0.6652298850574713 0.6384615384615384 0.6637931034482759 0.6307692307692307 0.6637931034482759
0 0.31153846153846154 0.33045977011494254 0.31153846153846154 0.33189655172413796 0.3269230769230769 0.33189655172413796 0.3269230769230769 0.33045977011494254 0.31153846153846154 0.33045977011494254
0 0.2 0.5287356321839081 0.2 0.5301724137931034 0.2173076923076923 0.5301724137931034 0.2173076923076923 0.5287356321839081 0.2 0.5287356321839081
0 0.026923076923076925 0.14798850574712644 0.026923076923076925 0.14942528735632185 0.04423076923076923 0.14942528735632185 0.04423076923076923 0.14798850574712644 0.026923076923076925 0.14798850574712644
0 0.9980769230769231 0.13936781609195403 0.9980769230769231 0.14080459770114942 1.0076923076923077 0.14080459770114942 1.0076923076923077 0.13936781609195403 0.9980769230769231 0.13936781609195403
0 1.0634615384615385 0.22126436781609196 1.0634615384615385 0.22270114942528735 1.0692307692307692 0.22270114942528735 1.0692307692307692 0.22126436781609196 1.0634615384615385 0.22126436781609196
0 1.2807692307692307 0.5 1.2807692307692307 0.5014367816091954 1.2865384615384616 0.5014367816091954 1.2865384615384616 0.5 1.2807692307692307 0.5
0 0.37884615384615383 0.5129310344827587 0.37884615384615383 0.514367816091954 0.38269230769230766 0.514367816091954 0.38269230769230766 0.5129310344827587 0.37884615384615383 0.5129310344827587
0 0.9519230769230769 0.10919540229885058 0.9519230769230769 0.11063218390804598 0.9711538461538461 0.11063218390804598 0.9711538461538461 0.10919540229885058 0.9519230769230769 0.10919540229885058
0 1.2173076923076922 0.6163793103448276 1.2173076923076922 0.617816091954023 1.228846153846154 0.617816091954023 1.228846153846154 0.6163793103448276 1.2173076923076922 0.6163793103448276
0 0.5480769230769231 0.02586206896551724 0.5480769230769231 0.027298850574712645 0.5576923076923077 0.027298850574712645 0.5576923076923077 0.02586206896551724 0.5480769230769231 0.02586206896551724
0 0.18076923076923077 0.3218390804597701 0.18076923076923077 0.3232758620689655 0.18461538461538463 0.3232758620689655 0.18461538461538463 0.3218390804597701 0.18076923076923077 0.3218390804597701
0 0.5326923076923077 0.5933908045977011 0.5326923076923077 0.5948275862068966 0.5461538461538461 0.5948275862068966 0.5461538461538461 0.5933908045977011 0.5326923076923077 0.5933908045977011
0 1.0346153846153847 0.1910919540229885 1.0346153846153847 0.1925287356321839 1.0480769230769231 0.1925287356321839 1.0480769230769231 0.1910919540229885 1.0346153846153847 0.1910919540229885
0 1.1096153846153847 0.25287356321839083 1.1096153846153847 0.2543103448275862 1.126923076923077 0.2543103448275862 1.126923076923077 0.25287356321839083 1.1096153846153847 0.25287356321839083
0 0.4826923076923077 0.47844827586206895 0.4826923076923077 0.47988505747126436 0.5 0.47988505747126436 0.5 0.47844827586206895 0.4826923076923077 0.47844827586206895
0 0.43653846153846154 0.4339080459770115 0.43653846153846154 0.4353448275862069 0.4442307692307692 0.4353448275862069 0.4442307692307692 0.4339080459770115 0.43653846153846154 0.4339080459770115
0 0.9769230769230769 0.6882183908045977 0.9769230769230769 0.6896551724137931 0.9884615384615385 0.6896551724137931 0.9884615384615385 0.6882183908045977 0.9769230769230769 0.6882183908045977
0 0.8326923076923077 0.44396551724137934 0.8326923076923077 0.4454022988505747 0.8461538461538461 0.4454022988505747 0.8461538461538461 0.44396551724137934 0.8326923076923077 0.44396551724137934
0 0.975 0.21839080459770116 0.975 0.21982758620689655 0.9788461538461538 0.21982758620689655 0.9788461538461538 0.21839080459770116 0.975 0.21839080459770116
0 0.057692307692307696 0.08908045977011494 0.057692307692307696 0.09051724137931035 0.06346153846153846 0.09051724137931035 0.06346153846153846 0.08908045977011494 0.057692307692307696 0.08908045977011494
0 0.08846153846153847 0.4051724137931034 0.08846153846153847 0.40660919540229884 0.10384615384615385 0.40660919540229884 0.10384615384615385 0.4051724137931034 0.08846153846153847 0.4051724137931034
0 0.46923076923076923 0.3103448275862069 0.46923076923076923 0.3117816091954023 0.4846153846153846 0.3117816091954023 0.4846153846153846 0.3103448275862069 0.46923076923076923 0.3103448275862069
0 0.7115384615384616 0.3563218390804598 0.7115384615384616 0.3577586206896552 0.7173076923076923 0.3577586206896552 0.7173076923076923 0.3563218390804598 0.7115384615384616 0.3563218390804598
0 0.019230769230769232 0.027298850574712645 0.019230769230769232 0.028735632183908046 0.03653846153846154 0.028735632183908046 0.03653846153846154 0.027298850574712645 0.019230769230769232 0.027298850574712645
0 1.2307692307692308 0.13793103448275862 1.2307692307692308 0.13936781609195403 1.2403846153846154 0.13936781609195403 1.2403846153846154 0.13793103448275862 1.2307692307692308 0.13793103448275862
0 1.1961538461538461 0.20114942528735633 1.1961538461538461 0.2025862068965517 1.2038461538461538 0.2025862068965517 1.2038461538461538 0.20114942528735633 1.1961538461538461 0.20114942528735633
0 0.625 0.48419540229885055 0.625 0.48563218390804597 0.6519230769230769 0.48563218390804597 0.6519230769230769 0.48419540229885055 0.625 0.48419540229885055
0 0.3730769230769231 0.4353448275862069 0.3730769230769231 0.4367816091954023 0.38653846153846155 0.4367816091954023 0.38653846153846155 0.4353448275862069 0.3730769230769231 0.4353448275862069
0 0.4442307692307692 0.04741379310344827 0.4442307692307692 0.04885057471264368 0.4596153846153846 0.04885057471264368 0.4596153846153846 0.04741379310344827 0.4442307692307692 0.04741379310344827
0 0.31346153846153846 0.3045977011494253 0.31346153846153846 0.30603448275862066 0.3173076923076923 0.30603448275862066 0.3173076923076923 0.3045977011494253 0.31346153846153846 0.3045977011494253
0 0.2865384615384615 0.632183908045977 0.2865384615384615 0.6336206896551724 0.29615384615384616 0.6336206896551724 0.29615384615384616 0.632183908045977 0.2865384615384615 0.632183908045977
0 1.2115384615384615 0.033045977011494254 1.2115384615384615 0.034482758620689655 1.2153846153846153 0.034482758620689655 1.2153846153846153 0.033045977011494254 1.2115384615384615 0.033045977011494254
0 0.9846153846153847 0.5373563218390804 0.9846153846153847 0.5387931034482759 0.9884615384615385 0.5387931034482759 0.9884615384615385 0.5373563218390804 0.9846153846153847 0.5373563218390804
0 0.8653846153846154 0.45545977011494254 0.8653846153846154 0.45689655172413796 0.875 0.45689655172413796 0.875 0.45545977011494254 0.8653846153846154 0.45545977011494254
0 0.38846153846153847 0.7255747126436781 0.38846153846153847 0.7270114942528736 0.4096153846153846 0.7270114942528736 0.4096153846153846 0.7255747126436781 0.38846153846153847 0.7255747126436781
0 0.7807692307692308 0.06465517241379311 0.7807692307692308 0.06609195402298851 0.7884615384615384 0.06609195402298851 0.7884615384615384 0.06465517241379311 0.7807692307692308 0.06465517241379311
0 1.0961538461538463 0.5603448275862069 1.0961538461538463 0.5617816091954023 1.123076923076923 0.5617816091954023 1.123076923076923 0.5603448275862069 1.0961538461538463 0.5603448275862069
0 0.7038461538461539 0.033045977011494254 0.7038461538461539 0.034482758620689655 0.7096153846153846 0.034482758620689655 0.7096153846153846 0.033045977011494254 0.7038461538461539 0.033045977011494254
0 0.05961538461538462 0.3261494252873563 0.05961538461538462 0.3275862068965517 0.06153846153846154 0.3275862068965517 0.06153846153846154 0.3261494252873563 0.05961538461538462 0.3261494252873563
0 1.2096153846153845 0.2672413793103448 1.2096153846153845 0.2686781609195402 1.2230769230769232 0.2686781609195402 1.2230769230769232 0.2672413793103448 1.2096153846153845 0.2672413793103448
0 0.47692307692307695 0.014367816091954023 0.47692307692307695 0.015804597701149427 0.49230769230769234 0.015804597701149427 0.49230769230769234 0.014367816091954023 0.47692307692307695 0.014367816091954023
0 0.32884615384615384 0.367816091954023 0.32884615384615384 0.3692528735632184 0.3346153846153846 0.3692528735632184 0.3346153846153846 0.367816091954023 0.32884615384615384 0.367816091954023
0 0.25 0.16235632183908047 0.25 0.16379310344827586 0.25961538461538464 0.16379310344827586 0.25961538461538464 0.16235632183908047 0.25 0.16235632183908047
0 0.24807692307692308 0.41810344827586204 0.24807692307692308 0.41954022988505746 0.2519230769230769 0.41954022988505746 0.2519230769230769 0.41810344827586204 0.24807692307692308 0.41810344827586204
0 1.301923076923077 0.6422413793103449 1.301923076923077 0.6436781609195402 1.3096153846153846 0.6436781609195402 1.3096153846153846 0.6422413793103449 1.301923076923077 0.6422413793103449
0 1.0134615384615384 0.40229885057471265 1.0134615384615384 0.40373563218390807 1.021153846153846 0.40373563218390807 1.021153846153846 0.40229885057471265 1.0134615384615384 0.40229885057471265
0 0.6442307692307693 0.0 0.6442307692307693 0.0014367816091954023 0.6865384615384615 0.0014367816091954023 0.6865384615384615 0.0 0.6442307692307693 0.0
0 0.5288461538461539 0.0 0.5288461538461539 0.0014367816091954023 0.5711538461538461 0.0014367816091954023 0.5711538461538461 0.0 0.5288461538461539 0.0
0 0.775 0.14367816091954022 0.775 0.14511494252873564 0.7961538461538461 0.14511494252873564 0.7961538461538461 0.14367816091954022 0.775 0.14367816091954022
0 0.9673076923076923 0.5775862068965517 0.9673076923076923 0.5790229885057471 0.9923076923076923 0.5790229885057471 0.9923076923076923 0.5775862068965517 0.9673076923076923 0.5775862068965517
0 0.14423076923076922 0.14942528735632185 0.14423076923076922 0.15086206896551724 0.14807692307692308 0.15086206896551724 0.14807692307692308 0.14942528735632185 0.14423076923076922 0.14942528735632185
0 0.925 0.08333333333333333 0.925 0.08477011494252873 0.9307692307692308 0.08477011494252873 0.9307692307692308 0.08333333333333333 0.925 0.08333333333333333
0 0.6076923076923076 0.10057471264367816 0.6076923076923076 0.10201149425287356 0.625 0.10201149425287356 0.625 0.10057471264367816 0.6076923076923076 0.10057471264367816
0 0.22692307692307692 0.6149425287356322 0.22692307692307692 0.6163793103448276 0.24807692307692308 0.6163793103448276 0.24807692307692308 0.6149425287356322 0.22692307692307692 0.6149425287356322
0 0.5326923076923077 0.36637931034482757 0.5326923076923077 0.367816091954023 0.5557692307692308 0.367816091954023 0.5557692307692308 0.36637931034482757 0.5326923076923077 0.36637931034482757
0 1.1134615384615385 0.6939655172413793 1.1134615384615385 0.6954022988505747 1.1173076923076923 0.6954022988505747 1.1173076923076923 0.6939655172413793 1.1134615384615385 0.6939655172413793
0 0.7403846153846154 0.0 0.7403846153846154 0.0014367816091954023 0.775 0.0014367816091954023 0.775 0.0 0.7403846153846154 0.0
0 0.6115384615384616 0.1882183908045977 0.6115384615384616 0.1896551724137931 0.6615384615384615 0.1896551724137931 0.6615384615384615 0.1882183908045977 0.6115384615384616 0.1882183908045977
0 0.20384615384615384 0.5919540229885057 0.20384615384615384 0.5933908045977011 0.21346153846153845 0.5933908045977011 0.21346153846153845 0.5919540229885057 0.20384615384615384 0.5919540229885057
0 1.2596153846153846 0.1910919540229885 1.2596153846153846 0.1925287356321839 1.273076923076923 0.1925287356321839 1.273076923076923 0.1910919540229885 1.2596153846153846 0.1910919540229885
0 1.126923076923077 0.3275862068965517 1.126923076923077 0.3290229885057471 1.1307692307692307 0.3290229885057471 1.1307692307692307 0.3275862068965517 1.126923076923077 0.3275862068965517
0 0.4288461538461538 0.34339080459770116 0.4288461538461538 0.3448275862068966 0.43846153846153846 0.3448275862068966 0.43846153846153846 0.34339080459770116 0.4288461538461538 0.34339080459770116
0 1.2865384615384616 0.35919540229885055 1.2865384615384616 0.36063218390804597 1.301923076923077 0.36063218390804597 1.301923076923077 0.35919540229885055 1.2865384615384616 0.35919540229885055
0 0.9519230769230769 0.0 0.9519230769230769 0.0014367816091954023 1.0 0.0014367816091954023 1.0 0.0 0.9519230769230769 0.0
0 0.8115384615384615 0.34626436781609193 0.8115384615384615 0.34770114942528735 0.8173076923076923 0.34770114942528735 0.8173076923076923 0.34626436781609193 0.8115384615384615 0.34626436781609193
0 0.4269230769230769 0.5876436781609196 0.4269230769230769 0.5890804597701149 0.4326923076923077 0.5890804597701149 0.4326923076923077 0.5876436781609196 0.4269230769230769 0.5876436781609196
0 1.126923076923077 0.5129310344827587 1.126923076923077 0.514367816091954 1.1384615384615384 0.514367816091954 1.1384615384615384 0.5129310344827587 1.126923076923077 0.5129310344827587
0 0.5826923076923077 0.46695402298850575 0.5826923076923077 0.46839080459770116 0.5903846153846154 0.46839080459770116 0.5903846153846154 0.46695402298850575 0.5826923076923077 0.46695402298850575
0 1.1711538461538462 0.6781609195402298 1.1711538461538462 0.6795977011494253 1.1961538461538461 0.6795977011494253 1.1961538461538461 0.6781609195402298 1.1711538461538462 0.6781609195402298
0 0.5230769230769231 0.5517241379310345 0.5230769230769231 0.5531609195402298 0.5384615384615384 0.5531609195402298 0.5384615384615384 0.5517241379310345 0.5230769230769231 0.5517241379310345
0 0.8076923076923077 0.16810344827586207 0.8076923076923077 0.16954022988505746 0.8173076923076923 0.16954022988505746 0.8173076923076923 0.16810344827586207 0.8076923076923077 0.16810344827586207
0 1.0807692307692307 0.4885057471264368 1.0807692307692307 0.4899425287356322 1.0923076923076922 0.4899425287356322 1.0923076923076922 0.4885057471264368 1.0807692307692307 0.4885057471264368
0 0.18846153846153846 0.39080459770114945 0.18846153846153846 0.3922413793103448 0.2 0.3922413793103448 0.2 0.39080459770114945 0.18846153846153846 0.39080459770114945
0 0.5615384615384615 0.4985632183908046 0.5615384615384615 0.5 0.5711538461538461 0.5 0.5711538461538461 0.4985632183908046 0.5615384615384615 0.4985632183908046
0 1.0153846153846153 0.13649425287356323 1.0153846153846153 0.13793103448275862 1.0326923076923078 0.13793103448275862 1.0326923076923078 0.13649425287356323 1.0153846153846153 0.13649425287356323
0 0.3230769230769231 0.5057471264367817 0.3230769230769231 0.507183908045977 0.32884615384615384 0.507183908045977 0.32884615384615384 0.5057471264367817 0.3230769230769231 0.5057471264367817
0 0.7846153846153846 0.29310344827586204 0.7846153846153846 0.29454022988505746 0.7923076923076923 0.29454022988505746 0.7923076923076923 0.29310344827586204 0.7846153846153846 0.29310344827586204
0 1.0846153846153845 0.40804597701149425 1.0846153846153845 0.40948275862068967 1.0980769230769232 0.40948275862068967 1.0980769230769232 0.40804597701149425 1.0846153846153845 0.40804597701149425
0 0.9134615384615384 0.4985632183908046 0.9134615384615384 0.5 0.9230769230769231 0.5 0.9230769230769231 0.4985632183908046 0.9134615384615384 0.4985632183908046
0 0.0 0.5574712643678161 0.0 0.5589080459770115 0.0038461538461538464 0.5589080459770115 0.0038461538461538464 0.5574712643678161 0.0 0.5574712643678161
0 1.0096153846153846 0.27298850574712646 1.0096153846153846 0.2744252873563218 1.0192307692307692 0.2744252873563218 1.0192307692307692 0.27298850574712646 1.0096153846153846 0.27298850574712646
0 1.1807692307692308 0.41522988505747127 1.1807692307692308 0.4166666666666667 1.1846153846153846 0.4166666666666667 1.1846153846153846 0.41522988505747127 1.1807692307692308 0.41522988505747127
0 1.2923076923076924 0.3850574712643678 1.2923076923076924 0.3864942528735632 1.3 0.3864942528735632 1.3 0.3850574712643678 1.2923076923076924 0.3850574712643678
0 0.4846153846153846 0.1235632183908046 0.4846153846153846 0.125 0.49038461538461536 0.125 0.49038461538461536 0.1235632183908046 0.4846153846153846 0.1235632183908046
0 0.2423076923076923 0.09626436781609195 0.2423076923076923 0.09770114942528736 0.24807692307692308 0.09770114942528736 0.24807692307692308 0.09626436781609195 0.2423076923076923 0.09626436781609195
0 0.3596153846153846 0.0 0.3596153846153846 0.0014367816091954023 0.40192307692307694 0.0014367816091954023 0.40192307692307694 0.0 0.3596153846153846 0.0
0 0.10192307692307692 0.39080459770114945 0.10192307692307692 0.3922413793103448 0.11153846153846154 0.3922413793103448 0.11153846153846154 0.39080459770114945 0.10192307692307692 0.39080459770114945
0 0.575 0.5747126436781609 0.575 0.5761494252873564 0.5903846153846154 0.5761494252873564 0.5903846153846154 0.5747126436781609 0.575 0.5747126436781609
0 0.5769230769230769 0.4224137931034483 0.5769230769230769 0.4238505747126437 0.5961538461538461 0.4238505747126437 0.5961538461538461 0.4224137931034483 0.5769230769230769 0.4224137931034483
0 0.6538461538461539 0.4640804597701149 0.6538461538461539 0.46551724137931033 0.6711538461538461 0.46551724137931033 0.6711538461538461 0.4640804597701149 0.6538461538461539 0.4640804597701149
0 0.1673076923076923 0.40373563218390807 0.1673076923076923 0.4051724137931034 0.17884615384615385 0.4051724137931034 0.17884615384615385 0.40373563218390807 0.1673076923076923 0.40373563218390807
0 0.7115384615384616 0.6853448275862069 0.7115384615384616 0.6867816091954023 0.7173076923076923 0.6867816091954023 0.7173076923076923 0.6853448275862069 0.7115384615384616 0.6853448275862069
0 1.2673076923076922 0.2629310344827586 1.2673076923076922 0.26436781609195403 1.273076923076923 0.26436781609195403 1.273076923076923 0.2629310344827586 1.2673076923076922 0.2629310344827586
0 0.33653846153846156 0.005747126436781609 0.33653846153846156 0.007183908045977011 0.35 0.007183908045977011 0.35 0.005747126436781609 0.33653846153846156 0.005747126436781609
0 0.7038461538461539 0.021551724137931036 0.7038461538461539 0.022988505747126436 0.7211538461538461 0.022988505747126436 0.7211538461538461 0.021551724137931036 0.7038461538461539 0.021551724137931036
0 0.9057692307692308 0.06465517241379311 0.9057692307692308 0.06609195402298851 0.9192307692307692 0.06609195402298851 0.9192307692307692 0.06465517241379311 0.9057692307692308 0.06465517241379311
0 0.04807692307692308 0.1882183908045977 0.04807692307692308 0.1896551724137931 0.05384615384615385 0.1896551724137931 0.05384615384615385 0.1882183908045977 0.04807692307692308 0.1882183908045977
0 0.7538461538461538 0.6293103448275862 0.7538461538461538 0.6307471264367817 0.7596153846153846 0.6307471264367817 0.7596153846153846 0.6293103448275862 0.7538461538461538 0.6293103448275862
0 0.9942307692307693 0.10632183908045977 0.9942307692307693 0.10775862068965517 1.0057692307692307 0.10775862068965517 1.0057692307692307 0.10632183908045977 0.9942307692307693 0.10632183908045977
0 0.04230769230769231 0.22270114942528735 0.04230769230769231 0.22413793103448276 0.05384615384615385 0.22413793103448276 0.05384615384615385 0.22270114942528735 0.04230769230769231 0.22270114942528735
0 0.021153846153846155 0.22557471264367815 0.021153846153846155 0.22701149425287356 0.03653846153846154 0.22701149425287356 0.03653846153846154 0.22557471264367815 0.021153846153846155 0.22557471264367815
0 0.9346153846153846 0.05316091954022988 0.9346153846153846 0.05459770114942529 0.9423076923076923 0.05459770114942529 0.9423076923076923 0.05316091954022988 0.9346153846153846 0.05316091954022988
0 1.0980769230769232 0.6522988505747126 1.0980769230769232 0.6537356321839081 1.101923076923077 0.6537356321839081 1.101923076923077 0.6522988505747126 1.0980769230769232 0.6522988505747126