0 0.6796875 0.0 0.6796875 0.003125 0.875 0.003125 0.875 0.0 0.6796875 0.0
0 0.47265625 0.353125 0.47265625 0.35625 0.49609375 0.35625 0.49609375 0.353125 0.47265625 0.353125
0 0.82421875 0.54375 0.82421875 0.546875 0.8984375 0.546875 0.8984375 0.54375 0.82421875 0.54375
0 0.921875 0.025 0.921875 0.028125 0.98046875 0.028125 0.98046875 0.025 0.921875 0.025
0 0.6953125 0.1625 0.6953125 0.165625 0.73046875 0.165625 0.73046875 0.1625 0.6953125 0.1625
0 0.875 0.35625 0.875 0.359375 0.890625 0.359375 0.890625 0.35625 0.875 0.35625
0 0.14453125 0.215625 0.14453125 0.21875 0.1796875 0.21875 0.1796875 0.215625 0.14453125 0.215625
0 0.75 0.271875 0.75 0.275 0.76171875 0.275 0.76171875 0.271875 0.75 0.271875
0 0.89453125 0.534375 0.89453125 0.5375 0.96875 0.5375 0.96875 0.534375 0.89453125 0.534375
0 0.65234375 0.36875 0.65234375 0.371875 0.7109375 0.371875 0.7109375 0.36875 0.65234375 0.36875
0 0.1171875 0.58125 0.1171875 0.584375 0.125 0.584375 0.125 0.58125 0.1171875 0.58125
0 0.5390625 0.671875 0.5390625 0.675 0.55078125 0.675 0.55078125 0.671875 0.5390625 0.671875
0 0.74609375 0.54375 0.74609375 0.546875 0.80078125 0.546875 0.80078125 0.54375 0.74609375 0.54375
0 0.4609375 0.715625 0.4609375 0.71875 0.4765625 0.71875 0.4765625 0.715625 0.4609375 0.715625
0 0.8125 0.590625 0.8125 0.59375 0.90625 0.59375 0.90625 0.590625 0.8125 0.590625