0 0.9519230769230769 0.040229885057471264 0.9519230769230769 0.041666666666666664 0.9692307692307692 0.041666666666666664 0.9692307692307692 0.040229885057471264 0.9519230769230769 0.040229885057471264
0 0.0057692307692307696 0.5416666666666666 0.0057692307692307696 0.5431034482758621 0.011538461538461539 0.5431034482758621 0.011538461538461539 0.5416666666666666 0.0057692307692307696 0.5416666666666666
0 0.3576923076923077 0.15517241379310345 0.3576923076923077 0.15660919540229884 0.36538461538461536 0.15660919540229884 0.36538461538461536 0.15517241379310345 0.3576923076923077 0.15517241379310345
0 1.073076923076923 0.7097701149425287 1.073076923076923 0.7112068965517241 1.0826923076923076 0.7112068965517241 1.0826923076923076 0.7097701149425287 1.073076923076923 0.7097701149425287
0 0.06538461538461539 0.6005747126436781 0.06538461538461539 0.6020114942528736 0.09230769230769231 0.6020114942528736 0.09230769230769231 0.6005747126436781 0.06538461538461539 0.6005747126436781
0 1.0538461538461539 0.34913793103448276 1.0538461538461539 0.3505747126436782 1.0634615384615385 0.3505747126436782 1.0634615384615385 0.34913793103448276 1.0538461538461539 0.34913793103448276
0 0.7653846153846153 0.15804597701149425 0.7653846153846153 0.15948275862068967 0.7692307692307693 0.15948275862068967 0.7692307692307693 0.15804597701149425 0.7653846153846153 0.15804597701149425
0 1.05 0.14080459770114942 1.05 0.14224137931034483 1.0692307692307692 0.14224137931034483 1.0692307692307692 0.14080459770114942 1.05 0.14080459770114942
0 1.2403846153846154 0.2629310344827586 1.2403846153846154 0.26436781609195403 1.248076923076923 0.26436781609195403 1.248076923076923 0.2629310344827586 1.2403846153846154 0.2629310344827586
0 1.2596153846153846 0.37212643678160917 1.2596153846153846 0.3735632183908046 1.271153846153846 0.3735632183908046 1.271153846153846 0.37212643678160917 1.2596153846153846 0.37212643678160917
0 0.20576923076923076 0.6867816091954023 0.20576923076923076 0.6882183908045977 0.2153846153846154 0.6882183908045977 0.2153846153846154 0.6867816091954023 0.20576923076923076 0.6867816091954023
0 0.6461538461538462 0.6580459770114943 0.6461538461538462 0.6594827586206896 0.6576923076923077 0.6594827586206896 0.6576923076923077 0.6580459770114943 0.6461538461538462 0.6580459770114943
0 0.16346153846153846 0.5114942528735632 0.16346153846153846 0.5129310344827587 0.1673076923076923 0.5129310344827587 0.1673076923076923 0.5114942528735632 0.16346153846153846 0.5114942528735632
0 1.0576923076923077 0.4454022988505747 1.0576923076923077 0.4468390804597701 1.0673076923076923 0.4468390804597701 1.0673076923076923 0.4454022988505747 1.0576923076923077 0.4454022988505747
0 1.123076923076923 0.7270114942528736 1.123076923076923 0.728448275862069 1.126923076923077 0.728448275862069 1.126923076923077 0.7270114942528736 1.123076923076923 0.7270114942528736
0 1.1961538461538461 0.6752873563218391 1.1961538461538461 0.6767241379310345 1.2173076923076922 0.6767241379310345 1.2173076923076922 0.6752873563218391 1.1961538461538461 0.6752873563218391
0 0.3576923076923077 0.20402298850574713 0.3576923076923077 0.20545977011494254 0.3730769230769231 0.20545977011494254 0.3730769230769231 0.20402298850574713 0.3576923076923077 0.20402298850574713
0 0.5980769230769231 0.1939655172413793 0.5980769230769231 0.19540229885057472 0.6134615384615385 0.19540229885057472 0.6134615384615385 0.1939655172413793 0.5980769230769231 0.1939655172413793
0 0.38653846153846155 0.5344827586206896 0.38653846153846155 0.5359195402298851 0.4 0.5359195402298851 0.4 0.5344827586206896 0.38653846153846155 0.5344827586206896
0 0.45576923076923076 0.08333333333333333 0.45576923076923076 0.08477011494252873 0.4807692307692308 0.08477011494252873 0.4807692307692308 0.08333333333333333 0.45576923076923076 0.08333333333333333
0 0.3346153846153846 0.6982758620689655 0.3346153846153846 0.6997126436781609 0.3403846153846154 0.6997126436781609 0.3403846153846154 0.6982758620689655 0.3346153846153846 0.6982758620689655
0 0.10192307692307692 0.1824712643678161 0.10192307692307692 0.1839080459770115 0.11346153846153846 0.1839080459770115 0.11346153846153846 0.1824712643678161 0.10192307692307692 0.1824712643678161
0 0.4269230769230769 0.2471264367816092 0.4269230769230769 0.24856321839080459 0.4403846153846154 0.24856321839080459 0.4403846153846154 0.2471264367816092 0.4269230769230769 0.2471264367816092
0 0.125 0.35919540229885055 0.125 0.36063218390804597 0.1346153846153846 0.36063218390804597 0.1346153846153846 0.35919540229885055 0.125 0.35919540229885055
0 0.28846153846153844 0.3850574712643678 0.28846153846153844 0.3864942528735632 0.2923076923076923 0.3864942528735632 0.2923076923076923 0.3850574712643678 0.28846153846153844 0.3850574712643678
0 0.5557692307692308 0.005747126436781609 0.5557692307692308 0.007183908045977011 0.5673076923076923 0.007183908045977011 0.5673076923076923 0.005747126436781609 0.5557692307692308 0.005747126436781609
0 1.1134615384615385 0.29022988505747127 1.1134615384615385 0.2916666666666667 1.1307692307692307 0.2916666666666667 1.1307692307692307 0.29022988505747127 1.1134615384615385 0.29022988505747127
0 0.0 0.7068965517241379 0.0 0.7083333333333334 0.015384615384615385 0.7083333333333334 0.015384615384615385 0.7068965517241379 0.0 0.7068965517241379
0 0.032692307692307694 0.2025862068965517 0.032692307692307694 0.20402298850574713 0.038461538461538464 0.20402298850574713 0.038461538461538464 0.2025862068965517 0.032692307692307694 0.2025862068965517
0 0.7576923076923077 0.15229885057471265 0.7576923076923077 0.15373563218390804 0.7769230769230769 0.15373563218390804 0.7769230769230769 0.15229885057471265 0.7576923076923077 0.15229885057471265
0 1.3153846153846154 0.5632183908045977 1.3153846153846154 0.5646551724137931 1.323076923076923 0.5646551724137931 1.323076923076923 0.5632183908045977 1.3153846153846154 0.5632183908045977
0 0.9769230769230769 0.3089080459770115 0.9769230769230769 0.3103448275862069 0.9903846153846154 0.3103448275862069 0.9903846153846154 0.3089080459770115 0.9769230769230769 0.3089080459770115
0 0.16346153846153846 0.07471264367816093 0.16346153846153846 0.07614942528735633 0.18076923076923077 0.07614942528735633 0.18076923076923077 0.07471264367816093 0.16346153846153846 0.07471264367816093
0 1.1961538461538461 0.3922413793103448 1.1961538461538461 0.3936781609195402 1.2057692307692307 0.3936781609195402 1.2057692307692307 0.3922413793103448 1.1961538461538461 0.3922413793103448
0 0.6903846153846154 0.5991379310344828 0.6903846153846154 0.6005747126436781 0.7076923076923077 0.6005747126436781 0.7076923076923077 0.5991379310344828 0.6903846153846154 0.5991379310344828
0 1.0365384615384616 0.7169540229885057 1.0365384615384616 0.7183908045977011 1.0596153846153846 0.7183908045977011 1.0596153846153846 0.7169540229885057 1.0365384615384616 0.7169540229885057
0 0.8346153846153846 0.6120689655172413 0.8346153846153846 0.6135057471264368 0.8423076923076923 0.6135057471264368 0.8423076923076923 0.6120689655172413 0.8346153846153846 0.6120689655172413
0 1.1288461538461538 0.04885057471264368 1.1288461538461538 0.05028735632183908 1.146153846153846 0.05028735632183908 1.146153846153846 0.04885057471264368 1.1288461538461538 0.04885057471264368
0 1.325 0.735632183908046 1.325 0.7370689655172413 1.3346153846153845 0.7370689655172413 1.3346153846153845 0.735632183908046 1.325 0.735632183908046
0 1.1538461538461537 0.5718390804597702 1.1538461538461537 0.5732758620689655 1.1730769230769231 0.5732758620689655 1.1730769230769231 0.5718390804597702 1.1538461538461537 0.5718390804597702
0 0.021153846153846155 0.34626436781609193 0.021153846153846155 0.34770114942528735 0.04230769230769231 0.34770114942528735 0.04230769230769231 0.34626436781609193 0.021153846153846155 0.34626436781609193
0 0.8903846153846153 0.21264367816091953 0.8903846153846153 0.21408045977011494 0.9057692307692308 0.21408045977011494 0.9057692307692308 0.21264367816091953 0.8903846153846153 0.21264367816091953
0 0.6153846153846154 0.4468390804597701 0.6153846153846154 0.4482758620689655 0.6384615384615384 0.4482758620689655 0.6384615384615384 0.4468390804597701 0.6153846153846154 0.4468390804597701
0 0.28076923076923077 0.5876436781609196 0.28076923076923077 0.5890804597701149 0.2846153846153846 0.5890804597701149 0.2846153846153846 0.5876436781609196 0.28076923076923077 0.5876436781609196
0 0.25384615384615383 0.603448275862069 0.25384615384615383 0.6048850574712644 0.2673076923076923 0.6048850574712644 0.2673076923076923 0.603448275862069 0.25384615384615383 0.603448275862069
0 1.15 0.43103448275862066 1.15 0.4324712643678161 1.1615384615384616 0.4324712643678161 1.1615384615384616 0.43103448275862066 1.15 0.43103448275862066
0 0.9807692307692307 0.507183908045977 0.9807692307692307 0.5086206896551724 0.9884615384615385 0.5086206896551724 0.9884615384615385 0.507183908045977 0.9807692307692307 0.507183908045977
0 0.5673076923076923 0.15660919540229884 0.5673076923076923 0.15804597701149425 0.573076923076923 0.15804597701149425 0.573076923076923 0.15660919540229884 0.5673076923076923 0.15660919540229884
0 1.0711538461538461 0.5172413793103449 1.0711538461538461 0.5186781609195402 1.0961538461538463 0.5186781609195402 1.0961538461538463 0.5172413793103449 1.0711538461538461 0.5172413793103449
0 1.0 0.13793103448275862 1.0 0.13936781609195403 1.0115384615384615 0.13936781609195403 1.0115384615384615 0.13793103448275862 1.0 0.13793103448275862
0 1.3134615384615385 0.5359195402298851 1.3134615384615385 0.5373563218390804 1.3269230769230769 0.5373563218390804 1.3269230769230769 0.5359195402298851 1.3134615384615385 0.5359195402298851
0 0.8288461538461539 0.47988505747126436 0.8288461538461539 0.4813218390804598 0.8423076923076923 0.4813218390804598 0.8423076923076923 0.47988505747126436 0.8288461538461539 0.47988505747126436
0 0.7365384615384616 0.7385057471264368 0.7365384615384616 0.7399425287356322 0.7480769230769231 0.7399425287356322 0.7480769230769231 0.7385057471264368 0.7365384615384616 0.7385057471264368
0 0.11346153846153846 0.05890804597701149 0.11346153846153846 0.0603448275862069 0.12115384615384615 0.0603448275862069 0.12115384615384615 0.05890804597701149 0.11346153846153846 0.05890804597701149
0 0.009615384615384616 0.09913793103448276 0.009615384615384616 0.10057471264367816 0.03653846153846154 0.10057471264367816 0.03653846153846154 0.09913793103448276 0.009615384615384616 0.09913793103448276
0 0.7211538461538461 0.2744252873563218 0.7211538461538461 0.27586206896551724 0.7288461538461538 0.27586206896551724 0.7288461538461538 0.2744252873563218 0.7211538461538461 0.2744252873563218
0 0.33076923076923076 0.6278735632183908 0.33076923076923076 0.6293103448275862 0.34807692307692306 0.6293103448275862 0.34807692307692306 0.6278735632183908 0.33076923076923076 0.6278735632183908
0 0.6269230769230769 0.4166666666666667 0.6269230769230769 0.41810344827586204 0.6442307692307693 0.41810344827586204 0.6442307692307693 0.4166666666666667 0.6269230769230769 0.4166666666666667
0 0.2846153846153846 0.0 0.2846153846153846 0.0014367816091954023 0.3423076923076923 0.0014367816091954023 0.3423076923076923 0.0 0.2846153846153846 0.0
0 0.3057692307692308 0.4468390804597701 0.3057692307692308 0.4482758620689655 0.31153846153846154 0.4482758620689655 0.31153846153846154 0.4468390804597701 0.3057692307692308 0.4468390804597701
0 0.06153846153846154 0.5804597701149425 0.06153846153846154 0.5818965517241379 0.06923076923076923 0.5818965517241379 0.06923076923076923 0.5804597701149425 0.06153846153846154 0.5804597701149425
0 0.11153846153846154 0.21408045977011494 0.11153846153846154 0.21551724137931033 0.12884615384615383 0.21551724137931033 0.12884615384615383 0.21408045977011494 0.11153846153846154 0.21408045977011494
0 0.9307692307692308 0.3936781609195402 0.9307692307692308 0.39511494252873564 0.948076923076923 0.39511494252873564 0.948076923076923 0.3936781609195402 0.9307692307692308 0.3936781609195402
0 1.1942307692307692 0.4813218390804598 1.1942307692307692 0.4827586206896552 1.2153846153846153 0.4827586206896552 1.2153846153846153 0.4813218390804598 1.1942307692307692 0.4813218390804598
0 0.10961538461538461 0.16666666666666666 0.10961538461538461 0.16810344827586207 0.12884615384615383 0.16810344827586207 0.12884615384615383 0.16666666666666666 0.10961538461538461 0.16666666666666666
0 0.038461538461538464 0.7341954022988506 0.038461538461538464 0.735632183908046 0.046153846153846156 0.735632183908046 0.046153846153846156 0.7341954022988506 0.038461538461538464 0.7341954022988506
0 0.28846153846153844 0.5330459770114943 0.28846153846153844 0.5344827586206896 0.3019230769230769 0.5344827586206896 0.3019230769230769 0.5330459770114943 0.28846153846153844 0.5330459770114943
0 0.9615384615384616 0.5043103448275862 0.9615384615384616 0.5057471264367817 0.975 0.5057471264367817 0.975 0.5043103448275862 0.9615384615384616 0.5043103448275862
0 0.11153846153846154 0.6681034482758621 0.11153846153846154 0.6695402298850575 0.12115384615384615 0.6695402298850575 0.12115384615384615 0.6681034482758621 0.11153846153846154 0.6681034482758621
0 0.28076923076923077 0.40373563218390807 0.28076923076923077 0.4051724137931034 0.2923076923076923 0.4051724137931034 0.2923076923076923 0.40373563218390807 0.28076923076923077 0.40373563218390807