0 0.2890625 0.109375 0.2890625 0.1125 0.3125 0.1125 0.3125 0.109375 0.2890625 0.109375
0 0.58203125 0.346875 0.58203125 0.35 0.59375 0.35 0.59375 0.346875 0.58203125 0.346875
0 1.1953125 0.334375 1.1953125 0.3375 1.21484375 0.3375 1.21484375 0.334375 1.1953125 0.334375
0 0.8984375 0.61875 0.8984375 0.621875 0.90625 0.621875 0.90625 0.61875 0.8984375 0.61875
0 1.109375 0.790625 1.109375 0.79375 1.125 0.79375 1.125 0.790625 1.109375 0.790625
0 0.53515625 0.0 0.53515625 0.003125 0.57421875 0.003125 0.57421875 0.0 0.53515625 0.0
0 1.19140625 0.06875 1.19140625 0.071875 1.21484375 0.071875 1.21484375 0.06875 1.19140625 0.06875
0 0.39453125 0.528125 0.39453125 0.53125 0.4140625 0.53125 0.4140625 0.528125 0.39453125 0.528125
0 0.109375 0.6375 0.109375 0.640625 0.1171875 0.640625 0.1171875 0.6375 0.109375 0.6375
0 0.3046875 0.49375 0.3046875 0.496875 0.32421875 0.496875 0.32421875 0.49375 0.3046875 0.49375
0 1.19921875 0.621875 1.19921875 0.625 1.20703125 0.625 1.20703125 0.621875 1.19921875 0.621875
0 0.06640625 0.365625 0.06640625 0.36875 0.0703125 0.36875 0.0703125 0.365625 0.06640625 0.365625
0 0.47265625 0.403125 0.47265625 0.40625 0.48828125 0.40625 0.48828125 0.403125 0.47265625 0.403125
0 0.15234375 0.196875 0.15234375 0.2 0.16796875 0.2 0.16796875 0.196875 0.15234375 0.196875
0 0.35546875 0.571875 0.35546875 0.575 0.37890625 0.575 0.37890625 0.571875 0.35546875 0.571875
0 0.3671875 0.375 0.3671875 0.378125 0.37890625 0.378125 0.37890625 0.375 0.3671875 0.375
0 0.6171875 0.73125 0.6171875 0.734375 0.62890625 0.734375 0.62890625 0.73125 0.6171875 0.73125
0 0.4921875 0.734375 0.4921875 0.7375 0.50390625 0.7375 0.50390625 0.734375 0.4921875 0.734375
0 0.53515625 0.484375 0.53515625 0.4875 0.54296875 0.4875 0.54296875 0.484375 0.53515625 0.484375
0 0.8984375 0.69375 0.8984375 0.696875 0.91015625 0.696875 0.91015625 0.69375 0.8984375 0.69375
0 0.421875 0.709375 0.421875 0.7125 0.43359375 0.7125 0.43359375 0.709375 0.421875 0.709375
0 0.64453125 0.746875 0.64453125 0.75 0.6640625 0.75 0.6640625 0.746875 0.64453125 0.746875
0 0.98046875 0.446875 0.98046875 0.45 0.9921875 0.45 0.9921875 0.446875 0.98046875 0.446875
0 1.0625 0.090625 1.0625 0.09375 1.07421875 0.09375 1.07421875 0.090625 1.0625 0.090625
0 0.1484375 0.4 0.1484375 0.403125 0.171875 0.403125 0.171875 0.4 0.1484375 0.4
0 0.0390625 0.596875 0.0390625 0.6 0.05078125 0.6 0.05078125 0.596875 0.0390625 0.596875
0 0.40234375 0.303125 0.40234375 0.30625 0.42578125 0.30625 0.42578125 0.303125 0.40234375 0.303125
0 0.78125 0.3375 0.78125 0.340625 0.79296875 0.340625 0.79296875 0.3375 0.78125 0.3375
0 1.18359375 0.771875 1.18359375 0.775 1.19140625 0.775 1.19140625 0.771875 1.18359375 0.771875
0 0.14453125 0.0 0.14453125 0.003125 0.18359375 0.003125 0.18359375 0.0 0.14453125 0.0