0 0.19140625 0.009375 0.19140625 0.0125 0.19921875 0.0125 0.19921875 0.009375 0.19140625 0.009375
0 0.734375 0.0 0.734375 0.003125 0.7734375 0.003125 0.7734375 0.0 0.734375 0.0
0 0.26171875 0.34375 0.26171875 0.346875 0.27734375 0.346875 0.27734375 0.34375 0.26171875 0.34375
0 0.3984375 0.240625 0.3984375 0.24375 0.4140625 0.24375 0.4140625 0.240625 0.3984375 0.240625
0 1.19140625 0.384375 1.19140625 0.3875 1.23046875 0.3875 1.23046875 0.384375 1.19140625 0.384375
0 1.2109375 0.184375 1.2109375 0.1875 1.2265625 0.1875 1.2265625 0.184375 1.2109375 0.184375
0 0.41796875 0.09375 0.41796875 0.096875 0.4375 0.096875 0.4375 0.09375 0.41796875 0.09375
0 0.52734375 0.0 0.52734375 0.003125 0.6015625 0.003125 0.6015625 0.0 0.52734375 0.0
0 0.40625 0.390625 0.40625 0.39375 0.4375 0.39375 0.4375 0.390625 0.40625 0.390625
0 0.81640625 0.0625 0.81640625 0.065625 0.85546875 0.065625 0.85546875 0.0625 0.81640625 0.0625
0 0.35546875 0.275 0.35546875 0.278125 0.4140625 0.278125 0.4140625 0.275 0.35546875 0.275
0 1.12109375 0.121875 1.12109375 0.125 1.15234375 0.125 1.15234375 0.121875 1.12109375 0.121875
0 0.796875 0.028125 0.796875 0.03125 0.80859375 0.03125 0.80859375 0.028125 0.796875 0.028125
0 0.11328125 0.696875 0.11328125 0.7 0.125 0.7 0.125 0.696875 0.11328125 0.696875
0 1.11328125 0.071875 1.11328125 0.075 1.12890625 0.075 1.12890625 0.071875 1.11328125 0.071875
0 0.9765625 0.30625 0.9765625 0.309375 1.03125 0.309375 1.03125 0.30625 0.9765625 0.30625
0 0.7890625 0.0 0.7890625 0.003125 0.8515625 0.003125 0.8515625 0.0 0.7890625 0.0
0 1.0078125 0.1375 1.0078125 0.140625 1.0234375 0.140625 1.0234375 0.1375 1.0078125 0.1375
0 0.41796875 0.48125 0.41796875 0.484375 0.47265625 0.484375 0.47265625 0.48125 0.41796875 0.48125
0 1.015625 0.634375 1.015625 0.6375 1.0390625 0.6375 1.0390625 0.634375 1.015625 0.634375
0 0.4609375 0.73125 0.4609375 0.734375 0.47265625 0.734375 0.47265625 0.73125 0.4609375 0.73125
0 0.91015625 0.534375 0.91015625 0.5375 0.9296875 0.5375 0.9296875 0.534375 0.91015625 0.534375
0 0.1953125 0.096875 0.1953125 0.1 0.21875 0.1 0.21875 0.096875 0.1953125 0.096875
0 0.7734375 0.0875 0.7734375 0.090625 0.8125 0.090625 0.8125 0.0875 0.7734375 0.0875
0 1.1953125 0.353125 1.1953125 0.35625 1.21875 0.35625 1.21875 0.353125 1.1953125 0.353125
0 0.8828125 0.275 0.8828125 0.278125 0.921875 0.278125 0.921875 0.275 0.8828125 0.275
0 0.078125 0.25625 0.078125 0.259375 0.09765625 0.259375 0.09765625 0.25625 0.078125 0.25625
0 1.1640625 0.771875 1.1640625 0.775 1.17578125 0.775 1.17578125 0.771875 1.1640625 0.771875
0 0.03125 0.696875 0.03125 0.7 0.05078125 0.7 0.05078125 0.696875 0.03125 0.696875
0 0.7265625 0.0875 0.7265625 0.090625 0.75390625 0.090625 0.75390625 0.0875 0.7265625 0.0875
0 0.8984375 0.31875 0.8984375 0.321875 0.9453125 0.321875 0.9453125 0.31875 0.8984375 0.31875
0 0.296875 0.040625 0.296875 0.04375 0.38671875 0.04375 0.38671875 0.040625 0.296875 0.040625
0 1.12890625 0.309375 1.12890625 0.3125 1.13671875 0.3125 1.13671875 0.309375 1.12890625 0.309375
0 1.109375 0.371875 1.109375 0.375 1.15625 0.375 1.15625 0.371875 1.109375 0.371875
0 1.0078125 0.259375 1.0078125 0.2625 1.02734375 0.2625 1.02734375 0.259375 1.0078125 0.259375
0 1.11328125 0.734375 1.11328125 0.7375 1.125 0.7375 1.125 0.734375 1.11328125 0.734375
0 0.58984375 0.790625 0.58984375 0.79375 0.60546875 0.79375 0.60546875 0.790625 0.58984375 0.790625