0 0.5234375 0.0375 0.5234375 0.040625 0.54296875 0.040625 0.54296875 0.0375 0.5234375 0.0375
0 0.88671875 0.16875 0.88671875 0.171875 0.9140625 0.171875 0.9140625 0.16875 0.88671875 0.16875
0 0.74609375 0.640625 0.74609375 0.64375 0.75 0.64375 0.75 0.640625 0.74609375 0.640625
0 0.984375 0.196875 0.984375 0.2 1.00390625 0.2 1.00390625 0.196875 0.984375 0.196875
0 0.99609375 0.38125 0.99609375 0.384375 1.0078125 0.384375 1.0078125 0.38125 0.99609375 0.38125
0 0.828125 0.034375 0.828125 0.0375 0.84765625 0.0375 0.84765625 0.034375 0.828125 0.034375
0 0.625 0.2 0.625 0.203125 0.6484375 0.203125 0.6484375 0.2 0.625 0.2
0 0.96484375 0.153125 0.96484375 0.15625 0.97265625 0.15625 0.97265625 0.153125 0.96484375 0.153125
0 0.80078125 0.703125 0.80078125 0.70625 0.8359375 0.70625 0.8359375 0.703125 0.80078125 0.703125
0 0.296875 0.0 0.296875 0.003125 0.35546875 0.003125 0.35546875 0.0 0.296875 0.0
0 1.0546875 0.0375 1.0546875 0.040625 1.0703125 0.040625 1.0703125 0.0375 1.0546875 0.0375
0 1.2421875 0.51875 1.2421875 0.521875 1.25 0.521875 1.25 0.51875 1.2421875 0.51875
0 0.83203125 0.75 0.83203125 0.753125 0.85546875 0.753125 0.85546875 0.75 0.83203125 0.75