0 0.16538461538461538 0.031609195402298854 0.16538461538461538 0.033045977011494254 0.175 0.033045977011494254 0.175 0.031609195402298854 0.16538461538461538 0.031609195402298854
0 0.3230769230769231 0.43103448275862066 0.3230769230769231 0.4324712643678161 0.3346153846153846 0.4324712643678161 0.3346153846153846 0.43103448275862066 0.3230769230769231 0.43103448275862066
0 1.2384615384615385 0.6264367816091954 1.2384615384615385 0.6278735632183908 1.2442307692307693 0.6278735632183908 1.2442307692307693 0.6264367816091954 1.2384615384615385 0.6264367816091954
0 0.4653846153846154 0.12643678160919541 0.4653846153846154 0.1278735632183908 0.46923076923076923 0.1278735632183908 0.46923076923076923 0.12643678160919541 0.4653846153846154 0.12643678160919541
0 0.10961538461538461 0.2471264367816092 0.10961538461538461 0.24856321839080459 0.1423076923076923 0.24856321839080459 0.1423076923076923 0.2471264367816092 0.10961538461538461 0.2471264367816092
0 0.676923076923077 0.11206896551724138 0.676923076923077 0.11350574712643678 0.6865384615384615 0.11350574712643678 0.6865384615384615 0.11206896551724138 0.676923076923077 0.11206896551724138
0 1.301923076923077 0.05890804597701149 1.301923076923077 0.0603448275862069 1.3192307692307692 0.0603448275862069 1.3192307692307692 0.05890804597701149 1.301923076923077 0.05890804597701149
0 0.65 0.0 0.65 0.0014367816091954023 0.7057692307692308 0.0014367816091954023 0.7057692307692308 0.0 0.65 0.0
0 0.007692307692307693 0.46264367816091956 0.007692307692307693 0.4640804597701149 0.015384615384615385 0.4640804597701149 0.015384615384615385 0.46264367816091956 0.007692307692307693 0.46264367816091956
0 0.9115384615384615 0.7298850574712644 0.9115384615384615 0.7313218390804598 0.9153846153846154 0.7313218390804598 0.9153846153846154 0.7298850574712644 0.9115384615384615 0.7298850574712644
0 0.6807692307692308 0.3031609195402299 0.6807692307692308 0.3045977011494253 0.6903846153846154 0.3045977011494253 0.6903846153846154 0.3031609195402299 0.6807692307692308 0.3031609195402299
0 1.0788461538461538 0.3807471264367816 1.0788461538461538 0.382183908045977 1.0903846153846153 0.382183908045977 1.0903846153846153 0.3807471264367816 1.0788461538461538 0.3807471264367816
0 0.375 0.6135057471264368 0.375 0.6149425287356322 0.38653846153846155 0.6149425287356322 0.38653846153846155 0.6135057471264368 0.375 0.6135057471264368
0 0.1076923076923077 0.7169540229885057 0.1076923076923077 0.7183908045977011 0.10961538461538461 0.7183908045977011 0.10961538461538461 0.7169540229885057 0.1076923076923077 0.7169540229885057
0 0.17692307692307693 0.08333333333333333 0.17692307692307693 0.08477011494252873 0.18269230769230768 0.08477011494252873 0.18269230769230768 0.08333333333333333 0.17692307692307693 0.08333333333333333
0 0.6480769230769231 0.1206896551724138 0.6480769230769231 0.1221264367816092 0.6596153846153846 0.1221264367816092 0.6596153846153846 0.1206896551724138 0.6480769230769231 0.1206896551724138
0 1.3 0.05459770114942529 1.3 0.05603448275862069 1.3096153846153846 0.05603448275862069 1.3096153846153846 0.05459770114942529 1.3 0.05459770114942529
0 0.2923076923076923 0.6652298850574713 0.2923076923076923 0.6666666666666666 0.2980769230769231 0.6666666666666666 0.2980769230769231 0.6652298850574713 0.2923076923076923 0.6652298850574713
0 0.5326923076923077 0.22988505747126436 0.5326923076923077 0.23132183908045978 0.5442307692307692 0.23132183908045978 0.5442307692307692 0.22988505747126436 0.5326923076923077 0.22988505747126436
0 0.09038461538461538 0.6307471264367817 0.09038461538461538 0.632183908045977 0.1076923076923077 0.632183908045977 0.1076923076923077 0.6307471264367817 0.09038461538461538 0.6307471264367817
0 1.1 0.6724137931034483 1.1 0.6738505747126436 1.125 0.6738505747126436 1.125 0.6724137931034483 1.1 0.6724137931034483
0 0.28846153846153844 0.1867816091954023 0.28846153846153844 0.1882183908045977 0.3057692307692308 0.1882183908045977 0.3057692307692308 0.1867816091954023 0.28846153846153844 0.1867816091954023
0 0.6576923076923077 0.21839080459770116 0.6576923076923077 0.21982758620689655 0.676923076923077 0.21982758620689655 0.676923076923077 0.21839080459770116 0.6576923076923077 0.21839080459770116
0 0.009615384615384616 0.3160919540229885 0.009615384615384616 0.3175287356321839 0.013461538461538462 0.3175287356321839 0.013461538461538462 0.3160919540229885 0.009615384615384616 0.3160919540229885
0 0.1326923076923077 0.017241379310344827 0.1326923076923077 0.01867816091954023 0.1519230769230769 0.01867816091954023 0.1519230769230769 0.017241379310344827 0.1326923076923077 0.017241379310344827
0 0.28076923076923077 0.5344827586206896 0.28076923076923077 0.5359195402298851 0.2903846153846154 0.5359195402298851 0.2903846153846154 0.5344827586206896 0.28076923076923077 0.5344827586206896
0 0.34423076923076923 0.5028735632183908 0.34423076923076923 0.5043103448275862 0.3576923076923077 0.5043103448275862 0.3576923076923077 0.5028735632183908 0.34423076923076923 0.5028735632183908
0 0.3038461538461538 0.0 0.3038461538461538 0.0014367816091954023 0.38461538461538464 0.0014367816091954023 0.38461538461538464 0.0 0.3038461538461538 0.0
0 0.5365384615384615 0.4267241379310345 0.5365384615384615 0.4281609195402299 0.5403846153846154 0.4281609195402299 0.5403846153846154 0.4267241379310345 0.5365384615384615 0.4267241379310345
0 0.06346153846153846 0.020114942528735632 0.06346153846153846 0.021551724137931036 0.08269230769230769 0.021551724137931036 0.08269230769230769 0.020114942528735632 0.06346153846153846 0.020114942528735632
0 0.28076923076923077 0.3563218390804598 0.28076923076923077 0.3577586206896552 0.2846153846153846 0.3577586206896552 0.2846153846153846 0.3563218390804598 0.28076923076923077 0.3563218390804598
0 0.6442307692307693 0.2471264367816092 0.6442307692307693 0.24856321839080459 0.6480769230769231 0.24856321839080459 0.6480769230769231 0.2471264367816092 0.6442307692307693 0.2471264367816092
0 0.3153846153846154 0.6681034482758621 0.3153846153846154 0.6695402298850575 0.3346153846153846 0.6695402298850575 0.3346153846153846 0.6681034482758621 0.3153846153846154 0.6681034482758621
0 1.1326923076923077 0.632183908045977 1.1326923076923077 0.6336206896551724 1.148076923076923 0.6336206896551724 1.148076923076923 0.632183908045977 1.1326923076923077 0.632183908045977
0 0.9769230769230769 0.5244252873563219 0.9769230769230769 0.5258620689655172 1.0115384615384615 0.5258620689655172 1.0115384615384615 0.5244252873563219 0.9769230769230769 0.5244252873563219
0 0.6961538461538461 0.40229885057471265 0.6961538461538461 0.40373563218390807 0.7173076923076923 0.40373563218390807 0.7173076923076923 0.40229885057471265 0.6961538461538461 0.40229885057471265