0 0.06153846153846154 0.6738505747126436 0.06153846153846154 0.6752873563218391 0.07884615384615384 0.6752873563218391 0.07884615384615384 0.6738505747126436 0.06153846153846154 0.6738505747126436
0 0.2846153846153846 0.2471264367816092 0.2846153846153846 0.24856321839080459 0.29423076923076924 0.24856321839080459 0.29423076923076924 0.2471264367816092 0.2846153846153846 0.2471264367816092
0 0.03653846153846154 0.6551724137931034 0.03653846153846154 0.6566091954022989 0.04423076923076923 0.6566091954022989 0.04423076923076923 0.6551724137931034 0.03653846153846154 0.6551724137931034
0 0.8038461538461539 0.35919540229885055 0.8038461538461539 0.36063218390804597 0.8115384615384615 0.36063218390804597 0.8115384615384615 0.35919540229885055 0.8038461538461539 0.35919540229885055
0 1.2788461538461537 0.46120689655172414 1.2788461538461537 0.46264367816091956 1.2846153846153847 0.46264367816091956 1.2846153846153847 0.46120689655172414 1.2788461538461537 0.46120689655172414
0 0.7 0.15373563218390804 0.7 0.15517241379310345 0.7057692307692308 0.15517241379310345 0.7057692307692308 0.15373563218390804 0.7 0.15373563218390804
0 0.0057692307692307696 0.3160919540229885 0.0057692307692307696 0.3175287356321839 0.026923076923076925 0.3175287356321839 0.026923076923076925 0.3160919540229885 0.0057692307692307696 0.3160919540229885
0 1.2923076923076924 0.10488505747126436 1.2923076923076924 0.10632183908045977 1.3057692307692308 0.10632183908045977 1.3057692307692308 0.10488505747126436 1.2923076923076924 0.10488505747126436
0 1.0288461538461537 0.6752873563218391 1.0288461538461537 0.6767241379310345 1.0557692307692308 0.6767241379310345 1.0557692307692308 0.6752873563218391 1.0288461538461537 0.6752873563218391
0 1.0673076923076923 0.7054597701149425 1.0673076923076923 0.7068965517241379 1.0846153846153845 0.7068965517241379 1.0846153846153845 0.7054597701149425 1.0673076923076923 0.7054597701149425
0 0.65 0.6350574712643678 0.65 0.6364942528735632 0.6634615384615384 0.6364942528735632 0.6634615384615384 0.6350574712643678 0.65 0.6350574712643678
0 0.8442307692307692 0.44971264367816094 0.8442307692307692 0.4511494252873563 0.8557692307692307 0.4511494252873563 0.8557692307692307 0.44971264367816094 0.8442307692307692 0.44971264367816094
0 0.9288461538461539 0.3922413793103448 0.9288461538461539 0.3936781609195402 0.9423076923076923 0.3936781609195402 0.9423076923076923 0.3922413793103448 0.9288461538461539 0.3922413793103448
0 0.11923076923076924 0.6278735632183908 0.11923076923076924 0.6293103448275862 0.13846153846153847 0.6293103448275862 0.13846153846153847 0.6278735632183908 0.11923076923076924 0.6278735632183908
0 0.8423076923076923 0.1336206896551724 0.8423076923076923 0.13505747126436782 0.8480769230769231 0.13505747126436782 0.8480769230769231 0.1336206896551724 0.8423076923076923 0.1336206896551724
0 0.9519230769230769 0.617816091954023 0.9519230769230769 0.6192528735632183 0.9711538461538461 0.6192528735632183 0.9711538461538461 0.617816091954023 0.9519230769230769 0.617816091954023
0 0.5807692307692308 0.3031609195402299 0.5807692307692308 0.3045977011494253 0.5846153846153846 0.3045977011494253 0.5846153846153846 0.3031609195402299 0.5807692307692308 0.3031609195402299
0 0.7307692307692307 0.5445402298850575 0.7307692307692307 0.5459770114942529 0.7442307692307693 0.5459770114942529 0.7442307692307693 0.5445402298850575 0.7307692307692307 0.5445402298850575
0 0.009615384615384616 0.27298850574712646 0.009615384615384616 0.2744252873563218 0.038461538461538464 0.2744252873563218 0.038461538461538464 0.27298850574712646 0.009615384615384616 0.27298850574712646
0 0.08461538461538462 0.0 0.08461538461538462 0.0014367816091954023 0.10961538461538461 0.0014367816091954023 0.10961538461538461 0.0 0.08461538461538462 0.0
0 0.3096153846153846 0.0 0.3096153846153846 0.0014367816091954023 0.37115384615384617 0.0014367816091954023 0.37115384615384617 0.0 0.3096153846153846 0.0
0 0.7038461538461539 0.06465517241379311 0.7038461538461539 0.06609195402298851 0.7115384615384616 0.06609195402298851 0.7115384615384616 0.06465517241379311 0.7038461538461539 0.06465517241379311
0 0.04038461538461539 0.44396551724137934 0.04038461538461539 0.4454022988505747 0.046153846153846156 0.4454022988505747 0.046153846153846156 0.44396551724137934 0.04038461538461539 0.44396551724137934
0 0.948076923076923 0.3275862068965517 0.948076923076923 0.3290229885057471 0.9615384615384616 0.3290229885057471 0.9615384615384616 0.3275862068965517 0.948076923076923 0.3275862068965517
0 0.3 0.34195402298850575 0.3 0.34339080459770116 0.3057692307692308 0.34339080459770116 0.3057692307692308 0.34195402298850575 0.3 0.34195402298850575
0 0.18846153846153846 0.6853448275862069 0.18846153846153846 0.6867816091954023 0.20384615384615384 0.6867816091954023 0.20384615384615384 0.6853448275862069 0.18846153846153846 0.6853448275862069
0 0.8346153846153846 0.6623563218390804 0.8346153846153846 0.6637931034482759 0.8538461538461538 0.6637931034482759 0.8538461538461538 0.6623563218390804 0.8346153846153846 0.6623563218390804
0 0.06346153846153846 0.11781609195402298 0.06346153846153846 0.11925287356321838 0.075 0.11925287356321838 0.075 0.11781609195402298 0.06346153846153846 0.11781609195402298
0 0.8288461538461539 0.14511494252873564 0.8288461538461539 0.14655172413793102 0.8326923076923077 0.14655172413793102 0.8326923076923077 0.14511494252873564 0.8288461538461539 0.14511494252873564
0 0.125 0.7227011494252874 0.125 0.7241379310344828 0.13076923076923078 0.7241379310344828 0.13076923076923078 0.7227011494252874 0.125 0.7227011494252874
0 0.9038461538461539 0.08764367816091954 0.9038461538461539 0.08908045977011494 0.9173076923076923 0.08908045977011494 0.9173076923076923 0.08764367816091954 0.9038461538461539 0.08764367816091954
0 0.3192307692307692 0.22701149425287356 0.3192307692307692 0.22844827586206898 0.3269230769230769 0.22844827586206898 0.3269230769230769 0.22701149425287356 0.3192307692307692 0.22701149425287356
0 0.8403846153846154 0.5344827586206896 0.8403846153846154 0.5359195402298851 0.85 0.5359195402298851 0.85 0.5344827586206896 0.8403846153846154 0.5344827586206896
0 0.8153846153846154 0.5545977011494253 0.8153846153846154 0.5560344827586207 0.8269230769230769 0.5560344827586207 0.8269230769230769 0.5545977011494253 0.8153846153846154 0.5545977011494253
0 0.2980769230769231 0.23994252873563218 0.2980769230769231 0.2413793103448276 0.3076923076923077 0.2413793103448276 0.3076923076923077 0.23994252873563218 0.2980769230769231 0.23994252873563218
0 1.0480769230769231 0.3635057471264368 1.0480769230769231 0.3649425287356322 1.051923076923077 0.3649425287356322 1.051923076923077 0.3635057471264368 1.0480769230769231 0.3635057471264368
0 0.6634615384615384 0.03879310344827586 0.6634615384615384 0.040229885057471264 0.6692307692307692 0.040229885057471264 0.6692307692307692 0.03879310344827586 0.6634615384615384 0.03879310344827586
0 0.6730769230769231 0.6451149425287356 0.6730769230769231 0.646551724137931 0.6846153846153846 0.646551724137931 0.6846153846153846 0.6451149425287356 0.6730769230769231 0.6451149425287356
0 1.0673076923076923 0.5272988505747126 1.0673076923076923 0.5287356321839081 1.0769230769230769 0.5287356321839081 1.0769230769230769 0.5272988505747126 1.0673076923076923 0.5272988505747126
0 1.198076923076923 0.4353448275862069 1.198076923076923 0.4367816091954023 1.2057692307692307 0.4367816091954023 1.2057692307692307 0.4353448275862069 1.198076923076923 0.4353448275862069
0 0.015384615384615385 0.2629310344827586 0.015384615384615385 0.26436781609195403 0.025 0.26436781609195403 0.025 0.2629310344827586 0.015384615384615385 0.2629310344827586
0 0.49423076923076925 0.2557471264367816 0.49423076923076925 0.257183908045977 0.4980769230769231 0.257183908045977 0.4980769230769231 0.2557471264367816 0.49423076923076925 0.2557471264367816
0 0.07692307692307693 0.7413793103448276 0.07692307692307693 0.742816091954023 0.08653846153846154 0.742816091954023 0.08653846153846154 0.7413793103448276 0.07692307692307693 0.7413793103448276
0 0.12884615384615383 0.0 0.12884615384615383 0.0014367816091954023 0.16538461538461538 0.0014367816091954023 0.16538461538461538 0.0 0.12884615384615383 0.0
0 1.301923076923077 0.24856321839080459 1.301923076923077 0.25 1.3057692307692308 0.25 1.3057692307692308 0.24856321839080459 1.301923076923077 0.24856321839080459
0 1.0 0.01867816091954023 1.0 0.020114942528735632 1.0115384615384615 0.020114942528735632 1.0115384615384615 0.01867816091954023 1.0 0.01867816091954023
0 1.2192307692307693 0.5229885057471264 1.2192307692307693 0.5244252873563219 1.2230769230769232 0.5244252873563219 1.2230769230769232 0.5229885057471264 1.2192307692307693 0.5229885057471264
0 0.5384615384615384 0.16954022988505746 0.5384615384615384 0.17097701149425287 0.55 0.17097701149425287 0.55 0.16954022988505746 0.5384615384615384 0.16954022988505746
0 0.48846153846153845 0.382183908045977 0.48846153846153845 0.38362068965517243 0.5 0.38362068965517243 0.5 0.382183908045977 0.48846153846153845 0.382183908045977
0 0.9346153846153846 0.6278735632183908 0.9346153846153846 0.6293103448275862 0.9461538461538461 0.6293103448275862 0.9461538461538461 0.6278735632183908 0.9346153846153846 0.6278735632183908
0 0.5692307692307692 0.3850574712643678 0.5692307692307692 0.3864942528735632 0.5884615384615385 0.3864942528735632 0.5884615384615385 0.3850574712643678 0.5692307692307692 0.3850574712643678
0 0.9807692307692307 0.1752873563218391 0.9807692307692307 0.17672413793103448 0.9942307692307693 0.17672413793103448 0.9942307692307693 0.1752873563218391 0.9807692307692307 0.1752873563218391
0 1.1923076923076923 0.7212643678160919 1.1923076923076923 0.7227011494252874 1.2076923076923076 0.7227011494252874 1.2076923076923076 0.7212643678160919 1.1923076923076923 0.7212643678160919
0 0.24423076923076922 0.4885057471264368 0.24423076923076922 0.4899425287356322 0.25961538461538464 0.4899425287356322 0.25961538461538464 0.4885057471264368 0.24423076923076922 0.4885057471264368
0 0.9807692307692307 0.15086206896551724 0.9807692307692307 0.15229885057471265 0.9923076923076923 0.15229885057471265 0.9923076923076923 0.15086206896551724 0.9807692307692307 0.15086206896551724
0 0.38653846153846155 0.07614942528735633 0.38653846153846155 0.07758620689655173 0.39807692307692305 0.07758620689655173 0.39807692307692305 0.07614942528735633 0.38653846153846155 0.07614942528735633
0 1.148076923076923 0.5043103448275862 1.148076923076923 0.5057471264367817 1.1576923076923078 0.5057471264367817 1.1576923076923078 0.5043103448275862 1.148076923076923 0.5043103448275862
0 0.2 0.14942528735632185 0.2 0.15086206896551724 0.20384615384615384 0.15086206896551724 0.20384615384615384 0.14942528735632185 0.2 0.14942528735632185
0 0.5865384615384616 0.28448275862068967 0.5865384615384616 0.2859195402298851 0.6211538461538462 0.2859195402298851 0.6211538461538462 0.28448275862068967 0.5865384615384616 0.28448275862068967
0 0.3596153846153846 0.4640804597701149 0.3596153846153846 0.46551724137931033 0.3730769230769231 0.46551724137931033 0.3730769230769231 0.4640804597701149 0.3596153846153846 0.4640804597701149
0 0.6115384615384616 0.514367816091954 0.6115384615384616 0.5158045977011494 0.6192307692307693 0.5158045977011494 0.6192307692307693 0.514367816091954 0.6115384615384616 0.514367816091954
0 1.1134615384615385 0.33477011494252873 1.1134615384615385 0.33620689655172414 1.1288461538461538 0.33620689655172414 1.1288461538461538 0.33477011494252873 1.1134615384615385 0.33477011494252873
0 0.12307692307692308 0.06896551724137931 0.12307692307692308 0.07040229885057471 0.13653846153846153 0.07040229885057471 0.13653846153846153 0.06896551724137931 0.12307692307692308 0.06896551724137931
0 0.9153846153846154 0.14511494252873564 0.9153846153846154 0.14655172413793102 0.9211538461538461 0.14655172413793102 0.9211538461538461 0.14511494252873564 0.9153846153846154 0.14511494252873564
0 0.31346153846153846 0.3074712643678161 0.31346153846153846 0.3089080459770115 0.3269230769230769 0.3089080459770115 0.3269230769230769 0.3074712643678161 0.31346153846153846 0.3074712643678161
0 0.40384615384615385 0.1882183908045977 0.40384615384615385 0.1896551724137931 0.41346153846153844 0.1896551724137931 0.41346153846153844 0.1882183908045977 0.40384615384615385 0.1882183908045977
0 1.0115384615384615 0.1824712643678161 1.0115384615384615 0.1839080459770115 1.0153846153846153 0.1839080459770115 1.0153846153846153 0.1824712643678161 1.0115384615384615 0.1824712643678161
0 0.23461538461538461 0.3261494252873563 0.23461538461538461 0.3275862068965517 0.24615384615384617 0.3275862068965517 0.24615384615384617 0.3261494252873563 0.23461538461538461 0.3261494252873563
0 1.2403846153846154 0.39080459770114945 1.2403846153846154 0.3922413793103448 1.251923076923077 0.3922413793103448 1.251923076923077 0.39080459770114945 1.2403846153846154 0.39080459770114945
0 1.2096153846153845 0.6537356321839081 1.2096153846153845 0.6551724137931034 1.2192307692307693 0.6551724137931034 1.2192307692307693 0.6537356321839081 1.2096153846153845 0.6537356321839081
0 0.0019230769230769232 0.5761494252873564 0.0019230769230769232 0.5775862068965517 0.009615384615384616 0.5775862068965517 0.009615384615384616 0.5761494252873564 0.0019230769230769232 0.5761494252873564
0 0.07884615384615384 0.6681034482758621 0.07884615384615384 0.6695402298850575 0.08846153846153847 0.6695402298850575 0.08846153846153847 0.6681034482758621 0.07884615384615384 0.6681034482758621
0 0.9538461538461539 0.2514367816091954 0.9538461538461539 0.25287356321839083 0.9673076923076923 0.25287356321839083 0.9673076923076923 0.2514367816091954 0.9538461538461539 0.2514367816091954
0 0.15576923076923077 0.5675287356321839 0.15576923076923077 0.5689655172413793 0.1673076923076923 0.5689655172413793 0.1673076923076923 0.5675287356321839 0.15576923076923077 0.5675287356321839
0 0.6788461538461539 0.646551724137931 0.6788461538461539 0.6479885057471264 0.6884615384615385 0.6479885057471264 0.6884615384615385 0.646551724137931 0.6788461538461539 0.646551724137931
0 0.0673076923076923 0.04310344827586207 0.0673076923076923 0.04454022988505747 0.07884615384615384 0.04454022988505747 0.07884615384615384 0.04310344827586207 0.0673076923076923 0.04310344827586207
0 1.0788461538461538 0.39511494252873564 1.0788461538461538 0.39655172413793105 1.0903846153846153 0.39655172413793105 1.0903846153846153 0.39511494252873564 1.0788461538461538 0.39511494252873564
0 1.103846153846154 0.3103448275862069 1.103846153846154 0.3117816091954023 1.1211538461538462 0.3117816091954023 1.1211538461538462 0.3103448275862069 1.103846153846154 0.3103448275862069
0 0.7307692307692307 0.5589080459770115 0.7307692307692307 0.5603448275862069 0.7461538461538462 0.5603448275862069 0.7461538461538462 0.5589080459770115 0.7307692307692307 0.5589080459770115
0 0.36538461538461536 0.6681034482758621 0.36538461538461536 0.6695402298850575 0.36923076923076925 0.6695402298850575 0.36923076923076925 0.6681034482758621 0.36538461538461536 0.6681034482758621
0 0.9326923076923077 0.7112068965517241 0.9326923076923077 0.7126436781609196 0.9538461538461539 0.7126436781609196 0.9538461538461539 0.7112068965517241 0.9326923076923077 0.7112068965517241
0 1.0961538461538463 0.17385057471264367 1.0961538461538463 0.1752873563218391 1.101923076923077 0.1752873563218391 1.101923076923077 0.17385057471264367 1.0961538461538463 0.17385057471264367
0 1.1788461538461539 0.7413793103448276 1.1788461538461539 0.742816091954023 1.1865384615384615 0.742816091954023 1.1865384615384615 0.7413793103448276 1.1788461538461539 0.7413793103448276
0 0.11346153846153846 0.6020114942528736 0.11346153846153846 0.603448275862069 0.12307692307692308 0.603448275862069 0.12307692307692308 0.6020114942528736 0.11346153846153846 0.6020114942528736
0 0.7769230769230769 0.10057471264367816 0.7769230769230769 0.10201149425287356 0.8057692307692308 0.10201149425287356 0.8057692307692308 0.10057471264367816 0.7769230769230769 0.10057471264367816
0 0.5673076923076923 0.45977011494252873 0.5673076923076923 0.46120689655172414 0.575 0.46120689655172414 0.575 0.45977011494252873 0.5673076923076923 0.45977011494252873
0 1.0269230769230768 0.5502873563218391 1.0269230769230768 0.5517241379310345 1.0442307692307693 0.5517241379310345 1.0442307692307693 0.5502873563218391 1.0269230769230768 0.5502873563218391
0 0.7423076923076923 0.2801724137931034 0.7423076923076923 0.28160919540229884 0.7480769230769231 0.28160919540229884 0.7480769230769231 0.2801724137931034 0.7423076923076923 0.2801724137931034
0 0.875 0.7212643678160919 0.875 0.7227011494252874 0.8846153846153846 0.7227011494252874 0.8846153846153846 0.7212643678160919 0.875 0.7212643678160919
0 0.06153846153846154 0.08764367816091954 0.06153846153846154 0.08908045977011494 0.07692307692307693 0.08908045977011494 0.07692307692307693 0.08764367816091954 0.06153846153846154 0.08764367816091954
0 0.18076923076923077 0.46551724137931033 0.18076923076923077 0.46695402298850575 0.19230769230769232 0.46695402298850575 0.19230769230769232 0.46551724137931033 0.18076923076923077 0.46551724137931033
0 0.8 0.3936781609195402 0.8 0.39511494252873564 0.8076923076923077 0.39511494252873564 0.8076923076923077 0.3936781609195402 0.8 0.3936781609195402
0 1.2596153846153846 0.22413793103448276 1.2596153846153846 0.22557471264367815 1.2653846153846153 0.22557471264367815 1.2653846153846153 0.22413793103448276 1.2596153846153846 0.22413793103448276
0 1.226923076923077 0.5431034482758621 1.226923076923077 0.5445402298850575 1.2365384615384616 0.5445402298850575 1.2365384615384616 0.5431034482758621 1.226923076923077 0.5431034482758621
0 0.18653846153846154 0.0 0.18653846153846154 0.0014367816091954023 0.2403846153846154 0.0014367816091954023 0.2403846153846154 0.0 0.18653846153846154 0.0
0 0.21346153846153845 0.3793103448275862 0.21346153846153845 0.3807471264367816 0.2326923076923077 0.3807471264367816 0.2326923076923077 0.3793103448275862 0.21346153846153845 0.3793103448275862
0 0.48846153846153845 0.4525862068965517 0.48846153846153845 0.4540229885057471 0.5057692307692307 0.4540229885057471 0.5057692307692307 0.4525862068965517 0.48846153846153845 0.4525862068965517
0 0.7903846153846154 0.36063218390804597 0.7903846153846154 0.3620689655172414 0.801923076923077 0.3620689655172414 0.801923076923077 0.36063218390804597 0.7903846153846154 0.36063218390804597
0 0.07307692307692308 0.6120689655172413 0.07307692307692308 0.6135057471264368 0.08653846153846154 0.6135057471264368 0.08653846153846154 0.6120689655172413 0.07307692307692308 0.6120689655172413
0 0.8961538461538462 0.6566091954022989 0.8961538461538462 0.6580459770114943 0.9076923076923077 0.6580459770114943 0.9076923076923077 0.6566091954022989 0.8961538461538462 0.6566091954022989
0 0.6192307692307693 0.0 0.6192307692307693 0.0014367816091954023 0.6384615384615384 0.0014367816091954023 0.6384615384615384 0.0 0.6192307692307693 0.0
0 0.04038461538461539 0.32471264367816094 0.04038461538461539 0.3261494252873563 0.05961538461538462 0.3261494252873563 0.05961538461538462 0.32471264367816094 0.04038461538461539 0.32471264367816094
0 0.8288461538461539 0.3994252873563218 0.8288461538461539 0.40086206896551724 0.8442307692307692 0.40086206896551724 0.8442307692307692 0.3994252873563218 0.8288461538461539 0.3994252873563218
0 0.8846153846153846 0.09051724137931035 0.8846153846153846 0.09195402298850575 0.8903846153846153 0.09195402298850575 0.8903846153846153 0.09051724137931035 0.8846153846153846 0.09051724137931035
0 0.48846153846153845 0.5689655172413793 0.48846153846153845 0.5704022988505747 0.5 0.5704022988505747 0.5 0.5689655172413793 0.48846153846153845 0.5689655172413793
0 0.5653846153846154 0.7327586206896551 0.5653846153846154 0.7341954022988506 0.575 0.7341954022988506 0.575 0.7327586206896551 0.5653846153846154 0.7327586206896551
0 0.8653846153846154 0.44396551724137934 0.8653846153846154 0.4454022988505747 0.8884615384615384 0.4454022988505747 0.8884615384615384 0.44396551724137934 0.8653846153846154 0.44396551724137934
0 0.9884615384615385 0.4382183908045977 0.9884615384615385 0.4396551724137931 1.001923076923077 0.4396551724137931 1.001923076923077 0.4382183908045977 0.9884615384615385 0.4382183908045977
0 0.7153846153846154 0.639367816091954 0.7153846153846154 0.6408045977011494 0.7192307692307692 0.6408045977011494 0.7192307692307692 0.639367816091954 0.7153846153846154 0.639367816091954
0 0.8346153846153846 0.28879310344827586 0.8346153846153846 0.29022988505747127 0.8442307692307692 0.29022988505747127 0.8442307692307692 0.28879310344827586 0.8346153846153846 0.28879310344827586
0 0.8865384615384615 0.3117816091954023 0.8865384615384615 0.3132183908045977 0.9057692307692308 0.3132183908045977 0.9057692307692308 0.3117816091954023 0.8865384615384615 0.3117816091954023
0 1.3211538461538461 0.7140804597701149 1.3211538461538461 0.7155172413793104 1.3346153846153845 0.7155172413793104 1.3346153846153845 0.7140804597701149 1.3211538461538461 0.7140804597701149
0 1.0173076923076922 0.40660919540229884 1.0173076923076922 0.40804597701149425 1.0326923076923078 0.40804597701149425 1.0326923076923078 0.40660919540229884 1.0173076923076922 0.40660919540229884
0 1.1692307692307693 0.20689655172413793 1.1692307692307693 0.20833333333333334 1.1807692307692308 0.20833333333333334 1.1807692307692308 0.20689655172413793 1.1692307692307693 0.20689655172413793
0 0.5076923076923077 0.23132183908045978 0.5076923076923077 0.23275862068965517 0.5115384615384615 0.23275862068965517 0.5115384615384615 0.23132183908045978 0.5076923076923077 0.23132183908045978
0 1.1192307692307693 0.01867816091954023 1.1192307692307693 0.020114942528735632 1.1326923076923077 0.020114942528735632 1.1326923076923077 0.01867816091954023 1.1192307692307693 0.01867816091954023
0 0.2519230769230769 0.12931034482758622 0.2519230769230769 0.1307471264367816 0.26346153846153847 0.1307471264367816 0.26346153846153847 0.12931034482758622 0.2519230769230769 0.12931034482758622
0 0.0057692307692307696 0.1724137931034483 0.0057692307692307696 0.17385057471264367 0.015384615384615385 0.17385057471264367 0.015384615384615385 0.1724137931034483 0.0057692307692307696 0.1724137931034483
0 0.7326923076923076 0.4827586206896552 0.7326923076923076 0.48419540229885055 0.7480769230769231 0.48419540229885055 0.7480769230769231 0.4827586206896552 0.7326923076923076 0.4827586206896552