0 1.0 0.2375 1.0 0.240625 1.0078125 0.240625 1.0078125 0.2375 1.0 0.2375
0 0.33203125 0.246875 0.33203125 0.25 0.34765625 0.25 0.34765625 0.246875 0.33203125 0.246875
0 0.66015625 0.103125 0.66015625 0.10625 0.68359375 0.10625 0.68359375 0.103125 0.66015625 0.103125
0 0.7734375 0.0 0.7734375 0.003125 0.8671875 0.003125 0.8671875 0.0 0.7734375 0.0
0 0.39453125 0.75 0.39453125 0.753125 0.4453125 0.753125 0.4453125 0.75 0.39453125 0.75
0 0.50390625 0.0 0.50390625 0.003125 0.55859375 0.003125 0.55859375 0.0 0.50390625 0.0
0 0.56640625 0.584375 0.56640625 0.5875 0.578125 0.5875 0.578125 0.584375 0.56640625 0.584375
0 1.09375 0.14375 1.09375 0.146875 1.1015625 0.146875 1.1015625 0.14375 1.09375 0.14375
0 0.99609375 0.28125 0.99609375 0.284375 1.03515625 0.284375 1.03515625 0.28125 0.99609375 0.28125
0 1.14453125 0.1 1.14453125 0.103125 1.1640625 0.103125 1.1640625 0.1 1.14453125 0.1
0 0.9375 0.009375 0.9375 0.0125 0.9453125 0.0125 0.9453125 0.009375 0.9375 0.009375
0 0.2265625 0.0 0.2265625 0.003125 0.3671875 0.003125 0.3671875 0.0 0.2265625 0.0
0 0.38671875 0.721875 0.38671875 0.725 0.3984375 0.725 0.3984375 0.721875 0.38671875 0.721875
0 1.0078125 0.65 1.0078125 0.653125 1.015625 0.653125 1.015625 0.65 1.0078125 0.65
0 0.921875 0.51875 0.921875 0.521875 0.9296875 0.521875 0.9296875 0.51875 0.921875 0.51875