0 0.6211538461538462 0.6379310344827587 0.6211538461538462 0.639367816091954 0.6288461538461538 0.639367816091954 0.6288461538461538 0.6379310344827587 0.6211538461538462 0.6379310344827587
0 0.37884615384615383 0.014367816091954023 0.37884615384615383 0.015804597701149427 0.38076923076923075 0.015804597701149427 0.38076923076923075 0.014367816091954023 0.37884615384615383 0.014367816091954023
0 0.06346153846153846 0.2442528735632184 0.06346153846153846 0.24568965517241378 0.06923076923076923 0.24568965517241378 0.06923076923076923 0.2442528735632184 0.06346153846153846 0.2442528735632184
0 1.2384615384615385 0.14511494252873564 1.2384615384615385 0.14655172413793102 1.2461538461538462 0.14655172413793102 1.2461538461538462 0.14511494252873564 1.2384615384615385 0.14511494252873564
0 0.5615384615384615 0.13218390804597702 0.5615384615384615 0.1336206896551724 0.575 0.1336206896551724 0.575 0.13218390804597702 0.5615384615384615 0.13218390804597702
0 0.7115384615384616 0.5014367816091954 0.7115384615384616 0.5028735632183908 0.7211538461538461 0.5028735632183908 0.7211538461538461 0.5014367816091954 0.7115384615384616 0.5014367816091954
0 0.17692307692307693 0.25 0.17692307692307693 0.2514367816091954 0.19230769230769232 0.2514367816091954 0.19230769230769232 0.25 0.17692307692307693 0.25
0 0.8615384615384616 0.0 0.8615384615384616 0.0014367816091954023 0.8826923076923077 0.0014367816091954023 0.8826923076923077 0.0 0.8615384615384616 0.0
0 0.31346153846153846 0.27011494252873564 0.31346153846153846 0.27155172413793105 0.3173076923076923 0.27155172413793105 0.3173076923076923 0.27011494252873564 0.31346153846153846 0.27011494252873564
0 0.95 0.17959770114942528 0.95 0.1810344827586207 0.9653846153846154 0.1810344827586207 0.9653846153846154 0.17959770114942528 0.95 0.17959770114942528
0 1.023076923076923 0.1752873563218391 1.023076923076923 0.17672413793103448 1.0307692307692307 0.17672413793103448 1.0307692307692307 0.1752873563218391 1.023076923076923 0.1752873563218391
0 0.49230769230769234 0.027298850574712645 0.49230769230769234 0.028735632183908046 0.49615384615384617 0.028735632183908046 0.49615384615384617 0.027298850574712645 0.49230769230769234 0.027298850574712645
0 0.18269230769230768 0.21551724137931033 0.18269230769230768 0.21695402298850575 0.19038461538461537 0.21695402298850575 0.19038461538461537 0.21551724137931033 0.18269230769230768 0.21551724137931033
0 0.9442307692307692 0.16522988505747127 0.9442307692307692 0.16666666666666666 0.9461538461538461 0.16666666666666666 0.9461538461538461 0.16522988505747127 0.9442307692307692 0.16522988505747127
0 1.2307692307692308 0.041666666666666664 1.2307692307692308 0.04310344827586207 1.2326923076923078 0.04310344827586207 1.2326923076923078 0.041666666666666664 1.2307692307692308 0.041666666666666664
0 0.7384615384615385 0.6451149425287356 0.7384615384615385 0.646551724137931 0.7538461538461538 0.646551724137931 0.7538461538461538 0.6451149425287356 0.7384615384615385 0.6451149425287356
0 0.5769230769230769 0.5229885057471264 0.5769230769230769 0.5244252873563219 0.5884615384615385 0.5244252873563219 0.5884615384615385 0.5229885057471264 0.5769230769230769 0.5229885057471264
0 0.25 0.0 0.25 0.0014367816091954023 0.2980769230769231 0.0014367816091954023 0.2980769230769231 0.0 0.25 0.0
0 0.6461538461538462 0.3635057471264368 0.6461538461538462 0.3649425287356322 0.6596153846153846 0.3649425287356322 0.6596153846153846 0.3635057471264368 0.6461538461538462 0.3635057471264368
0 0.9346153846153846 0.05028735632183908 0.9346153846153846 0.05172413793103448 0.9403846153846154 0.05172413793103448 0.9403846153846154 0.05028735632183908 0.9346153846153846 0.05028735632183908
0 0.12307692307692308 0.0 0.12307692307692308 0.0014367816091954023 0.1596153846153846 0.0014367816091954023 0.1596153846153846 0.0 0.12307692307692308 0.0
0 0.65 0.257183908045977 0.65 0.25862068965517243 0.6557692307692308 0.25862068965517243 0.6557692307692308 0.257183908045977 0.65 0.257183908045977
0 0.4461538461538462 0.5229885057471264 0.4461538461538462 0.5244252873563219 0.45576923076923076 0.5244252873563219 0.45576923076923076 0.5229885057471264 0.4461538461538462 0.5229885057471264
0 0.7134615384615385 0.2471264367816092 0.7134615384615385 0.24856321839080459 0.7192307692307692 0.24856321839080459 0.7192307692307692 0.2471264367816092 0.7134615384615385 0.2471264367816092
0 1.2923076923076924 0.1278735632183908 1.2923076923076924 0.12931034482758622 1.2961538461538462 0.12931034482758622 1.2961538461538462 0.1278735632183908 1.2923076923076924 0.1278735632183908
0 0.6846153846153846 0.46551724137931033 0.6846153846153846 0.46695402298850575 0.6942307692307692 0.46695402298850575 0.6942307692307692 0.46551724137931033 0.6846153846153846 0.46551724137931033
0 1.146153846153846 0.5287356321839081 1.146153846153846 0.5301724137931034 1.1576923076923078 0.5301724137931034 1.1576923076923078 0.5287356321839081 1.146153846153846 0.5287356321839081
0 0.8615384615384616 0.13218390804597702 0.8615384615384616 0.1336206896551724 0.8653846153846154 0.1336206896551724 0.8653846153846154 0.13218390804597702 0.8615384615384616 0.13218390804597702
0 0.3076923076923077 0.5675287356321839 0.3076923076923077 0.5689655172413793 0.3173076923076923 0.5689655172413793 0.3173076923076923 0.5675287356321839 0.3076923076923077 0.5675287356321839
0 1.103846153846154 0.5660919540229885 1.103846153846154 0.5675287356321839 1.1173076923076923 0.5675287356321839 1.1173076923076923 0.5660919540229885 1.103846153846154 0.5660919540229885
0 1.3307692307692307 0.04885057471264368 1.3307692307692307 0.05028735632183908 1.3346153846153845 0.05028735632183908 1.3346153846153845 0.04885057471264368 1.3307692307692307 0.04885057471264368
0 0.45 0.6623563218390804 0.45 0.6637931034482759 0.4653846153846154 0.6637931034482759 0.4653846153846154 0.6623563218390804 0.45 0.6623563218390804
0 1.0076923076923077 0.6810344827586207 1.0076923076923077 0.6824712643678161 1.021153846153846 0.6824712643678161 1.021153846153846 0.6810344827586207 1.0076923076923077 0.6810344827586207
0 0.04230769230769231 0.3936781609195402 0.04230769230769231 0.39511494252873564 0.05384615384615385 0.39511494252873564 0.05384615384615385 0.3936781609195402 0.04230769230769231 0.3936781609195402
0 0.7711538461538462 0.28304597701149425 0.7711538461538462 0.28448275862068967 0.7846153846153846 0.28448275862068967 0.7846153846153846 0.28304597701149425 0.7711538461538462 0.28304597701149425
0 0.6615384615384615 0.09770114942528736 0.6615384615384615 0.09913793103448276 0.675 0.09913793103448276 0.675 0.09770114942528736 0.6615384615384615 0.09770114942528736
0 1.2057692307692307 0.1336206896551724 1.2057692307692307 0.13505747126436782 1.2153846153846153 0.13505747126436782 1.2153846153846153 0.1336206896551724 1.2057692307692307 0.1336206896551724
0 0.926923076923077 0.0 0.926923076923077 0.0014367816091954023 0.95 0.0014367816091954023 0.95 0.0 0.926923076923077 0.0
0 0.9730769230769231 0.3218390804597701 0.9730769230769231 0.3232758620689655 0.9807692307692307 0.3232758620689655 0.9807692307692307 0.3218390804597701 0.9730769230769231 0.3218390804597701
0 0.0 0.0 0.0 0.0014367816091954023 0.015384615384615385 0.0014367816091954023 0.015384615384615385 0.0 0.0 0.0
0 0.25961538461538464 0.1221264367816092 0.25961538461538464 0.1235632183908046 0.27884615384615385 0.1235632183908046 0.27884615384615385 0.1221264367816092 0.25961538461538464 0.1221264367816092
0 0.23076923076923078 0.40229885057471265 0.23076923076923078 0.40373563218390807 0.24423076923076922 0.40373563218390807 0.24423076923076922 0.40229885057471265 0.23076923076923078 0.40229885057471265
0 1.0538461538461539 0.26436781609195403 1.0538461538461539 0.26580459770114945 1.0692307692307692 0.26580459770114945 1.0692307692307692 0.26436781609195403 1.0538461538461539 0.26436781609195403
0 0.7057692307692308 0.0 0.7057692307692308 0.0014367816091954023 0.725 0.0014367816091954023 0.725 0.0 0.7057692307692308 0.0
0 0.8923076923076924 0.5876436781609196 0.8923076923076924 0.5890804597701149 0.9057692307692308 0.5890804597701149 0.9057692307692308 0.5876436781609196 0.8923076923076924 0.5876436781609196
0 1.0826923076923076 0.27873563218390807 1.0826923076923076 0.2801724137931034 1.0884615384615384 0.2801724137931034 1.0884615384615384 0.27873563218390807 1.0826923076923076 0.27873563218390807
0 1.0115384615384615 0.4755747126436782 1.0115384615384615 0.47701149425287354 1.0134615384615384 0.47701149425287354 1.0134615384615384 0.4755747126436782 1.0115384615384615 0.4755747126436782
0 0.5557692307692308 0.41235632183908044 0.5557692307692308 0.41379310344827586 0.5634615384615385 0.41379310344827586 0.5634615384615385 0.41235632183908044 0.5557692307692308 0.41235632183908044
0 1.2384615384615385 0.4396551724137931 1.2384615384615385 0.4410919540229885 1.25 0.4410919540229885 1.25 0.4396551724137931 1.2384615384615385 0.4396551724137931
0 0.01730769230769231 0.21264367816091953 0.01730769230769231 0.21408045977011494 0.028846153846153848 0.21408045977011494 0.028846153846153848 0.21264367816091953 0.01730769230769231 0.21264367816091953
0 0.29615384615384616 0.14367816091954022 0.29615384615384616 0.14511494252873564 0.31153846153846154 0.14511494252873564 0.31153846153846154 0.14367816091954022 0.29615384615384616 0.14367816091954022
0 1.251923076923077 0.521551724137931 1.251923076923077 0.5229885057471264 1.271153846153846 0.5229885057471264 1.271153846153846 0.521551724137931 1.251923076923077 0.521551724137931
0 0.8403846153846154 0.23706896551724138 0.8403846153846154 0.23850574712643677 0.8557692307692307 0.23850574712643677 0.8557692307692307 0.23706896551724138 0.8403846153846154 0.23706896551724138
0 1.1903846153846154 0.6293103448275862 1.1903846153846154 0.6307471264367817 1.2057692307692307 0.6307471264367817 1.2057692307692307 0.6293103448275862 1.1903846153846154 0.6293103448275862
0 0.9692307692307692 0.08620689655172414 0.9692307692307692 0.08764367816091954 0.9807692307692307 0.08764367816091954 0.9807692307692307 0.08620689655172414 0.9692307692307692 0.08620689655172414
0 1.1596153846153847 0.5646551724137931 1.1596153846153847 0.5660919540229885 1.175 0.5660919540229885 1.175 0.5646551724137931 1.1596153846153847 0.5646551724137931
0 0.9711538461538461 0.14942528735632185 0.9711538461538461 0.15086206896551724 0.9807692307692307 0.15086206896551724 0.9807692307692307 0.14942528735632185 0.9711538461538461 0.14942528735632185
0 1.1807692307692308 0.48563218390804597 1.1807692307692308 0.4870689655172414 1.2096153846153845 0.4870689655172414 1.2096153846153845 0.48563218390804597 1.1807692307692308 0.48563218390804597
0 0.4576923076923077 0.04454022988505747 0.4576923076923077 0.04597701149425287 0.4673076923076923 0.04597701149425287 0.4673076923076923 0.04454022988505747 0.4576923076923077 0.04454022988505747
0 0.5846153846153846 0.35344827586206895 0.5846153846153846 0.35488505747126436 0.5961538461538461 0.35488505747126436 0.5961538461538461 0.35344827586206895 0.5846153846153846 0.35344827586206895
0 0.5615384615384615 0.5962643678160919 0.5615384615384615 0.5977011494252874 0.5711538461538461 0.5977011494252874 0.5711538461538461 0.5962643678160919 0.5615384615384615 0.5962643678160919
0 0.2076923076923077 0.21551724137931033 0.2076923076923077 0.21695402298850575 0.21923076923076923 0.21695402298850575 0.21923076923076923 0.21551724137931033 0.2076923076923077 0.21551724137931033
0 0.26346153846153847 0.4540229885057471 0.26346153846153847 0.45545977011494254 0.2653846153846154 0.45545977011494254 0.2653846153846154 0.4540229885057471 0.26346153846153847 0.4540229885057471
0 0.2865384615384615 0.6954022988505747 0.2865384615384615 0.6968390804597702 0.3019230769230769 0.6968390804597702 0.3019230769230769 0.6954022988505747 0.2865384615384615 0.6954022988505747
0 0.9403846153846154 0.10632183908045977 0.9403846153846154 0.10775862068965517 0.9461538461538461 0.10775862068965517 0.9461538461538461 0.10632183908045977 0.9403846153846154 0.10632183908045977
0 0.8980769230769231 0.027298850574712645 0.8980769230769231 0.028735632183908046 0.9115384615384615 0.028735632183908046 0.9115384615384615 0.027298850574712645 0.8980769230769231 0.027298850574712645
0 1.1615384615384616 0.3045977011494253 1.1615384615384616 0.30603448275862066 1.1788461538461539 0.30603448275862066 1.1788461538461539 0.3045977011494253 1.1615384615384616 0.3045977011494253
0 0.9653846153846154 0.1206896551724138 0.9653846153846154 0.1221264367816092 0.9711538461538461 0.1221264367816092 0.9711538461538461 0.1206896551724138 0.9653846153846154 0.1206896551724138
0 1.1211538461538462 0.6494252873563219 1.1211538461538462 0.6508620689655172 1.126923076923077 0.6508620689655172 1.126923076923077 0.6494252873563219 1.1211538461538462 0.6494252873563219
0 0.18461538461538463 0.1997126436781609 0.18461538461538463 0.20114942528735633 0.18653846153846154 0.20114942528735633 0.18653846153846154 0.1997126436781609 0.18461538461538463 0.1997126436781609
0 0.5942307692307692 0.6063218390804598 0.5942307692307692 0.6077586206896551 0.6173076923076923 0.6077586206896551 0.6173076923076923 0.6063218390804598 0.5942307692307692 0.6063218390804598
0 1.0634615384615385 0.6537356321839081 1.0634615384615385 0.6551724137931034 1.0653846153846154 0.6551724137931034 1.0653846153846154 0.6537356321839081 1.0634615384615385 0.6537356321839081
0 0.8826923076923077 0.28160919540229884 0.8826923076923077 0.28304597701149425 0.9057692307692308 0.28304597701149425 0.9057692307692308 0.28160919540229884 0.8826923076923077 0.28160919540229884
0 0.11730769230769231 0.11637931034482758 0.11730769230769231 0.11781609195402298 0.13653846153846153 0.11781609195402298 0.13653846153846153 0.11637931034482758 0.11730769230769231 0.11637931034482758
0 0.5653846153846154 0.25287356321839083 0.5653846153846154 0.2543103448275862 0.5884615384615385 0.2543103448275862 0.5884615384615385 0.25287356321839083 0.5653846153846154 0.25287356321839083
0 0.8980769230769231 0.0 0.8980769230769231 0.0014367816091954023 0.9192307692307692 0.0014367816091954023 0.9192307692307692 0.0 0.8980769230769231 0.0
0 0.5230769230769231 0.021551724137931036 0.5230769230769231 0.022988505747126436 0.525 0.022988505747126436 0.525 0.021551724137931036 0.5230769230769231 0.021551724137931036
0 0.4 0.23275862068965517 0.4 0.23419540229885058 0.4269230769230769 0.23419540229885058 0.4269230769230769 0.23275862068965517 0.4 0.23275862068965517
0 0.5269230769230769 0.6853448275862069 0.5269230769230769 0.6867816091954023 0.5423076923076923 0.6867816091954023 0.5423076923076923 0.6853448275862069 0.5269230769230769 0.6853448275862069
0 0.36923076923076925 0.5229885057471264 0.36923076923076925 0.5244252873563219 0.38269230769230766 0.5244252873563219 0.38269230769230766 0.5229885057471264 0.36923076923076925 0.5229885057471264
0 1.1288461538461538 0.6925287356321839 1.1288461538461538 0.6939655172413793 1.1326923076923077 0.6939655172413793 1.1326923076923077 0.6925287356321839 1.1288461538461538 0.6925287356321839
0 0.5076923076923077 0.742816091954023 0.5076923076923077 0.7442528735632183 0.5269230769230769 0.7442528735632183 0.5269230769230769 0.742816091954023 0.5076923076923077 0.742816091954023
0 1.1076923076923078 0.2629310344827586 1.1076923076923078 0.26436781609195403 1.1153846153846154 0.26436781609195403 1.1153846153846154 0.2629310344827586 1.1076923076923078 0.2629310344827586
0 0.275 0.47270114942528735 0.275 0.47413793103448276 0.3 0.47413793103448276 0.3 0.47270114942528735 0.275 0.47270114942528735
0 1.1211538461538462 0.07327586206896551 1.1211538461538462 0.07471264367816093 1.126923076923077 0.07471264367816093 1.126923076923077 0.07327586206896551 1.1211538461538462 0.07327586206896551
0 0.2846153846153846 0.6091954022988506 0.2846153846153846 0.610632183908046 0.28846153846153844 0.610632183908046 0.28846153846153844 0.6091954022988506 0.2846153846153846 0.6091954022988506
0 1.3038461538461539 0.30028735632183906 1.3038461538461539 0.3017241379310345 1.3076923076923077 0.3017241379310345 1.3076923076923077 0.30028735632183906 1.3038461538461539 0.30028735632183906
0 1.2865384615384616 0.6810344827586207 1.2865384615384616 0.6824712643678161 1.301923076923077 0.6824712643678161 1.301923076923077 0.6810344827586207 1.2865384615384616 0.6810344827586207
0 0.6461538461538462 0.027298850574712645 0.6461538461538462 0.028735632183908046 0.6615384615384615 0.028735632183908046 0.6615384615384615 0.027298850574712645 0.6461538461538462 0.027298850574712645
0 1.0807692307692307 0.07327586206896551 1.0807692307692307 0.07471264367816093 1.0865384615384615 0.07471264367816093 1.0865384615384615 0.07327586206896551 1.0807692307692307 0.07327586206896551
0 0.2173076923076923 0.4870689655172414 0.2173076923076923 0.4885057471264368 0.23653846153846153 0.4885057471264368 0.23653846153846153 0.4870689655172414 0.2173076923076923 0.4870689655172414
0 1.2096153846153845 0.4295977011494253 1.2096153846153845 0.43103448275862066 1.225 0.43103448275862066 1.225 0.4295977011494253 1.2096153846153845 0.4295977011494253
0 0.6 0.6709770114942529 0.6 0.6724137931034483 0.6115384615384616 0.6724137931034483 0.6115384615384616 0.6709770114942529 0.6 0.6709770114942529
0 0.7673076923076924 0.0 0.7673076923076924 0.0014367816091954023 0.7826923076923077 0.0014367816091954023 0.7826923076923077 0.0 0.7673076923076924 0.0
0 0.19038461538461537 0.06609195402298851 0.19038461538461537 0.06752873563218391 0.19615384615384615 0.06752873563218391 0.19615384615384615 0.06609195402298851 0.19038461538461537 0.06609195402298851
0 0.6519230769230769 0.0 0.6519230769230769 0.0014367816091954023 0.6692307692307692 0.0014367816091954023 0.6692307692307692 0.0 0.6519230769230769 0.0
0 0.8211538461538461 0.5919540229885057 0.8211538461538461 0.5933908045977011 0.8346153846153846 0.5933908045977011 0.8346153846153846 0.5919540229885057 0.8211538461538461 0.5919540229885057
0 0.6653846153846154 0.46839080459770116 0.6653846153846154 0.4698275862068966 0.6923076923076923 0.4698275862068966 0.6923076923076923 0.46839080459770116 0.6653846153846154 0.46839080459770116
0 1.0384615384615385 0.10201149425287356 1.0384615384615385 0.10344827586206896 1.0480769230769231 0.10344827586206896 1.0480769230769231 0.10201149425287356 1.0384615384615385 0.10201149425287356
0 1.3269230769230769 0.30603448275862066 1.3269230769230769 0.3074712643678161 1.3384615384615384 0.3074712643678161 1.3384615384615384 0.30603448275862066 1.3269230769230769 0.30603448275862066
0 1.0942307692307693 0.2959770114942529 1.0942307692307693 0.2974137931034483 1.0980769230769232 0.2974137931034483 1.0980769230769232 0.2959770114942529 1.0942307692307693 0.2959770114942529
0 0.8365384615384616 0.2916666666666667 0.8365384615384616 0.29310344827586204 0.8480769230769231 0.29310344827586204 0.8480769230769231 0.2916666666666667 0.8365384615384616 0.2916666666666667
0 1.0923076923076922 0.6192528735632183 1.0923076923076922 0.6206896551724138 1.1 0.6206896551724138 1.1 0.6192528735632183 1.0923076923076922 0.6192528735632183
0 1.2365384615384616 0.5086206896551724 1.2365384615384616 0.5100574712643678 1.2403846153846154 0.5100574712643678 1.2403846153846154 0.5086206896551724 1.2365384615384616 0.5086206896551724
0 0.9634615384615385 0.6307471264367817 0.9634615384615385 0.632183908045977 0.975 0.632183908045977 0.975 0.6307471264367817 0.9634615384615385 0.6307471264367817
0 0.4115384615384615 0.3864942528735632 0.4115384615384615 0.3879310344827586 0.41346153846153844 0.3879310344827586 0.41346153846153844 0.3864942528735632 0.4115384615384615 0.3864942528735632
0 1.101923076923077 0.3290229885057471 1.101923076923077 0.33045977011494254 1.1134615384615385 0.33045977011494254 1.1134615384615385 0.3290229885057471 1.101923076923077 0.3290229885057471
0 0.13846153846153847 0.6494252873563219 0.13846153846153847 0.6508620689655172 0.15 0.6508620689655172 0.15 0.6494252873563219 0.13846153846153847 0.6494252873563219
0 0.8 0.610632183908046 0.8 0.6120689655172413 0.8096153846153846 0.6120689655172413 0.8096153846153846 0.610632183908046 0.8 0.610632183908046
0 0.9384615384615385 0.07471264367816093 0.9384615384615385 0.07614942528735633 0.9538461538461539 0.07614942528735633 0.9538461538461539 0.07471264367816093 0.9384615384615385 0.07471264367816093
0 0.7057692307692308 0.2557471264367816 0.7057692307692308 0.257183908045977 0.7211538461538461 0.257183908045977 0.7211538461538461 0.2557471264367816 0.7057692307692308 0.2557471264367816
0 0.32884615384615384 0.4224137931034483 0.32884615384615384 0.4238505747126437 0.35384615384615387 0.4238505747126437 0.35384615384615387 0.4224137931034483 0.32884615384615384 0.4224137931034483
0 0.4288461538461538 0.40373563218390807 0.4288461538461538 0.4051724137931034 0.4423076923076923 0.4051724137931034 0.4423076923076923 0.40373563218390807 0.4288461538461538 0.40373563218390807
0 0.6673076923076923 0.1752873563218391 0.6673076923076923 0.17672413793103448 0.6692307692307692 0.17672413793103448 0.6692307692307692 0.1752873563218391 0.6673076923076923 0.1752873563218391
0 0.28846153846153844 0.09051724137931035 0.28846153846153844 0.09195402298850575 0.2980769230769231 0.09195402298850575 0.2980769230769231 0.09051724137931035 0.28846153846153844 0.09051724137931035
0 0.3596153846153846 0.7068965517241379 0.3596153846153846 0.7083333333333334 0.36923076923076925 0.7083333333333334 0.36923076923076925 0.7068965517241379 0.3596153846153846 0.7068965517241379
0 1.3192307692307692 0.034482758620689655 1.3192307692307692 0.035919540229885055 1.3326923076923076 0.035919540229885055 1.3326923076923076 0.034482758620689655 1.3192307692307692 0.034482758620689655
0 1.2076923076923076 0.09339080459770115 1.2076923076923076 0.09482758620689655 1.2134615384615384 0.09482758620689655 1.2134615384615384 0.09339080459770115 1.2076923076923076 0.09339080459770115
0 0.39615384615384613 0.4827586206896552 0.39615384615384613 0.48419540229885055 0.4173076923076923 0.48419540229885055 0.4173076923076923 0.4827586206896552 0.39615384615384613 0.4827586206896552
0 1.2134615384615384 0.20114942528735633 1.2134615384615384 0.2025862068965517 1.2211538461538463 0.2025862068965517 1.2211538461538463 0.20114942528735633 1.2134615384615384 0.20114942528735633
0 0.3557692307692308 0.4295977011494253 0.3557692307692308 0.43103448275862066 0.36730769230769234 0.43103448275862066 0.36730769230769234 0.4295977011494253 0.3557692307692308 0.4295977011494253
0 1.0538461538461539 0.0014367816091954023 1.0538461538461539 0.0028735632183908046 1.0557692307692308 0.0028735632183908046 1.0557692307692308 0.0014367816091954023 1.0538461538461539 0.0014367816091954023
0 0.5942307692307692 0.22988505747126436 0.5942307692307692 0.23132183908045978 0.6057692307692307 0.23132183908045978 0.6057692307692307 0.22988505747126436 0.5942307692307692 0.22988505747126436
0 0.9019230769230769 0.4382183908045977 0.9019230769230769 0.4396551724137931 0.9096153846153846 0.4396551724137931 0.9096153846153846 0.4382183908045977 0.9019230769230769 0.4382183908045977
0 0.6711538461538461 0.4827586206896552 0.6711538461538461 0.48419540229885055 0.676923076923077 0.48419540229885055 0.676923076923077 0.4827586206896552 0.6711538461538461 0.4827586206896552
0 0.038461538461538464 0.14655172413793102 0.038461538461538464 0.14798850574712644 0.04807692307692308 0.14798850574712644 0.04807692307692308 0.14655172413793102 0.038461538461538464 0.14655172413793102
0 0.573076923076923 0.28448275862068967 0.573076923076923 0.2859195402298851 0.575 0.2859195402298851 0.575 0.28448275862068967 0.573076923076923 0.28448275862068967
0 1.051923076923077 0.28160919540229884 1.051923076923077 0.28304597701149425 1.0634615384615385 0.28304597701149425 1.0634615384615385 0.28160919540229884 1.051923076923077 0.28160919540229884
0 0.65 0.33189655172413796 0.65 0.3333333333333333 0.6576923076923077 0.3333333333333333 0.6576923076923077 0.33189655172413796 0.65 0.33189655172413796
0 0.6865384615384615 0.24281609195402298 0.6865384615384615 0.2442528735632184 0.6903846153846154 0.2442528735632184 0.6903846153846154 0.24281609195402298 0.6865384615384615 0.24281609195402298
0 0.25384615384615383 0.17959770114942528 0.25384615384615383 0.1810344827586207 0.2673076923076923 0.1810344827586207 0.2673076923076923 0.17959770114942528 0.25384615384615383 0.17959770114942528
0 0.4576923076923077 0.27729885057471265 0.4576923076923077 0.27873563218390807 0.46923076923076923 0.27873563218390807 0.46923076923076923 0.27729885057471265 0.4576923076923077 0.27729885057471265
0 0.5673076923076923 0.14942528735632185 0.5673076923076923 0.15086206896551724 0.5788461538461539 0.15086206896551724 0.5788461538461539 0.14942528735632185 0.5673076923076923 0.14942528735632185
0 0.6692307692307692 0.0 0.6692307692307692 0.0014367816091954023 0.6846153846153846 0.0014367816091954023 0.6846153846153846 0.0 0.6692307692307692 0.0
0 0.075 0.5862068965517241 0.075 0.5876436781609196 0.09038461538461538 0.5876436781609196 0.09038461538461538 0.5862068965517241 0.075 0.5862068965517241
0 0.40576923076923077 0.02586206896551724 0.40576923076923077 0.027298850574712645 0.4153846153846154 0.027298850574712645 0.4153846153846154 0.02586206896551724 0.40576923076923077 0.02586206896551724
0 0.19423076923076923 0.3735632183908046 0.19423076923076923 0.375 0.20576923076923076 0.375 0.20576923076923076 0.3735632183908046 0.19423076923076923 0.3735632183908046
0 1.3076923076923077 0.5574712643678161 1.3076923076923077 0.5589080459770115 1.3211538461538461 0.5589080459770115 1.3211538461538461 0.5574712643678161 1.3076923076923077 0.5574712643678161
0 1.3 0.5531609195402298 1.3 0.5545977011494253 1.3115384615384615 0.5545977011494253 1.3115384615384615 0.5531609195402298 1.3 0.5531609195402298
0 1.1115384615384616 0.1853448275862069 1.1115384615384616 0.1867816091954023 1.1134615384615385 0.1867816091954023 1.1134615384615385 0.1853448275862069 1.1115384615384616 0.1853448275862069
0 0.3211538461538462 0.06609195402298851 0.3211538461538462 0.06752873563218391 0.33076923076923076 0.06752873563218391 0.33076923076923076 0.06609195402298851 0.3211538461538462 0.06609195402298851
0 0.2423076923076923 0.16235632183908047 0.2423076923076923 0.16379310344827586 0.24423076923076922 0.16379310344827586 0.24423076923076922 0.16235632183908047 0.2423076923076923 0.16235632183908047
0 1.0461538461538462 0.15517241379310345 1.0461538461538462 0.15660919540229884 1.0576923076923077 0.15660919540229884 1.0576923076923077 0.15517241379310345 1.0461538461538462 0.15517241379310345
0 0.2153846153846154 0.20402298850574713 0.2153846153846154 0.20545977011494254 0.23461538461538461 0.20545977011494254 0.23461538461538461 0.20402298850574713 0.2153846153846154 0.20402298850574713
0 0.07307692307692308 0.35201149425287354 0.07307692307692308 0.35344827586206895 0.075 0.35344827586206895 0.075 0.35201149425287354 0.07307692307692308 0.35201149425287354
0 0.5269230769230769 0.3706896551724138 0.5269230769230769 0.37212643678160917 0.5423076923076923 0.37212643678160917 0.5423076923076923 0.3706896551724138 0.5269230769230769 0.3706896551724138
0 1.2096153846153845 0.2471264367816092 1.2096153846153845 0.24856321839080459 1.2192307692307693 0.24856321839080459 1.2192307692307693 0.2471264367816092 1.2096153846153845 0.2471264367816092
0 0.31346153846153846 0.3635057471264368 0.31346153846153846 0.3649425287356322 0.33076923076923076 0.3649425287356322 0.33076923076923076 0.3635057471264368 0.31346153846153846 0.3635057471264368
0 0.20192307692307693 0.6767241379310345 0.20192307692307693 0.6781609195402298 0.21346153846153845 0.6781609195402298 0.21346153846153845 0.6767241379310345 0.20192307692307693 0.6767241379310345
0 0.38653846153846155 0.10344827586206896 0.38653846153846155 0.10488505747126436 0.3903846153846154 0.10488505747126436 0.3903846153846154 0.10344827586206896 0.38653846153846155 0.10344827586206896
0 0.6576923076923077 0.5129310344827587 0.6576923076923077 0.514367816091954 0.676923076923077 0.514367816091954 0.676923076923077 0.5129310344827587 0.6576923076923077 0.5129310344827587
0 0.28076923076923077 0.6839080459770115 0.28076923076923077 0.6853448275862069 0.2826923076923077 0.6853448275862069 0.2826923076923077 0.6839080459770115 0.28076923076923077 0.6839080459770115
0 1.0288461538461537 0.6752873563218391 1.0288461538461537 0.6767241379310345 1.0326923076923078 0.6767241379310345 1.0326923076923078 0.6752873563218391 1.0288461538461537 0.6752873563218391
0 1.3134615384615385 0.3218390804597701 1.3134615384615385 0.3232758620689655 1.323076923076923 0.3232758620689655 1.323076923076923 0.3218390804597701 1.3134615384615385 0.3218390804597701
0 0.7346153846153847 0.4468390804597701 0.7346153846153847 0.4482758620689655 0.7365384615384616 0.4482758620689655 0.7365384615384616 0.4468390804597701 0.7346153846153847 0.4468390804597701
0 0.3576923076923077 0.28160919540229884 0.3576923076923077 0.28304597701149425 0.36346153846153845 0.28304597701149425 0.36346153846153845 0.28160919540229884 0.3576923076923077 0.28160919540229884
0 1.2115384615384615 0.3994252873563218 1.2115384615384615 0.40086206896551724 1.2134615384615384 0.40086206896551724 1.2134615384615384 0.3994252873563218 1.2115384615384615 0.3994252873563218
0 1.2461538461538462 0.15517241379310345 1.2461538461538462 0.15660919540229884 1.2576923076923077 0.15660919540229884 1.2576923076923077 0.15517241379310345 1.2461538461538462 0.15517241379310345
0 0.8480769230769231 0.5545977011494253 0.8480769230769231 0.5560344827586207 0.8730769230769231 0.5560344827586207 0.8730769230769231 0.5545977011494253 0.8480769230769231 0.5545977011494253
0 0.38269230769230766 0.47413793103448276 0.38269230769230766 0.4755747126436782 0.38846153846153847 0.4755747126436782 0.38846153846153847 0.47413793103448276 0.38269230769230766 0.47413793103448276
0 0.6230769230769231 0.15948275862068967 0.6230769230769231 0.16091954022988506 0.6346153846153846 0.16091954022988506 0.6346153846153846 0.15948275862068967 0.6230769230769231 0.15948275862068967
0 1.1538461538461537 0.33045977011494254 1.1538461538461537 0.33189655172413796 1.1576923076923078 0.33189655172413796 1.1576923076923078 0.33045977011494254 1.1538461538461537 0.33045977011494254
0 0.12884615384615383 0.7054597701149425 0.12884615384615383 0.7068965517241379 0.14807692307692308 0.7068965517241379 0.14807692307692308 0.7054597701149425 0.12884615384615383 0.7054597701149425
0 0.2 0.007183908045977011 0.2 0.008620689655172414 0.20961538461538462 0.008620689655172414 0.20961538461538462 0.007183908045977011 0.2 0.007183908045977011
0 0.6134615384615385 0.05747126436781609 0.6134615384615385 0.05890804597701149 0.6288461538461538 0.05890804597701149 0.6288461538461538 0.05747126436781609 0.6134615384615385 0.05747126436781609
0 0.38653846153846155 0.3577586206896552 0.38653846153846155 0.35919540229885055 0.39807692307692305 0.35919540229885055 0.39807692307692305 0.3577586206896552 0.38653846153846155 0.3577586206896552
0 0.15 0.2471264367816092 0.15 0.24856321839080459 0.16346153846153846 0.24856321839080459 0.16346153846153846 0.2471264367816092 0.15 0.2471264367816092
0 1.2 0.04310344827586207 1.2 0.04454022988505747 1.2134615384615384 0.04454022988505747 1.2134615384615384 0.04310344827586207 1.2 0.04310344827586207
0 1.1115384615384616 0.27729885057471265 1.1115384615384616 0.27873563218390807 1.1153846153846154 0.27873563218390807 1.1153846153846154 0.27729885057471265 1.1115384615384616 0.27729885057471265
0 0.2173076923076923 0.14511494252873564 0.2173076923076923 0.14655172413793102 0.23076923076923078 0.14655172413793102 0.23076923076923078 0.14511494252873564 0.2173076923076923 0.14511494252873564
0 0.5307692307692308 0.6939655172413793 0.5307692307692308 0.6954022988505747 0.5346153846153846 0.6954022988505747 0.5346153846153846 0.6939655172413793 0.5307692307692308 0.6939655172413793
0 0.15576923076923077 0.3936781609195402 0.15576923076923077 0.39511494252873564 0.17307692307692307 0.39511494252873564 0.17307692307692307 0.3936781609195402 0.15576923076923077 0.3936781609195402
0 1.0788461538461538 0.2614942528735632 1.0788461538461538 0.2629310344827586 1.0923076923076922 0.2629310344827586 1.0923076923076922 0.2614942528735632 1.0788461538461538 0.2614942528735632
0 0.5596153846153846 0.4540229885057471 0.5596153846153846 0.45545977011494254 0.5653846153846154 0.45545977011494254 0.5653846153846154 0.4540229885057471 0.5596153846153846 0.4540229885057471
0 0.7653846153846153 0.5862068965517241 0.7653846153846153 0.5876436781609196 0.7961538461538461 0.5876436781609196 0.7961538461538461 0.5862068965517241 0.7653846153846153 0.5862068965517241
0 1.0788461538461538 0.1925287356321839 1.0788461538461538 0.1939655172413793 1.0865384615384615 0.1939655172413793 1.0865384615384615 0.1925287356321839 1.0788461538461538 0.1925287356321839
0 1.2557692307692307 0.2471264367816092 1.2557692307692307 0.24856321839080459 1.2634615384615384 0.24856321839080459 1.2634615384615384 0.2471264367816092 1.2557692307692307 0.2471264367816092
0 0.43846153846153846 0.3045977011494253 0.43846153846153846 0.30603448275862066 0.4519230769230769 0.30603448275862066 0.4519230769230769 0.3045977011494253 0.43846153846153846 0.3045977011494253
0 0.49423076923076925 0.04310344827586207 0.49423076923076925 0.04454022988505747 0.5115384615384615 0.04454022988505747 0.5115384615384615 0.04310344827586207 0.49423076923076925 0.04310344827586207
0 0.6442307692307693 0.492816091954023 0.6442307692307693 0.4942528735632184 0.6557692307692308 0.4942528735632184 0.6557692307692308 0.492816091954023 0.6442307692307693 0.492816091954023
0 0.7692307692307693 0.09626436781609195 0.7692307692307693 0.09770114942528736 0.7826923076923077 0.09770114942528736 0.7826923076923077 0.09626436781609195 0.7692307692307693 0.09626436781609195
0 0.8826923076923077 0.0 0.8826923076923077 0.0014367816091954023 0.8980769230769231 0.0014367816091954023 0.8980769230769231 0.0 0.8826923076923077 0.0
0 1.3057692307692308 0.45689655172413796 1.3057692307692308 0.4583333333333333 1.3211538461538461 0.4583333333333333 1.3211538461538461 0.45689655172413796 1.3057692307692308 0.45689655172413796