0 0.9326923076923077 0.5502873563218391 0.9326923076923077 0.5517241379310345 0.95 0.5517241379310345 0.95 0.5502873563218391 0.9326923076923077 0.5502873563218391
0 0.9961538461538462 0.6681034482758621 0.9961538461538462 0.6695402298850575 1.0115384615384615 0.6695402298850575 1.0115384615384615 0.6681034482758621 0.9961538461538462 0.6681034482758621
0 1.0961538461538463 0.35488505747126436 1.0961538461538463 0.3563218390804598 1.1115384615384616 0.3563218390804598 1.1115384615384616 0.35488505747126436 1.0961538461538463 0.35488505747126436
0 1.025 0.7413793103448276 1.025 0.742816091954023 1.0326923076923078 0.742816091954023 1.0326923076923078 0.7413793103448276 1.025 0.7413793103448276
0 1.3326923076923076 0.639367816091954 1.3326923076923076 0.6408045977011494 1.3384615384615384 0.6408045977011494 1.3384615384615384 0.639367816091954 1.3326923076923076 0.639367816091954
0 0.9519230769230769 0.6925287356321839 0.9519230769230769 0.6939655172413793 0.9788461538461538 0.6939655172413793 0.9788461538461538 0.6925287356321839 0.9519230769230769 0.6925287356321839
0 1.2 0.13936781609195403 1.2 0.14080459770114942 1.2038461538461538 0.14080459770114942 1.2038461538461538 0.13936781609195403 1.2 0.13936781609195403
0 0.09038461538461538 0.6939655172413793 0.09038461538461538 0.6954022988505747 0.11153846153846154 0.6954022988505747 0.11153846153846154 0.6939655172413793 0.09038461538461538 0.6939655172413793
0 0.38076923076923075 0.10919540229885058 0.38076923076923075 0.11063218390804598 0.39807692307692305 0.11063218390804598 0.39807692307692305 0.10919540229885058 0.38076923076923075 0.10919540229885058
0 0.3076923076923077 0.0 0.3076923076923077 0.0014367816091954023 0.35 0.0014367816091954023 0.35 0.0 0.3076923076923077 0.0
0 1.103846153846154 0.40660919540229884 1.103846153846154 0.40804597701149425 1.123076923076923 0.40804597701149425 1.123076923076923 0.40660919540229884 1.103846153846154 0.40660919540229884
0 0.4153846153846154 0.15373563218390804 0.4153846153846154 0.15517241379310345 0.425 0.15517241379310345 0.425 0.15373563218390804 0.4153846153846154 0.15373563218390804
0 1.1846153846153846 0.6724137931034483 1.1846153846153846 0.6738505747126436 1.1903846153846154 0.6738505747126436 1.1903846153846154 0.6724137931034483 1.1846153846153846 0.6724137931034483
0 1.1615384615384616 0.5172413793103449 1.1615384615384616 0.5186781609195402 1.1730769230769231 0.5186781609195402 1.1730769230769231 0.5172413793103449 1.1615384615384616 0.5172413793103449
0 1.1865384615384615 0.23419540229885058 1.1865384615384615 0.23563218390804597 1.2076923076923076 0.23563218390804597 1.2076923076923076 0.23419540229885058 1.1865384615384615 0.23419540229885058
0 0.6365384615384615 0.10919540229885058 0.6365384615384615 0.11063218390804598 0.6519230769230769 0.11063218390804598 0.6519230769230769 0.10919540229885058 0.6365384615384615 0.10919540229885058
0 0.36153846153846153 0.0 0.36153846153846153 0.0014367816091954023 0.4442307692307692 0.0014367816091954023 0.4442307692307692 0.0 0.36153846153846153 0.0
0 0.5846153846153846 0.4382183908045977 0.5846153846153846 0.4396551724137931 0.6038461538461538 0.4396551724137931 0.6038461538461538 0.4382183908045977 0.5846153846153846 0.4382183908045977
0 0.8307692307692308 0.0603448275862069 0.8307692307692308 0.0617816091954023 0.8557692307692307 0.0617816091954023 0.8557692307692307 0.0603448275862069 0.8307692307692308 0.0603448275862069
0 0.4307692307692308 0.34051724137931033 0.4307692307692308 0.34195402298850575 0.4442307692307692 0.34195402298850575 0.4442307692307692 0.34051724137931033 0.4307692307692308 0.34051724137931033
0 0.8403846153846154 0.22844827586206898 0.8403846153846154 0.22988505747126436 0.8615384615384616 0.22988505747126436 0.8615384615384616 0.22844827586206898 0.8403846153846154 0.22844827586206898
0 0.5980769230769231 0.0 0.5980769230769231 0.0014367816091954023 0.6442307692307693 0.0014367816091954023 0.6442307692307693 0.0 0.5980769230769231 0.0
0 0.4 0.2614942528735632 0.4 0.2629310344827586 0.40576923076923077 0.2629310344827586 0.40576923076923077 0.2614942528735632 0.4 0.2614942528735632
0 1.125 0.7112068965517241 1.125 0.7126436781609196 1.1346153846153846 0.7126436781609196 1.1346153846153846 0.7112068965517241 1.125 0.7112068965517241
0 1.1057692307692308 0.4827586206896552 1.1057692307692308 0.48419540229885055 1.1115384615384616 0.48419540229885055 1.1115384615384616 0.4827586206896552 1.1057692307692308 0.4827586206896552
0 0.8653846153846154 0.5 0.8653846153846154 0.5014367816091954 0.875 0.5014367816091954 0.875 0.5 0.8653846153846154 0.5
0 0.5884615384615385 0.6235632183908046 0.5884615384615385 0.625 0.6115384615384616 0.625 0.6115384615384616 0.6235632183908046 0.5884615384615385 0.6235632183908046
0 0.05576923076923077 0.5445402298850575 0.05576923076923077 0.5459770114942529 0.06153846153846154 0.5459770114942529 0.06153846153846154 0.5445402298850575 0.05576923076923077 0.5445402298850575
0 0.22115384615384615 0.13793103448275862 0.22115384615384615 0.13936781609195403 0.2423076923076923 0.13936781609195403 0.2423076923076923 0.13793103448275862 0.22115384615384615 0.13793103448275862
0 0.9961538461538462 0.46264367816091956 0.9961538461538462 0.4640804597701149 1.0153846153846153 0.4640804597701149 1.0153846153846153 0.46264367816091956 0.9961538461538462 0.46264367816091956
0 1.0038461538461538 0.3936781609195402 1.0038461538461538 0.39511494252873564 1.025 0.39511494252873564 1.025 0.3936781609195402 1.0038461538461538 0.3936781609195402
0 0.7980769230769231 0.20833333333333334 0.7980769230769231 0.20977011494252873 0.8153846153846154 0.20977011494252873 0.8153846153846154 0.20833333333333334 0.7980769230769231 0.20833333333333334
0 0.41923076923076924 0.29310344827586204 0.41923076923076924 0.29454022988505746 0.43846153846153846 0.29454022988505746 0.43846153846153846 0.29310344827586204 0.41923076923076924 0.29310344827586204
0 0.026923076923076925 0.16522988505747127 0.026923076923076925 0.16666666666666666 0.03076923076923077 0.16666666666666666 0.03076923076923077 0.16522988505747127 0.026923076923076925 0.16522988505747127
0 1.1346153846153846 0.3103448275862069 1.1346153846153846 0.3117816091954023 1.1711538461538462 0.3117816091954023 1.1711538461538462 0.3103448275862069 1.1346153846153846 0.3103448275862069
0 0.5442307692307692 0.5502873563218391 0.5442307692307692 0.5517241379310345 0.5634615384615385 0.5517241379310345 0.5634615384615385 0.5502873563218391 0.5442307692307692 0.5502873563218391
0 0.3211538461538462 0.33477011494252873 0.3211538461538462 0.33620689655172414 0.35384615384615387 0.33620689655172414 0.35384615384615387 0.33477011494252873 0.3211538461538462 0.33477011494252873
0 0.5673076923076923 0.5876436781609196 0.5673076923076923 0.5890804597701149 0.5692307692307692 0.5890804597701149 0.5692307692307692 0.5876436781609196 0.5673076923076923 0.5876436781609196
0 0.43846153846153846 0.7413793103448276 0.43846153846153846 0.742816091954023 0.45384615384615384 0.742816091954023 0.45384615384615384 0.7413793103448276 0.43846153846153846 0.7413793103448276
0 0.2865384615384615 0.2471264367816092 0.2865384615384615 0.24856321839080459 0.3 0.24856321839080459 0.3 0.2471264367816092 0.2865384615384615 0.2471264367816092
0 0.9346153846153846 0.48563218390804597 0.9346153846153846 0.4870689655172414 0.9692307692307692 0.4870689655172414 0.9692307692307692 0.48563218390804597 0.9346153846153846 0.48563218390804597
0 1.3346153846153845 0.09195402298850575 1.3346153846153845 0.09339080459770115 1.3384615384615384 0.09339080459770115 1.3384615384615384 0.09195402298850575 1.3346153846153845 0.09195402298850575
0 0.5019230769230769 0.11063218390804598 0.5019230769230769 0.11206896551724138 0.5269230769230769 0.11206896551724138 0.5269230769230769 0.11063218390804598 0.5019230769230769 0.11063218390804598