0 0.28515625 0.740625 0.28515625 0.74375 0.29296875 0.74375 0.29296875 0.740625 0.28515625 0.740625
0 0.5625 0.0 0.5625 0.003125 0.59765625 0.003125 0.59765625 0.0 0.5625 0.0
0 1.00390625 0.225 1.00390625 0.228125 1.03125 0.228125 1.03125 0.225 1.00390625 0.225
0 0.51953125 0.015625 0.51953125 0.01875 0.5234375 0.01875 0.5234375 0.015625 0.51953125 0.015625
0 0.5546875 0.521875 0.5546875 0.525 0.56640625 0.525 0.56640625 0.521875 0.5546875 0.521875
0 0.13671875 0.59375 0.13671875 0.596875 0.16015625 0.596875 0.16015625 0.59375 0.13671875 0.59375
0 1.0625 0.221875 1.0625 0.225 1.07421875 0.225 1.07421875 0.221875 1.0625 0.221875
0 0.109375 0.165625 0.109375 0.16875 0.12890625 0.16875 0.12890625 0.165625 0.109375 0.165625
0 1.12109375 0.040625 1.12109375 0.04375 1.12890625 0.04375 1.12890625 0.040625 1.12109375 0.040625
0 0.27734375 0.175 0.27734375 0.178125 0.296875 0.178125 0.296875 0.175 0.27734375 0.175
0 0.9296875 0.675 0.9296875 0.678125 0.93359375 0.678125 0.93359375 0.675 0.9296875 0.675
0 0.671875 0.359375 0.671875 0.3625 0.6796875 0.3625 0.6796875 0.359375 0.671875 0.359375
0 0.78125 0.6625 0.78125 0.665625 0.796875 0.665625 0.796875 0.6625 0.78125 0.6625
0 0.078125 0.665625 0.078125 0.66875 0.0859375 0.66875 0.0859375 0.665625 0.078125 0.665625
0 0.73828125 0.75 0.73828125 0.753125 0.74609375 0.753125 0.74609375 0.75 0.73828125 0.75
0 0.83203125 0.7375 0.83203125 0.740625 0.8515625 0.740625 0.8515625 0.7375 0.83203125 0.7375
0 0.27734375 0.48125 0.27734375 0.484375 0.28515625 0.484375 0.28515625 0.48125 0.27734375 0.48125
0 0.94140625 0.625 0.94140625 0.628125 0.9609375 0.628125 0.9609375 0.625 0.94140625 0.625
0 0.3203125 0.55625 0.3203125 0.559375 0.34765625 0.559375 0.34765625 0.55625 0.3203125 0.55625
0 0.2265625 0.0625 0.2265625 0.065625 0.25390625 0.065625 0.25390625 0.0625 0.2265625 0.0625
0 0.0 0.5375 0.0 0.540625 0.0078125 0.540625 0.0078125 0.5375 0.0 0.5375
0 1.09765625 0.565625 1.09765625 0.56875 1.11328125 0.56875 1.11328125 0.565625 1.09765625 0.565625
0 1.24609375 0.425 1.24609375 0.428125 1.25 0.428125 1.25 0.425 1.24609375 0.425
0 0.5390625 0.3375 0.5390625 0.340625 0.55078125 0.340625 0.55078125 0.3375 0.5390625 0.3375
0 1.21484375 0.115625 1.21484375 0.11875 1.23046875 0.11875 1.23046875 0.115625 1.21484375 0.115625
0 0.53125 0.2625 0.53125 0.265625 0.53515625 0.265625 0.53515625 0.2625 0.53125 0.2625
0 0.91796875 0.234375 0.91796875 0.2375 0.92578125 0.2375 0.92578125 0.234375 0.91796875 0.234375