0 0.5703125 0.34375 0.5703125 0.346875 0.6171875 0.346875 0.6171875 0.34375 0.5703125 0.34375
0 1.14453125 0.715625 1.14453125 0.71875 1.15625 0.71875 1.15625 0.715625 1.14453125 0.715625
0 0.06640625 0.0 0.06640625 0.003125 0.12109375 0.003125 0.12109375 0.0 0.06640625 0.0
0 0.1171875 0.6 0.1171875 0.603125 0.1328125 0.603125 0.1328125 0.6 0.1171875 0.6
0 1.16796875 0.246875 1.16796875 0.25 1.203125 0.25 1.203125 0.246875 1.16796875 0.246875
0 0.59375 0.66875 0.59375 0.671875 0.61328125 0.671875 0.61328125 0.66875 0.59375 0.66875
0 0.58203125 0.159375 0.58203125 0.1625 0.6171875 0.1625 0.6171875 0.159375 0.58203125 0.159375
0 0.63671875 0.23125 0.63671875 0.234375 0.65625 0.234375 0.65625 0.23125 0.63671875 0.23125
0 0.875 0.490625 0.875 0.49375 0.89453125 0.49375 0.89453125 0.490625 0.875 0.490625
0 0.45703125 0.775 0.45703125 0.778125 0.48828125 0.778125 0.48828125 0.775 0.45703125 0.775
0 0.5 0.56875 0.5 0.571875 0.51171875 0.571875 0.51171875 0.56875 0.5 0.56875
0 0.73046875 0.49375 0.73046875 0.496875 0.74609375 0.496875 0.74609375 0.49375 0.73046875 0.49375
0 0.04296875 0.7625 0.04296875 0.765625 0.0625 0.765625 0.0625 0.7625 0.04296875 0.7625
0 0.84375 0.64375 0.84375 0.646875 0.859375 0.646875 0.859375 0.64375 0.84375 0.64375
0 0.3984375 0.228125 0.3984375 0.23125 0.40625 0.23125 0.40625 0.228125 0.3984375 0.228125
0 0.0 0.0375 0.0 0.040625 0.0078125 0.040625 0.0078125 0.0375 0.0 0.0375
0 0.69140625 0.103125 0.69140625 0.10625 0.71484375 0.10625 0.71484375 0.103125 0.69140625 0.103125
0 0.890625 0.115625 0.890625 0.11875 0.921875 0.11875 0.921875 0.115625 0.890625 0.115625
0 0.02734375 0.028125 0.02734375 0.03125 0.05859375 0.03125 0.05859375 0.028125 0.02734375 0.028125
0 1.24609375 0.334375 1.24609375 0.3375 1.25 0.3375 1.25 0.334375 1.24609375 0.334375
0 1.203125 0.521875 1.203125 0.525 1.21875 0.525 1.21875 0.521875 1.203125 0.521875
0 1.0234375 0.371875 1.0234375 0.375 1.05078125 0.375 1.05078125 0.371875 1.0234375 0.371875
0 0.94921875 0.153125 0.94921875 0.15625 0.9765625 0.15625 0.9765625 0.153125 0.94921875 0.153125
0 0.14453125 0.609375 0.14453125 0.6125 0.15234375 0.6125 0.15234375 0.609375 0.14453125 0.609375
0 1.0 0.125 1.0 0.128125 1.01171875 0.128125 1.01171875 0.125 1.0 0.125
0 0.078125 0.4 0.078125 0.403125 0.12109375 0.403125 0.12109375 0.4 0.078125 0.4
0 0.34765625 0.078125 0.34765625 0.08125 0.36328125 0.08125 0.36328125 0.078125 0.34765625 0.078125
0 0.1484375 0.7375 0.1484375 0.740625 0.171875 0.740625 0.171875 0.7375 0.1484375 0.7375
0 0.7421875 0.040625 0.7421875 0.04375 0.75 0.04375 0.75 0.040625 0.7421875 0.040625
0 0.94921875 0.028125 0.94921875 0.03125 0.96875 0.03125 0.96875 0.028125 0.94921875 0.028125
0 0.359375 0.26875 0.359375 0.271875 0.3828125 0.271875 0.3828125 0.26875 0.359375 0.26875
0 0.5625 0.225 0.5625 0.228125 0.57421875 0.228125 0.57421875 0.225 0.5625 0.225
0 0.25390625 0.621875 0.25390625 0.625 0.2890625 0.625 0.2890625 0.621875 0.25390625 0.621875
0 0.49609375 0.39375 0.49609375 0.396875 0.5 0.396875 0.5 0.39375 0.49609375 0.39375
0 0.70703125 0.09375 0.70703125 0.096875 0.7421875 0.096875 0.7421875 0.09375 0.70703125 0.09375
0 0.36328125 0.040625 0.36328125 0.04375 0.37890625 0.04375 0.37890625 0.040625 0.36328125 0.040625
0 0.09765625 0.084375 0.09765625 0.0875 0.1171875 0.0875 0.1171875 0.084375 0.09765625 0.084375
0 0.70703125 0.009375 0.70703125 0.0125 0.7578125 0.0125 0.7578125 0.009375 0.70703125 0.009375
0 0.73046875 0.690625 0.73046875 0.69375 0.74609375 0.69375 0.74609375 0.690625 0.73046875 0.690625
0 0.875 0.296875 0.875 0.3 0.90625 0.3 0.90625 0.296875 0.875 0.296875
0 0.98828125 0.484375 0.98828125 0.4875 1.01171875 0.4875 1.01171875 0.484375 0.98828125 0.484375
0 0.3828125 0.2125 0.3828125 0.215625 0.41015625 0.215625 0.41015625 0.2125 0.3828125 0.2125
0 1.0859375 0.521875 1.0859375 0.525 1.12890625 0.525 1.12890625 0.521875 1.0859375 0.521875
0 0.609375 0.05625 0.609375 0.059375 0.64453125 0.059375 0.64453125 0.05625 0.609375 0.05625
0 0.01953125 0.14375 0.01953125 0.146875 0.05859375 0.146875 0.05859375 0.14375 0.01953125 0.14375
0 0.25 0.296875 0.25 0.3 0.265625 0.3 0.265625 0.296875 0.25 0.296875