0 0.6076923076923076 0.27155172413793105 0.6076923076923076 0.27298850574712646 0.6173076923076923 0.27298850574712646 0.6173076923076923 0.27155172413793105 0.6076923076923076 0.27155172413793105
0 0.8423076923076923 0.03017241379310345 0.8423076923076923 0.031609195402298854 0.85 0.031609195402298854 0.85 0.03017241379310345 0.8423076923076923 0.03017241379310345
0 0.5923076923076923 0.6063218390804598 0.5923076923076923 0.6077586206896551 0.6076923076923076 0.6077586206896551 0.6076923076923076 0.6063218390804598 0.5923076923076923 0.6063218390804598
0 0.33076923076923076 0.4540229885057471 0.33076923076923076 0.45545977011494254 0.36538461538461536 0.45545977011494254 0.36538461538461536 0.4540229885057471 0.33076923076923076 0.4540229885057471
0 1.2365384615384616 0.14942528735632185 1.2365384615384616 0.15086206896551724 1.248076923076923 0.15086206896551724 1.248076923076923 0.14942528735632185 1.2365384615384616 0.14942528735632185
0 1.051923076923077 0.14942528735632185 1.051923076923077 0.15086206896551724 1.0769230769230769 0.15086206896551724 1.0769230769230769 0.14942528735632185 1.051923076923077 0.14942528735632185
0 0.8615384615384616 0.5359195402298851 0.8615384615384616 0.5373563218390804 0.8769230769230769 0.5373563218390804 0.8769230769230769 0.5359195402298851 0.8615384615384616 0.5359195402298851
0 1.3365384615384615 0.46695402298850575 1.3365384615384615 0.46839080459770116 1.3384615384615384 0.46839080459770116 1.3384615384615384 0.46695402298850575 1.3365384615384615 0.46695402298850575
0 0.08076923076923077 0.3175287356321839 0.08076923076923077 0.31896551724137934 0.08846153846153847 0.31896551724137934 0.08846153846153847 0.3175287356321839 0.08076923076923077 0.3175287356321839
0 0.9769230769230769 0.1997126436781609 0.9769230769230769 0.20114942528735633 0.9884615384615385 0.20114942528735633 0.9884615384615385 0.1997126436781609 0.9769230769230769 0.1997126436781609
0 0.95 0.0 0.95 0.0014367816091954023 1.0 0.0014367816091954023 1.0 0.0 0.95 0.0
0 0.45 0.11063218390804598 0.45 0.11206896551724138 0.4653846153846154 0.11206896551724138 0.4653846153846154 0.11063218390804598 0.45 0.11063218390804598
0 0.5076923076923077 0.3390804597701149 0.5076923076923077 0.34051724137931033 0.5403846153846154 0.34051724137931033 0.5403846153846154 0.3390804597701149 0.5076923076923077 0.3390804597701149
0 1.3057692307692308 0.7399425287356322 1.3057692307692308 0.7413793103448276 1.3269230769230769 0.7413793103448276 1.3269230769230769 0.7399425287356322 1.3057692307692308 0.7399425287356322
0 1.1442307692307692 0.7169540229885057 1.1442307692307692 0.7183908045977011 1.1576923076923078 0.7183908045977011 1.1576923076923078 0.7169540229885057 1.1442307692307692 0.7169540229885057
0 0.0673076923076923 0.27298850574712646 0.0673076923076923 0.2744252873563218 0.09230769230769231 0.2744252873563218 0.09230769230769231 0.27298850574712646 0.0673076923076923 0.27298850574712646
0 0.9096153846153846 0.4985632183908046 0.9096153846153846 0.5 0.9230769230769231 0.5 0.9230769230769231 0.4985632183908046 0.9096153846153846 0.4985632183908046
0 0.3096153846153846 0.5574712643678161 0.3096153846153846 0.5589080459770115 0.3269230769230769 0.5589080459770115 0.3269230769230769 0.5574712643678161 0.3096153846153846 0.5574712643678161
0 0.875 0.6479885057471264 0.875 0.6494252873563219 0.8846153846153846 0.6494252873563219 0.8846153846153846 0.6479885057471264 0.875 0.6479885057471264
0 0.9730769230769231 0.6839080459770115 0.9730769230769231 0.6853448275862069 1.0173076923076922 0.6853448275862069 1.0173076923076922 0.6839080459770115 0.9730769230769231 0.6839080459770115
0 0.2673076923076923 0.49137931034482757 0.2673076923076923 0.492816091954023 0.2903846153846154 0.492816091954023 0.2903846153846154 0.49137931034482757 0.2673076923076923 0.49137931034482757
0 0.08076923076923077 0.0617816091954023 0.08076923076923077 0.06321839080459771 0.09038461538461538 0.06321839080459771 0.09038461538461538 0.0617816091954023 0.08076923076923077 0.0617816091954023
0 0.26153846153846155 0.6336206896551724 0.26153846153846155 0.6350574712643678 0.2673076923076923 0.6350574712643678 0.2673076923076923 0.6336206896551724 0.26153846153846155 0.6336206896551724
0 0.9307692307692308 0.7011494252873564 0.9307692307692308 0.7025862068965517 0.9403846153846154 0.7025862068965517 0.9403846153846154 0.7011494252873564 0.9307692307692308 0.7011494252873564
0 0.4 0.6494252873563219 0.4 0.6508620689655172 0.42115384615384616 0.6508620689655172 0.42115384615384616 0.6494252873563219 0.4 0.6494252873563219
0 0.6942307692307692 0.6077586206896551 0.6942307692307692 0.6091954022988506 0.7230769230769231 0.6091954022988506 0.7230769230769231 0.6077586206896551 0.6942307692307692 0.6077586206896551
0 0.5884615384615385 0.6925287356321839 0.5884615384615385 0.6939655172413793 0.5923076923076923 0.6939655172413793 0.5923076923076923 0.6925287356321839 0.5884615384615385 0.6925287356321839
0 0.0038461538461538464 0.2025862068965517 0.0038461538461538464 0.20402298850574713 0.021153846153846155 0.20402298850574713 0.021153846153846155 0.2025862068965517 0.0038461538461538464 0.2025862068965517
0 0.6384615384615384 0.6867816091954023 0.6384615384615384 0.6882183908045977 0.6442307692307693 0.6882183908045977 0.6442307692307693 0.6867816091954023 0.6384615384615384 0.6867816091954023
0 0.38653846153846155 0.033045977011494254 0.38653846153846155 0.034482758620689655 0.40576923076923077 0.034482758620689655 0.40576923076923077 0.033045977011494254 0.38653846153846155 0.033045977011494254
0 0.7057692307692308 0.0 0.7057692307692308 0.0014367816091954023 0.8057692307692308 0.0014367816091954023 0.8057692307692308 0.0 0.7057692307692308 0.0
0 0.9788461538461538 0.2614942528735632 0.9788461538461538 0.2629310344827586 0.9826923076923076 0.2629310344827586 0.9826923076923076 0.2614942528735632 0.9788461538461538 0.2614942528735632
0 1.0903846153846153 0.17097701149425287 1.0903846153846153 0.1724137931034483 1.1057692307692308 0.1724137931034483 1.1057692307692308 0.17097701149425287 1.0903846153846153 0.17097701149425287
0 0.9288461538461539 0.5890804597701149 0.9288461538461539 0.5905172413793104 0.9423076923076923 0.5905172413793104 0.9423076923076923 0.5890804597701149 0.9288461538461539 0.5890804597701149
0 0.24423076923076922 0.031609195402298854 0.24423076923076922 0.033045977011494254 0.2519230769230769 0.033045977011494254 0.2519230769230769 0.031609195402298854 0.24423076923076922 0.031609195402298854
0 0.051923076923076926 0.27155172413793105 0.051923076923076926 0.27298850574712646 0.05961538461538462 0.27298850574712646 0.05961538461538462 0.27155172413793105 0.051923076923076926 0.27155172413793105
0 0.9769230769230769 0.33477011494252873 0.9769230769230769 0.33620689655172414 0.9884615384615385 0.33620689655172414 0.9884615384615385 0.33477011494252873 0.9769230769230769 0.33477011494252873
0 0.3192307692307692 0.0 0.3192307692307692 0.0014367816091954023 0.3557692307692308 0.0014367816091954023 0.3557692307692308 0.0 0.3192307692307692 0.0
0 0.36538461538461536 0.47126436781609193 0.36538461538461536 0.47270114942528735 0.3730769230769231 0.47270114942528735 0.3730769230769231 0.47126436781609193 0.36538461538461536 0.47126436781609193
0 0.7730769230769231 0.47413793103448276 0.7730769230769231 0.4755747126436782 0.7807692307692308 0.4755747126436782 0.7807692307692308 0.47413793103448276 0.7730769230769231 0.47413793103448276
0 0.01730769230769231 0.46839080459770116 0.01730769230769231 0.4698275862068966 0.025 0.4698275862068966 0.025 0.46839080459770116 0.01730769230769231 0.46839080459770116
0 0.20384615384615384 0.34626436781609193 0.20384615384615384 0.34770114942528735 0.2076923076923077 0.34770114942528735 0.2076923076923077 0.34626436781609193 0.20384615384615384 0.34626436781609193
0 0.2230769230769231 0.5589080459770115 0.2230769230769231 0.5603448275862069 0.22692307692307692 0.5603448275862069 0.22692307692307692 0.5589080459770115 0.2230769230769231 0.5589080459770115
0 0.7769230769230769 0.031609195402298854 0.7769230769230769 0.033045977011494254 0.7846153846153846 0.033045977011494254 0.7846153846153846 0.031609195402298854 0.7769230769230769 0.031609195402298854
0 1.1403846153846153 0.39511494252873564 1.1403846153846153 0.39655172413793105 1.1673076923076924 0.39655172413793105 1.1673076923076924 0.39511494252873564 1.1403846153846153 0.39511494252873564
0 0.17884615384615385 0.4324712643678161 0.17884615384615385 0.4339080459770115 0.19807692307692307 0.4339080459770115 0.19807692307692307 0.4324712643678161 0.17884615384615385 0.4324712643678161
0 0.011538461538461539 0.6494252873563219 0.011538461538461539 0.6508620689655172 0.015384615384615385 0.6508620689655172 0.015384615384615385 0.6494252873563219 0.011538461538461539 0.6494252873563219
0 0.3942307692307692 0.5416666666666666 0.3942307692307692 0.5431034482758621 0.4 0.5431034482758621 0.4 0.5416666666666666 0.3942307692307692 0.5416666666666666