0 0.171875 0.7625 0.171875 0.765625 0.19140625 0.765625 0.19140625 0.7625 0.171875 0.7625
0 0.10546875 0.328125 0.10546875 0.33125 0.1328125 0.33125 0.1328125 0.328125 0.10546875 0.328125
0 0.38671875 0.621875 0.38671875 0.625 0.40625 0.625 0.40625 0.621875 0.38671875 0.621875
0 1.05859375 0.125 1.05859375 0.128125 1.09375 0.128125 1.09375 0.125 1.05859375 0.125
0 0.32421875 0.76875 0.32421875 0.771875 0.328125 0.771875 0.328125 0.76875 0.32421875 0.76875
0 0.73828125 0.321875 0.73828125 0.325 0.78515625 0.325 0.78515625 0.321875 0.73828125 0.321875
0 0.2421875 0.040625 0.2421875 0.04375 0.26953125 0.04375 0.26953125 0.040625 0.2421875 0.040625
0 0.96484375 0.0 0.96484375 0.003125 1.0 0.003125 1.0 0.0 0.96484375 0.0
0 0.04296875 0.090625 0.04296875 0.09375 0.0546875 0.09375 0.0546875 0.090625 0.04296875 0.090625
0 1.0 0.75 1.0 0.753125 1.015625 0.753125 1.015625 0.75 1.0 0.75
0 0.7109375 0.1125 0.7109375 0.115625 0.71875 0.115625 0.71875 0.1125 0.7109375 0.1125
0 0.8984375 0.0875 0.8984375 0.090625 0.921875 0.090625 0.921875 0.0875 0.8984375 0.0875
0 0.75390625 0.0 0.75390625 0.003125 0.859375 0.003125 0.859375 0.0 0.75390625 0.0
0 0.5 0.196875 0.5 0.2 0.546875 0.2 0.546875 0.196875 0.5 0.196875
0 0.125 0.04375 0.125 0.046875 0.16015625 0.046875 0.16015625 0.04375 0.125 0.04375
0 0.63671875 0.659375 0.63671875 0.6625 0.64453125 0.6625 0.64453125 0.659375 0.63671875 0.659375
0 0.01953125 0.071875 0.01953125 0.075 0.02734375 0.075 0.02734375 0.071875 0.01953125 0.071875
0 1.21484375 0.35 1.21484375 0.353125 1.22265625 0.353125 1.22265625 0.35 1.21484375 0.35
0 0.4609375 0.1875 0.4609375 0.190625 0.50390625 0.190625 0.50390625 0.1875 0.4609375 0.1875
0 1.01953125 0.65625 1.01953125 0.659375 1.0546875 0.659375 1.0546875 0.65625 1.01953125 0.65625
0 0.27734375 0.5375 0.27734375 0.540625 0.30078125 0.540625 0.30078125 0.5375 0.27734375 0.5375
0 0.62109375 0.521875 0.62109375 0.525 0.63671875 0.525 0.63671875 0.521875 0.62109375 0.521875
0 0.109375 0.63125 0.109375 0.634375 0.1953125 0.634375 0.1953125 0.63125 0.109375 0.63125
0 0.24609375 0.465625 0.24609375 0.46875 0.2578125 0.46875 0.2578125 0.465625 0.24609375 0.465625
0 1.109375 0.096875 1.109375 0.1 1.12109375 0.1 1.12109375 0.096875 1.109375 0.096875