0 1.9038142620232172 0.14622641509433962 1.9038142620232172 0.1470125786163522 1.9203980099502487 0.1470125786163522 1.9203980099502487 0.14622641509433962 1.9038142620232172 0.14622641509433962
0 1.9535655058043118 0.26022012578616355 1.9535655058043118 0.2610062893081761 1.9751243781094527 0.2610062893081761 1.9751243781094527 0.26022012578616355 1.9535655058043118 0.26022012578616355
0 0.001658374792703151 0.13836477987421383 0.001658374792703151 0.1391509433962264 0.006633499170812604 0.1391509433962264 0.006633499170812604 0.13836477987421383 0.001658374792703151 0.13836477987421383
0 0.30514096185737977 0.3584905660377358 0.30514096185737977 0.35927672955974843 0.32669983416252074 0.35927672955974843 0.32669983416252074 0.3584905660377358 0.30514096185737977 0.3584905660377358
0 0.004975124378109453 0.3639937106918239 0.004975124378109453 0.36477987421383645 0.014925373134328358 0.36477987421383645 0.014925373134328358 0.3639937106918239 0.004975124378109453 0.3639937106918239
0 1.9601990049751243 0.1501572327044025 1.9601990049751243 0.1509433962264151 1.978441127694859 0.1509433962264151 1.978441127694859 0.1501572327044025 1.9601990049751243 0.1501572327044025
0 1.4029850746268657 0.2830188679245283 1.4029850746268657 0.2838050314465409 1.4245439469320067 0.2838050314465409 1.4245439469320067 0.2830188679245283 1.4029850746268657 0.2830188679245283
0 1.6633499170812605 0.3632075471698113 1.6633499170812605 0.3639937106918239 1.6799336650082919 0.3639937106918239 1.6799336650082919 0.3632075471698113 1.6633499170812605 0.3632075471698113
0 2.014925373134328 0.0479559748427673 2.014925373134328 0.04874213836477988 2.0215588723051408 0.04874213836477988 2.0215588723051408 0.0479559748427673 2.014925373134328 0.0479559748427673
0 2.0248756218905473 0.13128930817610063 2.0248756218905473 0.1320754716981132 2.0480928689883915 0.1320754716981132 2.0480928689883915 0.13128930817610063 2.0248756218905473 0.13128930817610063
0 0.5323383084577115 0.10613207547169812 0.5323383084577115 0.1069182389937107 0.5373134328358209 0.1069182389937107 0.5373134328358209 0.10613207547169812 0.5323383084577115 0.10613207547169812
0 0.5339966832504146 0.09905660377358491 0.5339966832504146 0.09984276729559749 0.5406301824212272 0.09984276729559749 0.5406301824212272 0.09905660377358491 0.5339966832504146 0.09905660377358491
0 0.8076285240464345 0.1611635220125786 0.8076285240464345 0.1619496855345912 0.8275290215588723 0.1619496855345912 0.8275290215588723 0.1611635220125786 0.8076285240464345 0.1611635220125786
0 0.4427860696517413 0.28537735849056606 0.4427860696517413 0.2861635220125786 0.472636815920398 0.2861635220125786 0.472636815920398 0.28537735849056606 0.4427860696517413 0.28537735849056606
0 0.43283582089552236 0.07861635220125786 0.43283582089552236 0.07940251572327044 0.439469320066335 0.07940251572327044 0.439469320066335 0.07861635220125786 0.43283582089552236 0.07861635220125786
0 1.4991708126036485 0.15330188679245282 1.4991708126036485 0.1540880503144654 1.5306799336650083 0.1540880503144654 1.5306799336650083 0.15330188679245282 1.4991708126036485 0.15330188679245282
0 1.8739635157545604 0.32547169811320753 1.8739635157545604 0.32625786163522014 1.8872305140961858 0.32625786163522014 1.8872305140961858 0.32547169811320753 1.8739635157545604 0.32547169811320753
0 0.351575456053068 0.04559748427672956 0.351575456053068 0.046383647798742135 0.3598673300165838 0.046383647798742135 0.3598673300165838 0.04559748427672956 0.351575456053068 0.04559748427672956
0 0.6301824212271974 0.14544025157232704 0.6301824212271974 0.14622641509433962 0.6351575456053068 0.14622641509433962 0.6351575456053068 0.14544025157232704 0.6301824212271974 0.14544025157232704
0 1.626865671641791 0.2672955974842767 1.626865671641791 0.26808176100628933 1.6301824212271974 0.26808176100628933 1.6301824212271974 0.2672955974842767 1.626865671641791 0.2672955974842767
0 1.713101160862355 0.2617924528301887 1.713101160862355 0.26257861635220126 1.7180762852404643 0.26257861635220126 1.7180762852404643 0.2617924528301887 1.713101160862355 0.2617924528301887
0 2.0248756218905473 0.16666666666666666 2.0248756218905473 0.16745283018867924 2.0497512437810945 0.16745283018867924 2.0497512437810945 0.16666666666666666 2.0248756218905473 0.16666666666666666
0 1.2769485903814262 0.09748427672955975 1.2769485903814262 0.09827044025157233 1.2835820895522387 0.09827044025157233 1.2835820895522387 0.09748427672955975 1.2769485903814262 0.09748427672955975
0 0.5306799336650083 0.1988993710691824 0.5306799336650083 0.19968553459119498 0.538971807628524 0.19968553459119498 0.538971807628524 0.1988993710691824 0.5306799336650083 0.1988993710691824
0 0.9834162520729685 0.08883647798742138 0.9834162520729685 0.08962264150943396 0.9983416252072969 0.08962264150943396 0.9983416252072969 0.08883647798742138 0.9834162520729685 0.08883647798742138
0 0.8822553897180763 0.11477987421383648 0.8822553897180763 0.11556603773584906 0.8905472636815921 0.11556603773584906 0.8905472636815921 0.11477987421383648 0.8822553897180763 0.11477987421383648
0 1.4013266998341625 0.2759433962264151 1.4013266998341625 0.27672955974842767 1.4096185737976783 0.27672955974842767 1.4096185737976783 0.2759433962264151 1.4013266998341625 0.2759433962264151
0 0.494195688225539 0.2610062893081761 0.494195688225539 0.2617924528301887 0.5041459369817579 0.2617924528301887 0.5041459369817579 0.2610062893081761 0.494195688225539 0.2610062893081761
0 1.1160862354892205 0.12735849056603774 1.1160862354892205 0.1281446540880503 1.1326699834162521 0.1281446540880503 1.1326699834162521 0.12735849056603774 1.1160862354892205 0.12735849056603774
0 0.8175787728026535 0.06446540880503145 0.8175787728026535 0.06525157232704402 0.8208955223880597 0.06525157232704402 0.8208955223880597 0.06446540880503145 0.8175787728026535 0.06446540880503145
0 0.28192371475953565 0.04481132075471698 0.28192371475953565 0.04559748427672956 0.2885572139303483 0.04559748427672956 0.2885572139303483 0.04481132075471698 0.28192371475953565 0.04481132075471698
0 1.8805970149253732 0.2751572327044025 1.8805970149253732 0.2759433962264151 1.8955223880597014 0.2759433962264151 1.8955223880597014 0.2751572327044025 1.8805970149253732 0.2751572327044025
0 1.855721393034826 0.39308176100628933 1.855721393034826 0.3938679245283019 1.8656716417910448 0.3938679245283019 1.8656716417910448 0.39308176100628933 1.855721393034826 0.39308176100628933
0 0.75787728026534 0.21855345911949686 0.75787728026534 0.21933962264150944 0.7877280265339967 0.21933962264150944 0.7877280265339967 0.21855345911949686 0.75787728026534 0.21855345911949686
0 0.4975124378109453 0.2562893081761006 0.4975124378109453 0.25707547169811323 0.5190713101160862 0.25707547169811323 0.5190713101160862 0.2562893081761006 0.4975124378109453 0.2562893081761006
0 1.207296849087894 0.29874213836477986 1.207296849087894 0.29952830188679247 1.2122719734660032 0.29952830188679247 1.2122719734660032 0.29874213836477986 1.207296849087894 0.29874213836477986
0 1.7844112769485905 0.16588050314465408 1.7844112769485905 0.16666666666666666 1.7993366500829187 0.16666666666666666 1.7993366500829187 0.16588050314465408 1.7844112769485905 0.16588050314465408
0 0.7512437810945274 0.2806603773584906 0.7512437810945274 0.28144654088050314 0.7545605306799337 0.28144654088050314 0.7545605306799337 0.2806603773584906 0.7512437810945274 0.2806603773584906
0 1.9883913764510779 0.12421383647798742 1.9883913764510779 0.125 1.9983416252072967 0.125 1.9983416252072967 0.12421383647798742 1.9883913764510779 0.12421383647798742
0 1.1359867330016584 0.3380503144654088 1.1359867330016584 0.3388364779874214 1.144278606965174 0.3388364779874214 1.144278606965174 0.3380503144654088 1.1359867330016584 0.3380503144654088
0 1.6600331674958542 0.08018867924528301 1.6600331674958542 0.0809748427672956 1.6633499170812605 0.0809748427672956 1.6633499170812605 0.08018867924528301 1.6600331674958542 0.08018867924528301
0 1.8441127694859039 0.20361635220125787 1.8441127694859039 0.20440251572327045 1.8524046434494195 0.20440251572327045 1.8524046434494195 0.20361635220125787 1.8441127694859039 0.20361635220125787
0 0.30514096185737977 0.2908805031446541 0.30514096185737977 0.2916666666666667 0.32172470978441126 0.2916666666666667 0.32172470978441126 0.2908805031446541 0.30514096185737977 0.2908805031446541
0 0.5107794361525705 0.39544025157232704 0.5107794361525705 0.39622641509433965 0.5174129353233831 0.39622641509433965 0.5174129353233831 0.39544025157232704 0.5107794361525705 0.39544025157232704
0 1.5008291873963515 0.1029874213836478 1.5008291873963515 0.10377358490566038 1.5174129353233832 0.10377358490566038 1.5174129353233832 0.1029874213836478 1.5008291873963515 0.1029874213836478
0 0.9983416252072969 0.06761006289308176 0.9983416252072969 0.06839622641509434 1.0116086235489221 0.06839622641509434 1.0116086235489221 0.06761006289308176 0.9983416252072969 0.06761006289308176
0 0.9917081260364843 0.38522012578616355 0.9917081260364843 0.3860062893081761 0.9950248756218906 0.3860062893081761 0.9950248756218906 0.38522012578616355 0.9917081260364843 0.38522012578616355
0 0.31840796019900497 0.4025157232704403 0.31840796019900497 0.4033018867924528 0.3250414593698176 0.4033018867924528 0.3250414593698176 0.4025157232704403 0.31840796019900497 0.4025157232704403
0 1.835820895522388 0.3474842767295597 1.835820895522388 0.34827044025157233 1.8441127694859039 0.34827044025157233 1.8441127694859039 0.3474842767295597 1.835820895522388 0.3474842767295597
0 2.0082918739635156 0.34276729559748426 2.0082918739635156 0.34355345911949686 2.011608623548922 0.34355345911949686 2.011608623548922 0.34276729559748426 2.0082918739635156 0.34276729559748426
0 0.9618573797678275 0.4056603773584906 0.9618573797678275 0.40644654088050314 0.9684908789386402 0.40644654088050314 0.9684908789386402 0.4056603773584906 0.9618573797678275 0.4056603773584906
0 1.1111111111111112 0.3136792452830189 1.1111111111111112 0.31446540880503143 1.1227197346600333 0.31446540880503143 1.1227197346600333 0.3136792452830189 1.1111111111111112 0.3136792452830189
0 0.6533996683250415 0.0699685534591195 0.6533996683250415 0.07075471698113207 0.6583747927031509 0.07075471698113207 0.6583747927031509 0.0699685534591195 0.6533996683250415 0.0699685534591195
0 1.371475953565506 0.37264150943396224 1.371475953565506 0.37342767295597484 1.3814262023217247 0.37342767295597484 1.3814262023217247 0.37264150943396224 1.371475953565506 0.37264150943396224
0 0.6102819237147595 0.3781446540880503 0.6102819237147595 0.3789308176100629 0.6202321724709784 0.3789308176100629 0.6202321724709784 0.3781446540880503 0.6102819237147595 0.3781446540880503
0 0.48756218905472637 0.0809748427672956 0.48756218905472637 0.08176100628930817 0.49585406301824214 0.08176100628930817 0.49585406301824214 0.0809748427672956 0.48756218905472637 0.0809748427672956
0 1.5804311774461028 0.05817610062893082 1.5804311774461028 0.0589622641509434 1.5887230514096187 0.0589622641509434 1.5887230514096187 0.05817610062893082 1.5804311774461028 0.05817610062893082
0 0.29187396351575456 0.19339622641509435 0.29187396351575456 0.19418238993710693 0.3200663349917081 0.19418238993710693 0.3200663349917081 0.19339622641509435 0.29187396351575456 0.19339622641509435
0 0.47761194029850745 0.34276729559748426 0.47761194029850745 0.34355345911949686 0.494195688225539 0.34355345911949686 0.494195688225539 0.34276729559748426 0.47761194029850745 0.34276729559748426
0 1.0149253731343284 0.36792452830188677 1.0149253731343284 0.3687106918238994 1.023217247097844 0.3687106918238994 1.023217247097844 0.36792452830188677 1.0149253731343284 0.36792452830188677
0 0.8258706467661692 0.14386792452830188 0.8258706467661692 0.14465408805031446 0.8424543946932007 0.14465408805031446 0.8424543946932007 0.14386792452830188 0.8258706467661692 0.14386792452830188
0 0.23051409618573798 0.16981132075471697 0.23051409618573798 0.17059748427672955 0.25207296849087896 0.17059748427672955 0.25207296849087896 0.16981132075471697 0.23051409618573798 0.16981132075471697
0 1.9684908789386402 0.29323899371069184 1.9684908789386402 0.2940251572327044 1.9751243781094527 0.2940251572327044 1.9751243781094527 0.29323899371069184 1.9684908789386402 0.29323899371069184
0 2.066334991708126 0.27358490566037735 2.066334991708126 0.27437106918238996 2.0928689883913765 0.27437106918238996 2.0928689883913765 0.27358490566037735 2.066334991708126 0.27358490566037735
0 1.714759535655058 0.04874213836477988 1.714759535655058 0.049528301886792456 1.7213930348258706 0.049528301886792456 1.7213930348258706 0.04874213836477988 1.714759535655058 0.04874213836477988
0 0.7910447761194029 0.2468553459119497 0.7910447761194029 0.24764150943396226 0.814262023217247 0.24764150943396226 0.814262023217247 0.2468553459119497 0.7910447761194029 0.2468553459119497
0 0.4427860696517413 0.33254716981132076 0.4427860696517413 0.3333333333333333 0.4560530679933665 0.3333333333333333 0.4560530679933665 0.33254716981132076 0.4427860696517413 0.33254716981132076
0 1.1592039800995024 0.3977987421383648 1.1592039800995024 0.39858490566037735 1.165837479270315 0.39858490566037735 1.165837479270315 0.3977987421383648 1.1592039800995024 0.3977987421383648
0 0.6898839137645107 0.3922955974842767 0.6898839137645107 0.39308176100628933 0.6948590381426202 0.39308176100628933 0.6948590381426202 0.3922955974842767 0.6898839137645107 0.3922955974842767
0 1.747927031509121 0.3191823899371069 1.747927031509121 0.3199685534591195 1.7595356550580432 0.3199685534591195 1.7595356550580432 0.3191823899371069 1.747927031509121 0.3191823899371069
0 2.0033167495854065 0.32154088050314467 2.0033167495854065 0.3223270440251572 2.009950248756219 0.3223270440251572 2.009950248756219 0.32154088050314467 2.0033167495854065 0.32154088050314467
0 1.2553897180762852 0.10455974842767296 1.2553897180762852 0.10534591194968554 1.2719734660033168 0.10534591194968554 1.2719734660033168 0.10455974842767296 1.2553897180762852 0.10455974842767296
0 1.472636815920398 0.29952830188679247 1.472636815920398 0.300314465408805 1.4776119402985075 0.300314465408805 1.4776119402985075 0.29952830188679247 1.472636815920398 0.29952830188679247
0 0.9137645107794361 0.054245283018867926 0.9137645107794361 0.055031446540880505 0.9187396351575456 0.055031446540880505 0.9187396351575456 0.054245283018867926 0.9137645107794361 0.054245283018867926
0 0.7164179104477612 0.07232704402515723 0.7164179104477612 0.07311320754716981 0.7280265339966833 0.07311320754716981 0.7280265339966833 0.07232704402515723 0.7164179104477612 0.07232704402515723
0 1.7611940298507462 0.04245283018867924 1.7611940298507462 0.04323899371069182 1.7678275290215588 0.04323899371069182 1.7678275290215588 0.04245283018867924 1.7611940298507462 0.04245283018867924
0 1.5572139303482586 0.13443396226415094 1.5572139303482586 0.13522012578616352 1.5655058043117744 0.13522012578616352 1.5655058043117744 0.13443396226415094 1.5572139303482586 0.13443396226415094
0 0.4892205638474295 0.18946540880503146 0.4892205638474295 0.19025157232704404 0.5058043117744611 0.19025157232704404 0.5058043117744611 0.18946540880503146 0.4892205638474295 0.18946540880503146
0 1.3814262023217247 0.3867924528301887 1.3814262023217247 0.38757861635220126 1.3880597014925373 0.38757861635220126 1.3880597014925373 0.3867924528301887 1.3814262023217247 0.3867924528301887
0 1.6898839137645107 0.23820754716981132 1.6898839137645107 0.2389937106918239 1.6965174129353233 0.2389937106918239 1.6965174129353233 0.23820754716981132 1.6898839137645107 0.23820754716981132
0 1.330016583747927 0.27908805031446543 1.330016583747927 0.279874213836478 1.3366500829187395 0.279874213836478 1.3366500829187395 0.27908805031446543 1.330016583747927 0.27908805031446543
0 0.33499170812603646 0.3191823899371069 0.33499170812603646 0.3199685534591195 0.34991708126036486 0.3199685534591195 0.34991708126036486 0.3191823899371069 0.33499170812603646 0.3191823899371069
0 1.228855721393035 0.23663522012578617 1.228855721393035 0.23742138364779874 1.265339966832504 0.23742138364779874 1.265339966832504 0.23663522012578617 1.228855721393035 0.23663522012578617
0 1.2404643449419568 0.3411949685534591 1.2404643449419568 0.3419811320754717 1.2487562189054726 0.3419811320754717 1.2487562189054726 0.3411949685534591 1.2404643449419568 0.3411949685534591
0 0.4560530679933665 0.0440251572327044 0.4560530679933665 0.04481132075471698 0.4693200663349917 0.04481132075471698 0.4693200663349917 0.0440251572327044 0.4560530679933665 0.0440251572327044
0 1.7429519071310116 0.1949685534591195 1.7429519071310116 0.1957547169811321 1.756218905472637 0.1957547169811321 1.756218905472637 0.1949685534591195 1.7429519071310116 0.1949685534591195
0 0.6616915422885572 0.15959119496855345 0.6616915422885572 0.16037735849056603 0.6799336650082919 0.16037735849056603 0.6799336650082919 0.15959119496855345 0.6616915422885572 0.15959119496855345
0 0.5804311774461028 0.24135220125786164 0.5804311774461028 0.24213836477987422 0.6003316749585407 0.24213836477987422 0.6003316749585407 0.24135220125786164 0.5804311774461028 0.24135220125786164
0 1.5671641791044777 0.15566037735849056 1.5671641791044777 0.15644654088050314 1.572139303482587 0.15644654088050314 1.572139303482587 0.15566037735849056 1.5671641791044777 0.15566037735849056
0 0.5174129353233831 0.3136792452830189 0.5174129353233831 0.31446540880503143 0.5257048092868989 0.31446540880503143 0.5257048092868989 0.3136792452830189 0.5174129353233831 0.3136792452830189
0 0.18407960199004975 0.3089622641509434 0.18407960199004975 0.30974842767295596 0.1890547263681592 0.30974842767295596 0.1890547263681592 0.3089622641509434 0.18407960199004975 0.3089622641509434
0 1.1194029850746268 0.3490566037735849 1.1194029850746268 0.3498427672955975 1.1260364842454396 0.3498427672955975 1.1260364842454396 0.3490566037735849 1.1194029850746268 0.3490566037735849
0 0.087893864013267 0.06210691823899371 0.087893864013267 0.06289308176100629 0.0912106135986733 0.06289308176100629 0.0912106135986733 0.06210691823899371 0.087893864013267 0.06210691823899371
0 1.0315091210613598 0.1281446540880503 1.0315091210613598 0.1289308176100629 1.043117744610282 0.1289308176100629 1.043117744610282 0.1281446540880503 1.0315091210613598 0.1281446540880503
0 0.05638474295190713 0.1878930817610063 0.05638474295190713 0.18867924528301888 0.0912106135986733 0.18867924528301888 0.0912106135986733 0.1878930817610063 0.05638474295190713 0.1878930817610063
0 1.0 0.060534591194968554 1.0 0.06132075471698113 1.0116086235489221 0.06132075471698113 1.0116086235489221 0.060534591194968554 1.0 0.060534591194968554
0 0.10613598673300166 0.11635220125786164 0.10613598673300166 0.11713836477987422 0.11276948590381426 0.11713836477987422 0.11276948590381426 0.11635220125786164 0.10613598673300166 0.11635220125786164
0 0.9850746268656716 0.05581761006289308 0.9850746268656716 0.05660377358490566 0.9900497512437811 0.05660377358490566 0.9900497512437811 0.05581761006289308 0.9850746268656716 0.05581761006289308
0 1.384742951907131 0.25471698113207547 1.384742951907131 0.2555031446540881 1.3913764510779436 0.2555031446540881 1.3913764510779436 0.25471698113207547 1.384742951907131 0.25471698113207547
0 0.7280265339966833 0.20204402515723272 0.7280265339966833 0.2028301886792453 0.7529021558872305 0.2028301886792453 0.7529021558872305 0.20204402515723272 0.7280265339966833 0.20204402515723272
0 1.265339966832504 0.40408805031446543 1.265339966832504 0.404874213836478 1.2703150912106136 0.404874213836478 1.2703150912106136 0.40408805031446543 1.265339966832504 0.40408805031446543
0 0.5356550580431177 0.2893081761006289 0.5356550580431177 0.29009433962264153 0.5456053067993366 0.29009433962264153 0.5456053067993366 0.2893081761006289 0.5356550580431177 0.2893081761006289
0 0.956882255389718 0.2720125786163522 0.956882255389718 0.2727987421383648 0.978441127694859 0.2727987421383648 0.978441127694859 0.2720125786163522 0.956882255389718 0.2720125786163522
0 0.3250414593698176 0.3050314465408805 0.3250414593698176 0.3058176100628931 0.34328358208955223 0.3058176100628931 0.34328358208955223 0.3050314465408805 0.3250414593698176 0.3050314465408805
0 1.902155887230514 0.2893081761006289 1.902155887230514 0.29009433962264153 1.9170812603648424 0.29009433962264153 1.9170812603648424 0.2893081761006289 1.902155887230514 0.2893081761006289
0 1.099502487562189 0.2138364779874214 1.099502487562189 0.21462264150943397 1.1127694859038142 0.21462264150943397 1.1127694859038142 0.2138364779874214 1.099502487562189 0.2138364779874214
0 0.1890547263681592 0.26572327044025157 0.1890547263681592 0.2665094339622642 0.21393034825870647 0.2665094339622642 0.21393034825870647 0.26572327044025157 0.1890547263681592 0.26572327044025157
0 0.0912106135986733 0.12028301886792453 0.0912106135986733 0.12106918238993711 0.1077943615257048 0.12106918238993711 0.1077943615257048 0.12028301886792453 0.0912106135986733 0.12028301886792453
0 1.1492537313432836 0.09827044025157233 1.1492537313432836 0.09905660377358491 1.1608623548922057 0.09905660377358491 1.1608623548922057 0.09827044025157233 1.1492537313432836 0.09827044025157233
0 0.21724709784411278 0.04559748427672956 0.21724709784411278 0.046383647798742135 0.22719734660033167 0.046383647798742135 0.22719734660033167 0.04559748427672956 0.21724709784411278 0.04559748427672956
0 0.9137645107794361 0.40644654088050314 0.9137645107794361 0.40723270440251574 0.9187396351575456 0.40723270440251574 0.9187396351575456 0.40644654088050314 0.9137645107794361 0.40644654088050314
0 1.7810945273631842 0.055031446540880505 1.7810945273631842 0.05581761006289308 1.7893864013266998 0.05581761006289308 1.7893864013266998 0.055031446540880505 1.7810945273631842 0.055031446540880505
0 1.0746268656716418 0.08411949685534591 1.0746268656716418 0.08490566037735849 1.086235489220564 0.08490566037735849 1.086235489220564 0.08411949685534591 1.0746268656716418 0.08411949685534591
0 1.8872305140961858 0.33254716981132076 1.8872305140961858 0.3333333333333333 1.9071310116086235 0.3333333333333333 1.9071310116086235 0.33254716981132076 1.8872305140961858 0.33254716981132076
0 1.912106135986733 0.09276729559748427 1.912106135986733 0.09355345911949685 1.9203980099502487 0.09355345911949685 1.9203980099502487 0.09276729559748427 1.912106135986733 0.09276729559748427
0 0.33167495854063017 0.3687106918238994 0.33167495854063017 0.3694968553459119 0.33996683250414594 0.3694968553459119 0.33996683250414594 0.3687106918238994 0.33167495854063017 0.3687106918238994
0 0.4759535655058043 0.050314465408805034 0.4759535655058043 0.05110062893081761 0.48092868988391374 0.05110062893081761 0.48092868988391374 0.050314465408805034 0.4759535655058043 0.050314465408805034
0 2.053067993366501 0.13522012578616352 2.053067993366501 0.1360062893081761 2.067993366500829 0.1360062893081761 2.067993366500829 0.13522012578616352 2.053067993366501 0.13522012578616352
0 1.2122719734660032 0.09433962264150944 1.2122719734660032 0.09512578616352202 1.220563847429519 0.09512578616352202 1.220563847429519 0.09433962264150944 1.2122719734660032 0.09433962264150944
0 1.2703150912106136 0.39544025157232704 1.2703150912106136 0.39622641509433965 1.2752902155887231 0.39622641509433965 1.2752902155887231 0.39544025157232704 1.2703150912106136 0.39544025157232704
0 0.006633499170812604 0.32861635220125784 0.006633499170812604 0.32940251572327045 0.03316749585406302 0.32940251572327045 0.03316749585406302 0.32861635220125784 0.006633499170812604 0.32861635220125784
0 0.2570480928689884 0.18396226415094338 0.2570480928689884 0.18474842767295596 0.2802653399668325 0.18474842767295596 0.2802653399668325 0.18396226415094338 0.2570480928689884 0.18396226415094338
0 1.3980099502487562 0.139937106918239 1.3980099502487562 0.14072327044025157 1.4112769485903813 0.14072327044025157 1.4112769485903813 0.139937106918239 1.3980099502487562 0.139937106918239
0 0.006633499170812604 0.2099056603773585 0.006633499170812604 0.21069182389937108 0.01658374792703151 0.21069182389937108 0.01658374792703151 0.2099056603773585 0.006633499170812604 0.2099056603773585
0 1.6533996683250414 0.11949685534591195 1.6533996683250414 0.12028301886792453 1.6600331674958542 0.12028301886792453 1.6600331674958542 0.11949685534591195 1.6533996683250414 0.11949685534591195
0 0.12437810945273632 0.03930817610062893 0.12437810945273632 0.04009433962264151 0.13266998341625208 0.04009433962264151 0.13266998341625208 0.03930817610062893 0.12437810945273632 0.03930817610062893
0 0.5688225538971807 0.360062893081761 0.5688225538971807 0.3608490566037736 0.582089552238806 0.3608490566037736 0.582089552238806 0.360062893081761 0.5688225538971807 0.360062893081761
0 0.1111111111111111 0.13050314465408805 0.1111111111111111 0.13128930817610063 0.11774461028192372 0.13128930817610063 0.11774461028192372 0.13050314465408805 0.1111111111111111 0.13050314465408805
0 1.1044776119402986 0.37028301886792453 1.1044776119402986 0.3710691823899371 1.1160862354892205 0.3710691823899371 1.1160862354892205 0.37028301886792453 1.1044776119402986 0.37028301886792453
0 0.25538971807628524 0.1721698113207547 0.25538971807628524 0.17295597484276728 0.2669983416252073 0.17295597484276728 0.2669983416252073 0.1721698113207547 0.25538971807628524 0.1721698113207547
0 1.208955223880597 0.046383647798742135 1.208955223880597 0.04716981132075472 1.2155887230514095 0.04716981132075472 1.2155887230514095 0.046383647798742135 1.208955223880597 0.046383647798742135
0 0.20563847429519072 0.22012578616352202 0.20563847429519072 0.2209119496855346 0.22885572139303484 0.2209119496855346 0.22885572139303484 0.22012578616352202 0.20563847429519072 0.22012578616352202
0 0.5024875621890548 0.4088050314465409 0.5024875621890548 0.40959119496855345 0.5107794361525705 0.40959119496855345 0.5107794361525705 0.4088050314465409 0.5024875621890548 0.4088050314465409
0 0.9767827529021559 0.27908805031446543 0.9767827529021559 0.279874213836478 0.9950248756218906 0.279874213836478 0.9950248756218906 0.27908805031446543 0.9767827529021559 0.27908805031446543
0 0.2155887230514096 0.059748427672955975 0.2155887230514096 0.060534591194968554 0.21890547263681592 0.060534591194968554 0.21890547263681592 0.059748427672955975 0.2155887230514096 0.059748427672955975
0 2.011608623548922 0.12106918238993711 2.011608623548922 0.12185534591194969 2.0248756218905473 0.12185534591194969 2.0248756218905473 0.12106918238993711 2.011608623548922 0.12106918238993711
0 2.001658374792703 0.30738993710691825 2.001658374792703 0.3081761006289308 2.0066334991708126 0.3081761006289308 2.0066334991708126 0.30738993710691825 2.001658374792703 0.30738993710691825
0 0.9303482587064676 0.1792452830188679 0.9303482587064676 0.1800314465408805 0.9552238805970149 0.1800314465408805 0.9552238805970149 0.1792452830188679 0.9303482587064676 0.1792452830188679
0 0.10613598673300166 0.37735849056603776 0.10613598673300166 0.3781446540880503 0.11276948590381426 0.3781446540880503 0.11276948590381426 0.37735849056603776 0.10613598673300166 0.37735849056603776
0 0.46766169154228854 0.23270440251572327 0.46766169154228854 0.23349056603773585 0.47429519071310117 0.23349056603773585 0.47429519071310117 0.23270440251572327 0.46766169154228854 0.23270440251572327
0 0.21061359867330018 0.21540880503144655 0.21061359867330018 0.21619496855345913 0.24543946932006633 0.21619496855345913 0.24543946932006633 0.21540880503144655 0.21061359867330018 0.21540880503144655
0 1.8855721393034826 0.10377358490566038 1.8855721393034826 0.10455974842767296 1.902155887230514 0.10455974842767296 1.902155887230514 0.10377358490566038 1.8855721393034826 0.10377358490566038
0 1.2321724709784412 0.1509433962264151 1.2321724709784412 0.15172955974842767 1.24212271973466 0.15172955974842767 1.24212271973466 0.1509433962264151 1.2321724709784412 0.1509433962264151
0 1.6036484245439468 0.17688679245283018 1.6036484245439468 0.17767295597484276 1.628524046434494 0.17767295597484276 1.628524046434494 0.17688679245283018 1.6036484245439468 0.17688679245283018
0 1.0 0.29559748427672955 1.0 0.29638364779874216 1.0480928689883913 0.29638364779874216 1.0480928689883913 0.29559748427672955 1.0 0.29559748427672955
0 0.5339966832504146 0.04323899371069182 0.5339966832504146 0.0440251572327044 0.5439469320066335 0.0440251572327044 0.5439469320066335 0.04323899371069182 0.5339966832504146 0.04323899371069182
0 0.6567164179104478 0.08726415094339622 0.6567164179104478 0.0880503144654088 0.6666666666666666 0.0880503144654088 0.6666666666666666 0.08726415094339622 0.6567164179104478 0.08726415094339622
0 1.9320066334991708 0.04874213836477988 1.9320066334991708 0.049528301886792456 1.9369817578772803 0.049528301886792456 1.9369817578772803 0.04874213836477988 1.9320066334991708 0.04874213836477988
0 1.8590381426202323 0.20833333333333334 1.8590381426202323 0.20911949685534592 1.8739635157545604 0.20911949685534592 1.8739635157545604 0.20833333333333334 1.8590381426202323 0.20833333333333334
0 1.2172470978441128 0.38836477987421386 1.2172470978441128 0.3891509433962264 1.2222222222222223 0.3891509433962264 1.2222222222222223 0.38836477987421386 1.2172470978441128 0.38836477987421386
0 1.0845771144278606 0.15644654088050314 1.0845771144278606 0.15723270440251572 1.1028192371475953 0.15723270440251572 1.1028192371475953 0.15644654088050314 1.0845771144278606 0.15644654088050314
0 1.1724709784411278 0.05345911949685535 1.1724709784411278 0.054245283018867926 1.1807628524046434 0.054245283018867926 1.1807628524046434 0.05345911949685535 1.1724709784411278 0.05345911949685535
0 1.3333333333333333 0.060534591194968554 1.3333333333333333 0.06132075471698113 1.3532338308457712 0.06132075471698113 1.3532338308457712 0.060534591194968554 1.3333333333333333 0.060534591194968554
0 1.087893864013267 0.046383647798742135 1.087893864013267 0.04716981132075472 1.0945273631840795 0.04716981132075472 1.0945273631840795 0.046383647798742135 1.087893864013267 0.046383647798742135
0 2.0 0.23113207547169812 2.0 0.2319182389937107 2.0265339966832503 0.2319182389937107 2.0265339966832503 0.23113207547169812 2.0 0.23113207547169812
0 1.4162520729684909 0.35062893081761004 1.4162520729684909 0.35141509433962265 1.4212271973466004 0.35141509433962265 1.4212271973466004 0.35062893081761004 1.4162520729684909 0.35062893081761004
0 0.41459369817578773 0.41037735849056606 0.41459369817578773 0.4111635220125786 0.4228855721393035 0.4111635220125786 0.4228855721393035 0.41037735849056606 0.41459369817578773 0.41037735849056606
0 0.5240464344941956 0.3860062893081761 0.5240464344941956 0.3867924528301887 0.5406301824212272 0.3867924528301887 0.5406301824212272 0.3860062893081761 0.5240464344941956 0.3860062893081761
0 1.9800995024875623 0.16430817610062892 1.9800995024875623 0.1650943396226415 1.9983416252072967 0.1650943396226415 1.9983416252072967 0.16430817610062892 1.9800995024875623 0.16430817610062892
0 1.6567164179104477 0.3805031446540881 1.6567164179104477 0.3812893081761006 1.6633499170812605 0.3812893081761006 1.6633499170812605 0.3805031446540881 1.6567164179104477 0.3805031446540881
0 0.49087893864013266 0.0440251572327044 0.49087893864013266 0.04481132075471698 0.4975124378109453 0.04481132075471698 0.4975124378109453 0.0440251572327044 0.49087893864013266 0.0440251572327044
0 2.03150912106136 0.2429245283018868 2.03150912106136 0.24371069182389937 2.0398009950248754 0.24371069182389937 2.0398009950248754 0.2429245283018868 2.03150912106136 0.2429245283018868
0 1.8275290215588722 0.30424528301886794 1.8275290215588722 0.3050314465408805 1.8391376451077943 0.3050314465408805 1.8391376451077943 0.30424528301886794 1.8275290215588722 0.30424528301886794
0 1.2819237147595357 0.06839622641509434 1.2819237147595357 0.06918238993710692 1.2885572139303483 0.06918238993710692 1.2885572139303483 0.06839622641509434 1.2819237147595357 0.06839622641509434
0 1.3665008291873963 0.40959119496855345 1.3665008291873963 0.41037735849056606 1.3764510779436152 0.41037735849056606 1.3764510779436152 0.40959119496855345 1.3665008291873963 0.40959119496855345
0 0.20398009950248755 0.39072327044025157 0.20398009950248755 0.3915094339622642 0.21227197346600332 0.3915094339622642 0.21227197346600332 0.39072327044025157 0.20398009950248755 0.39072327044025157
0 1.648424543946932 0.05738993710691824 1.648424543946932 0.05817610062893082 1.6550580431177446 0.05817610062893082 1.6550580431177446 0.05738993710691824 1.648424543946932 0.05738993710691824
0 1.669983416252073 0.3522012578616352 1.669983416252073 0.3529874213836478 1.6766169154228856 0.3529874213836478 1.6766169154228856 0.3522012578616352 1.669983416252073 0.3522012578616352
0 0.6218905472636815 0.04323899371069182 0.6218905472636815 0.0440251572327044 0.6368159203980099 0.0440251572327044 0.6368159203980099 0.04323899371069182 0.6218905472636815 0.04323899371069182
0 1.7827529021558872 0.3443396226415094 1.7827529021558872 0.345125786163522 1.7893864013266998 0.345125786163522 1.7893864013266998 0.3443396226415094 1.7827529021558872 0.3443396226415094
0 1.8391376451077943 0.18238993710691823 1.8391376451077943 0.1831761006289308 1.8706467661691542 0.1831761006289308 1.8706467661691542 0.18238993710691823 1.8391376451077943 0.18238993710691823
0 0.5588723051409619 0.4001572327044025 0.5588723051409619 0.4009433962264151 0.5621890547263682 0.4009433962264151 0.5621890547263682 0.4001572327044025 0.5588723051409619 0.4001572327044025
0 0.5257048092868989 0.09198113207547169 0.5257048092868989 0.09276729559748427 0.5306799336650083 0.09276729559748427 0.5306799336650083 0.09198113207547169 0.5257048092868989 0.09198113207547169
0 1.8656716417910448 0.08254716981132075 1.8656716417910448 0.08333333333333333 1.8756218905472637 0.08333333333333333 1.8756218905472637 0.08254716981132075 1.8656716417910448 0.08254716981132075
0 0.8756218905472637 0.11084905660377359 0.8756218905472637 0.11163522012578617 0.8822553897180763 0.11163522012578617 0.8822553897180763 0.11084905660377359 0.8756218905472637 0.11084905660377359
0 0.30016583747927034 0.2696540880503145 0.30016583747927034 0.27044025157232704 0.3117744610281924 0.27044025157232704 0.3117744610281924 0.2696540880503145 0.30016583747927034 0.2696540880503145
0 1.3250414593698177 0.07232704402515723 1.3250414593698177 0.07311320754716981 1.3316749585406302 0.07311320754716981 1.3316749585406302 0.07232704402515723 1.3250414593698177 0.07232704402515723
0 1.4427860696517414 0.14229559748427673 1.4427860696517414 0.1430817610062893 1.451077943615257 0.1430817610062893 1.451077943615257 0.14229559748427673 1.4427860696517414 0.14229559748427673
0 1.1077943615257049 0.22327044025157233 1.1077943615257049 0.2240566037735849 1.1177446102819237 0.2240566037735849 1.1177446102819237 0.22327044025157233 1.1077943615257049 0.22327044025157233
0 1.3349917081260365 0.22641509433962265 1.3349917081260365 0.22720125786163523 1.3582089552238805 0.22720125786163523 1.3582089552238805 0.22641509433962265 1.3349917081260365 0.22641509433962265
0 2.0729684908789388 0.2641509433962264 2.0729684908789388 0.264937106918239 2.0779436152570483 0.264937106918239 2.0779436152570483 0.2641509433962264 2.0729684908789388 0.2641509433962264
0 1.197346600331675 0.39544025157232704 1.197346600331675 0.39622641509433965 1.2023217247097844 0.39622641509433965 1.2023217247097844 0.39544025157232704 1.197346600331675 0.39544025157232704
0 1.9950248756218905 0.4056603773584906 1.9950248756218905 0.40644654088050314 2.0033167495854065 0.40644654088050314 2.0033167495854065 0.4056603773584906 1.9950248756218905 0.4056603773584906
0 1.1791044776119404 0.054245283018867926 1.1791044776119404 0.055031446540880505 1.1907131011608623 0.055031446540880505 1.1907131011608623 0.054245283018867926 1.1791044776119404 0.054245283018867926
0 0.6998341625207297 0.05660377358490566 0.6998341625207297 0.05738993710691824 0.703150912106136 0.05738993710691824 0.703150912106136 0.05660377358490566 0.6998341625207297 0.05660377358490566
0 0.028192371475953566 0.25235849056603776 0.028192371475953566 0.2531446540880503 0.06467661691542288 0.2531446540880503 0.06467661691542288 0.25235849056603776 0.028192371475953566 0.25235849056603776
0 0.028192371475953566 0.25 0.028192371475953566 0.2507861635220126 0.04311774461028192 0.2507861635220126 0.04311774461028192 0.25 0.028192371475953566 0.25
0 1.6451077943615258 0.10927672955974843 1.6451077943615258 0.11006289308176101 1.6517412935323383 0.11006289308176101 1.6517412935323383 0.10927672955974843 1.6451077943615258 0.10927672955974843
0 0.681592039800995 0.08726415094339622 0.681592039800995 0.0880503144654088 0.6915422885572139 0.0880503144654088 0.6915422885572139 0.08726415094339622 0.681592039800995 0.08726415094339622
0 0.3466003316749585 0.1761006289308176 0.3466003316749585 0.17688679245283018 0.3913764510779436 0.17688679245283018 0.3913764510779436 0.1761006289308176 0.3466003316749585 0.1761006289308176
0 0.9353233830845771 0.054245283018867926 0.9353233830845771 0.055031446540880505 0.9419568822553898 0.055031446540880505 0.9419568822553898 0.054245283018867926 0.9353233830845771 0.054245283018867926
0 1.2918739635157546 0.4025157232704403 1.2918739635157546 0.4033018867924528 1.3018242122719734 0.4033018867924528 1.3018242122719734 0.4025157232704403 1.2918739635157546 0.4025157232704403
0 0.4626865671641791 0.1320754716981132 0.4626865671641791 0.13286163522012578 0.48756218905472637 0.13286163522012578 0.48756218905472637 0.1320754716981132 0.4626865671641791 0.1320754716981132
0 0.07462686567164178 0.0770440251572327 0.07462686567164178 0.07783018867924528 0.08623548922056384 0.07783018867924528 0.08623548922056384 0.0770440251572327 0.07462686567164178 0.0770440251572327
0 0.20398009950248755 0.11556603773584906 0.20398009950248755 0.11635220125786164 0.20729684908789386 0.11635220125786164 0.20729684908789386 0.11556603773584906 0.20398009950248755 0.11556603773584906
0 0.3864013266998342 0.0589622641509434 0.3864013266998342 0.059748427672955975 0.39303482587064675 0.059748427672955975 0.39303482587064675 0.0589622641509434 0.3864013266998342 0.0589622641509434