0 0.032692307692307694 0.5948275862068966 0.032692307692307694 0.5962643678160919 0.03653846153846154 0.5962643678160919 0.03653846153846154 0.5948275862068966 0.032692307692307694 0.5948275862068966
0 0.9096153846153846 0.5057471264367817 0.9096153846153846 0.507183908045977 0.9230769230769231 0.507183908045977 0.9230769230769231 0.5057471264367817 0.9096153846153846 0.5057471264367817
0 0.2403846153846154 0.0 0.2403846153846154 0.0014367816091954023 0.31153846153846154 0.0014367816091954023 0.31153846153846154 0.0 0.2403846153846154 0.0
0 0.10384615384615385 0.3175287356321839 0.10384615384615385 0.31896551724137934 0.11730769230769231 0.31896551724137934 0.11730769230769231 0.3175287356321839 0.10384615384615385 0.3175287356321839
0 0.36346153846153845 0.4367816091954023 0.36346153846153845 0.4382183908045977 0.3903846153846154 0.4382183908045977 0.3903846153846154 0.4367816091954023 0.36346153846153845 0.4367816091954023
0 1.0153846153846153 0.05172413793103448 1.0153846153846153 0.05316091954022988 1.05 0.05316091954022988 1.05 0.05172413793103448 1.0153846153846153 0.05172413793103448
0 0.4096153846153846 0.6954022988505747 0.4096153846153846 0.6968390804597702 0.4230769230769231 0.6968390804597702 0.4230769230769231 0.6954022988505747 0.4096153846153846 0.6954022988505747
0 0.11730769230769231 0.0 0.11730769230769231 0.0014367816091954023 0.1596153846153846 0.0014367816091954023 0.1596153846153846 0.0 0.11730769230769231 0.0
0 1.0538461538461539 0.1839080459770115 1.0538461538461539 0.1853448275862069 1.0711538461538461 0.1853448275862069 1.0711538461538461 0.1839080459770115 1.0538461538461539 0.1839080459770115
0 0.05961538461538462 0.7341954022988506 0.05961538461538462 0.735632183908046 0.07692307692307693 0.735632183908046 0.07692307692307693 0.7341954022988506 0.05961538461538462 0.7341954022988506
0 0.09038461538461538 0.21695402298850575 0.09038461538461538 0.21839080459770116 0.10384615384615385 0.21839080459770116 0.10384615384615385 0.21695402298850575 0.09038461538461538 0.21695402298850575
0 0.007692307692307693 0.4827586206896552 0.007692307692307693 0.48419540229885055 0.025 0.48419540229885055 0.025 0.4827586206896552 0.007692307692307693 0.4827586206896552
0 0.05 0.09913793103448276 0.05 0.10057471264367816 0.057692307692307696 0.10057471264367816 0.057692307692307696 0.09913793103448276 0.05 0.09913793103448276
0 0.3326923076923077 0.4281609195402299 0.3326923076923077 0.4295977011494253 0.35384615384615387 0.4295977011494253 0.35384615384615387 0.4281609195402299 0.3326923076923077 0.4281609195402299
0 0.7788461538461539 0.5 0.7788461538461539 0.5014367816091954 0.7884615384615384 0.5014367816091954 0.7884615384615384 0.5 0.7788461538461539 0.5
0 0.0019230769230769232 0.3620689655172414 0.0019230769230769232 0.3635057471264368 0.013461538461538462 0.3635057471264368 0.013461538461538462 0.3620689655172414 0.0019230769230769232 0.3620689655172414
0 0.9326923076923077 0.0 0.9326923076923077 0.0014367816091954023 0.975 0.0014367816091954023 0.975 0.0 0.9326923076923077 0.0
0 0.6269230769230769 0.47701149425287354 0.6269230769230769 0.47844827586206895 0.6307692307692307 0.47844827586206895 0.6307692307692307 0.47701149425287354 0.6269230769230769 0.47701149425287354
0 0.9961538461538462 0.11494252873563218 0.9961538461538462 0.11637931034482758 1.0173076923076922 0.11637931034482758 1.0173076923076922 0.11494252873563218 0.9961538461538462 0.11494252873563218
0 0.9692307692307692 0.5660919540229885 0.9692307692307692 0.5675287356321839 0.9826923076923076 0.5675287356321839 0.9826923076923076 0.5660919540229885 0.9692307692307692 0.5660919540229885
0 0.6615384615384615 0.28879310344827586 0.6615384615384615 0.29022988505747127 0.6826923076923077 0.29022988505747127 0.6826923076923077 0.28879310344827586 0.6615384615384615 0.28879310344827586
0 1.2769230769230768 0.5919540229885057 1.2769230769230768 0.5933908045977011 1.2923076923076924 0.5933908045977011 1.2923076923076924 0.5919540229885057 1.2769230769230768 0.5919540229885057
0 0.9961538461538462 0.1824712643678161 0.9961538461538462 0.1839080459770115 1.0076923076923077 0.1839080459770115 1.0076923076923077 0.1824712643678161 0.9961538461538462 0.1824712643678161
0 0.43653846153846154 0.3620689655172414 0.43653846153846154 0.3635057471264368 0.45576923076923076 0.3635057471264368 0.45576923076923076 0.3620689655172414 0.43653846153846154 0.3620689655172414
0 1.0153846153846153 0.17097701149425287 1.0153846153846153 0.1724137931034483 1.025 0.1724137931034483 1.025 0.17097701149425287 1.0153846153846153 0.17097701149425287
0 0.8403846153846154 0.47270114942528735 0.8403846153846154 0.47413793103448276 0.8538461538461538 0.47413793103448276 0.8538461538461538 0.47270114942528735 0.8403846153846154 0.47270114942528735
0 0.8461538461538461 0.3649425287356322 0.8461538461538461 0.36637931034482757 0.8653846153846154 0.36637931034482757 0.8653846153846154 0.3649425287356322 0.8461538461538461 0.3649425287356322
0 1.1615384615384616 0.5948275862068966 1.1615384615384616 0.5962643678160919 1.175 0.5962643678160919 1.175 0.5948275862068966 1.1615384615384616 0.5948275862068966
0 0.7346153846153847 0.14367816091954022 0.7346153846153847 0.14511494252873564 0.7673076923076924 0.14511494252873564 0.7673076923076924 0.14367816091954022 0.7346153846153847 0.14367816091954022
0 0.2 0.7241379310344828 0.2 0.7255747126436781 0.21153846153846154 0.7255747126436781 0.21153846153846154 0.7241379310344828 0.2 0.7241379310344828
0 0.40192307692307694 0.38936781609195403 0.40192307692307694 0.39080459770114945 0.4096153846153846 0.39080459770114945 0.4096153846153846 0.38936781609195403 0.40192307692307694 0.38936781609195403
0 1.0788461538461538 0.028735632183908046 1.0788461538461538 0.03017241379310345 1.0846153846153845 0.03017241379310345 1.0846153846153845 0.028735632183908046 1.0788461538461538 0.028735632183908046
0 0.5634615384615385 0.30028735632183906 0.5634615384615385 0.3017241379310345 0.573076923076923 0.3017241379310345 0.573076923076923 0.30028735632183906 0.5634615384615385 0.30028735632183906
0 1.3288461538461538 0.011494252873563218 1.3288461538461538 0.01293103448275862 1.3384615384615384 0.01293103448275862 1.3384615384615384 0.011494252873563218 1.3288461538461538 0.011494252873563218
0 0.43653846153846154 0.3735632183908046 0.43653846153846154 0.375 0.4519230769230769 0.375 0.4519230769230769 0.3735632183908046 0.43653846153846154 0.3735632183908046
0 0.425 0.07040229885057471 0.425 0.07183908045977011 0.43653846153846154 0.07183908045977011 0.43653846153846154 0.07040229885057471 0.425 0.07040229885057471
0 0.7557692307692307 0.28448275862068967 0.7557692307692307 0.2859195402298851 0.7730769230769231 0.2859195402298851 0.7730769230769231 0.28448275862068967 0.7557692307692307 0.28448275862068967
0 0.21923076923076923 0.27155172413793105 0.21923076923076923 0.27298850574712646 0.22884615384615384 0.27298850574712646 0.22884615384615384 0.27155172413793105 0.21923076923076923 0.27155172413793105
0 0.5711538461538461 0.6436781609195402 0.5711538461538461 0.6451149425287356 0.5846153846153846 0.6451149425287356 0.5846153846153846 0.6436781609195402 0.5711538461538461 0.6436781609195402
0 0.6403846153846153 0.3922413793103448 0.6403846153846153 0.3936781609195402 0.6519230769230769 0.3936781609195402 0.6519230769230769 0.3922413793103448 0.6403846153846153 0.3922413793103448
0 0.11538461538461539 0.5359195402298851 0.11538461538461539 0.5373563218390804 0.13076923076923078 0.5373563218390804 0.13076923076923078 0.5359195402298851 0.11538461538461539 0.5359195402298851
0 1.2442307692307693 0.3793103448275862 1.2442307692307693 0.3807471264367816 1.2576923076923077 0.3807471264367816 1.2576923076923077 0.3793103448275862 1.2442307692307693 0.3793103448275862
0 0.8307692307692308 0.1853448275862069 0.8307692307692308 0.1867816091954023 0.8365384615384616 0.1867816091954023 0.8365384615384616 0.1853448275862069 0.8307692307692308 0.1853448275862069
0 0.8096153846153846 0.257183908045977 0.8096153846153846 0.25862068965517243 0.8134615384615385 0.25862068965517243 0.8134615384615385 0.257183908045977 0.8096153846153846 0.257183908045977
0 0.5134615384615384 0.6939655172413793 0.5134615384615384 0.6954022988505747 0.5230769230769231 0.6954022988505747 0.5230769230769231 0.6939655172413793 0.5134615384615384 0.6939655172413793
0 0.6307692307692307 0.7212643678160919 0.6307692307692307 0.7227011494252874 0.6461538461538462 0.7227011494252874 0.6461538461538462 0.7212643678160919 0.6307692307692307 0.7212643678160919
0 1.2346153846153847 0.4353448275862069 1.2346153846153847 0.4367816091954023 1.248076923076923 0.4367816091954023 1.248076923076923 0.4353448275862069 1.2346153846153847 0.4353448275862069
0 0.14038461538461539 0.22844827586206898 0.14038461538461539 0.22988505747126436 0.14807692307692308 0.22988505747126436 0.14807692307692308 0.22844827586206898 0.14038461538461539 0.22844827586206898
0 1.3346153846153845 0.6293103448275862 1.3346153846153845 0.6307471264367817 1.3384615384615384 0.6307471264367817 1.3384615384615384 0.6293103448275862 1.3346153846153845 0.6293103448275862
0 0.5442307692307692 0.07327586206896551 0.5442307692307692 0.07471264367816093 0.5923076923076923 0.07471264367816093 0.5923076923076923 0.07327586206896551 0.5442307692307692 0.07327586206896551
0 1.25 0.4525862068965517 1.25 0.4540229885057471 1.2615384615384615 0.4540229885057471 1.2615384615384615 0.4525862068965517 1.25 0.4525862068965517
0 1.3153846153846154 0.15517241379310345 1.3153846153846154 0.15660919540229884 1.3269230769230769 0.15660919540229884 1.3269230769230769 0.15517241379310345 1.3153846153846154 0.15517241379310345
0 0.625 0.30603448275862066 0.625 0.3074712643678161 0.65 0.3074712643678161 0.65 0.30603448275862066 0.625 0.30603448275862066
0 1.1846153846153846 0.014367816091954023 1.1846153846153846 0.015804597701149427 1.198076923076923 0.015804597701149427 1.198076923076923 0.014367816091954023 1.1846153846153846 0.014367816091954023
0 0.9115384615384615 0.41379310344827586 0.9115384615384615 0.41522988505747127 0.95 0.41522988505747127 0.95 0.41379310344827586 0.9115384615384615 0.41379310344827586
0 0.6288461538461538 0.05028735632183908 0.6288461538461538 0.05172413793103448 0.65 0.05172413793103448 0.65 0.05028735632183908 0.6288461538461538 0.05028735632183908
0 0.8480769230769231 0.20689655172413793 0.8480769230769231 0.20833333333333334 0.8576923076923076 0.20833333333333334 0.8576923076923076 0.20689655172413793 0.8480769230769231 0.20689655172413793
0 0.08269230769230769 0.23850574712643677 0.08269230769230769 0.23994252873563218 0.1 0.23994252873563218 0.1 0.23850574712643677 0.08269230769230769 0.23850574712643677
0 1.0461538461538462 0.48563218390804597 1.0461538461538462 0.4870689655172414 1.0634615384615385 0.4870689655172414 1.0634615384615385 0.48563218390804597 1.0461538461538462 0.48563218390804597
0 1.1057692307692308 0.40660919540229884 1.1057692307692308 0.40804597701149425 1.1134615384615385 0.40804597701149425 1.1134615384615385 0.40660919540229884 1.1057692307692308 0.40660919540229884
0 0.2230769230769231 0.2686781609195402 0.2230769230769231 0.27011494252873564 0.22692307692307692 0.27011494252873564 0.22692307692307692 0.2686781609195402 0.2230769230769231 0.2686781609195402
0 0.8711538461538462 0.11350574712643678 0.8711538461538462 0.11494252873563218 0.8826923076923077 0.11494252873563218 0.8826923076923077 0.11350574712643678 0.8711538461538462 0.11350574712643678
0 0.4 0.5201149425287356 0.4 0.521551724137931 0.4153846153846154 0.521551724137931 0.4153846153846154 0.5201149425287356 0.4 0.5201149425287356
0 0.08846153846153847 0.07902298850574713 0.08846153846153847 0.08045977011494253 0.09807692307692308 0.08045977011494253 0.09807692307692308 0.07902298850574713 0.08846153846153847 0.07902298850574713
0 0.7403846153846154 0.3175287356321839 0.7403846153846154 0.31896551724137934 0.7653846153846153 0.31896551724137934 0.7653846153846153 0.3175287356321839 0.7403846153846154 0.3175287356321839
0 0.8288461538461539 0.2514367816091954 0.8288461538461539 0.25287356321839083 0.8326923076923077 0.25287356321839083 0.8326923076923077 0.2514367816091954 0.8288461538461539 0.2514367816091954
0 0.40576923076923077 0.04310344827586207 0.40576923076923077 0.04454022988505747 0.42115384615384616 0.04454022988505747 0.42115384615384616 0.04310344827586207 0.40576923076923077 0.04310344827586207
0 0.9980769230769231 0.2442528735632184 0.9980769230769231 0.24568965517241378 1.0153846153846153 0.24568965517241378 1.0153846153846153 0.2442528735632184 0.9980769230769231 0.2442528735632184
0 1.0923076923076922 0.6436781609195402 1.0923076923076922 0.6451149425287356 1.101923076923077 0.6451149425287356 1.101923076923077 0.6436781609195402 1.0923076923076922 0.6436781609195402
0 0.06538461538461539 0.19540229885057472 0.06538461538461539 0.1968390804597701 0.08653846153846154 0.1968390804597701 0.08653846153846154 0.19540229885057472 0.06538461538461539 0.19540229885057472
0 0.9538461538461539 0.1997126436781609 0.9538461538461539 0.20114942528735633 0.9615384615384616 0.20114942528735633 0.9615384615384616 0.1997126436781609 0.9538461538461539 0.1997126436781609
0 1.1057692307692308 0.6408045977011494 1.1057692307692308 0.6422413793103449 1.1288461538461538 0.6422413793103449 1.1288461538461538 0.6408045977011494 1.1057692307692308 0.6408045977011494
0 0.6788461538461539 0.7183908045977011 0.6788461538461539 0.7198275862068966 0.6884615384615385 0.7198275862068966 0.6884615384615385 0.7183908045977011 0.6788461538461539 0.7183908045977011
0 1.0384615384615385 0.2744252873563218 1.0384615384615385 0.27586206896551724 1.0480769230769231 0.27586206896551724 1.0480769230769231 0.2744252873563218 1.0384615384615385 0.2744252873563218
0 0.5346153846153846 0.13793103448275862 0.5346153846153846 0.13936781609195403 0.5403846153846154 0.13936781609195403 0.5403846153846154 0.13793103448275862 0.5346153846153846 0.13793103448275862
0 0.12692307692307692 0.4425287356321839 0.12692307692307692 0.44396551724137934 0.13076923076923078 0.44396551724137934 0.13076923076923078 0.4425287356321839 0.12692307692307692 0.4425287356321839
0 0.9942307692307693 0.6149425287356322 0.9942307692307693 0.6163793103448276 1.0038461538461538 0.6163793103448276 1.0038461538461538 0.6149425287356322 0.9942307692307693 0.6149425287356322
0 0.3903846153846154 0.0 0.3903846153846154 0.0014367816091954023 0.4403846153846154 0.0014367816091954023 0.4403846153846154 0.0 0.3903846153846154 0.0
0 0.0 0.0 0.0 0.0014367816091954023 0.0057692307692307696 0.0014367816091954023 0.0057692307692307696 0.0 0.0 0.0
0 1.0942307692307693 0.11206896551724138 1.0942307692307693 0.11350574712643678 1.1403846153846153 0.11350574712643678 1.1403846153846153 0.11206896551724138 1.0942307692307693 0.11206896551724138
0 0.4826923076923077 0.40229885057471265 0.4826923076923077 0.40373563218390807 0.49230769230769234 0.40373563218390807 0.49230769230769234 0.40229885057471265 0.4826923076923077 0.40229885057471265
0 0.5653846153846154 0.3074712643678161 0.5653846153846154 0.3089080459770115 0.5692307692307692 0.3089080459770115 0.5692307692307692 0.3074712643678161 0.5653846153846154 0.3074712643678161
0 0.9961538461538462 0.6767241379310345 0.9961538461538462 0.6781609195402298 1.0288461538461537 0.6781609195402298 1.0288461538461537 0.6767241379310345 0.9961538461538462 0.6767241379310345
0 0.6846153846153846 0.24281609195402298 0.6846153846153846 0.2442528735632184 0.7211538461538461 0.2442528735632184 0.7211538461538461 0.24281609195402298 0.6846153846153846 0.24281609195402298
0 1.023076923076923 0.15373563218390804 1.023076923076923 0.15517241379310345 1.0403846153846155 0.15517241379310345 1.0403846153846155 0.15373563218390804 1.023076923076923 0.15373563218390804
0 0.9134615384615384 0.14511494252873564 0.9134615384615384 0.14655172413793102 0.9211538461538461 0.14655172413793102 0.9211538461538461 0.14511494252873564 0.9134615384615384 0.14511494252873564
0 1.2846153846153847 0.6839080459770115 1.2846153846153847 0.6853448275862069 1.2884615384615385 0.6853448275862069 1.2884615384615385 0.6839080459770115 1.2846153846153847 0.6839080459770115
0 0.1596153846153846 0.0 0.1596153846153846 0.0014367816091954023 0.20961538461538462 0.0014367816091954023 0.20961538461538462 0.0 0.1596153846153846 0.0
0 0.3730769230769231 0.1206896551724138 0.3730769230769231 0.1221264367816092 0.38461538461538464 0.1221264367816092 0.38461538461538464 0.1206896551724138 0.3730769230769231 0.1206896551724138
0 0.6403846153846153 0.1997126436781609 0.6403846153846153 0.20114942528735633 0.6519230769230769 0.20114942528735633 0.6519230769230769 0.1997126436781609 0.6403846153846153 0.1997126436781609
0 0.03461538461538462 0.0 0.03461538461538462 0.0014367816091954023 0.1 0.0014367816091954023 0.1 0.0 0.03461538461538462 0.0
0 0.5980769230769231 0.24568965517241378 0.5980769230769231 0.2471264367816092 0.6096153846153847 0.2471264367816092 0.6096153846153847 0.24568965517241378 0.5980769230769231 0.24568965517241378
0 0.2230769230769231 0.48419540229885055 0.2230769230769231 0.48563218390804597 0.2423076923076923 0.48563218390804597 0.2423076923076923 0.48419540229885055 0.2230769230769231 0.48419540229885055
0 0.7288461538461538 0.0 0.7288461538461538 0.0014367816091954023 0.7865384615384615 0.0014367816091954023 0.7865384615384615 0.0 0.7288461538461538 0.0
0 1.0076923076923077 0.09051724137931035 1.0076923076923077 0.09195402298850575 1.021153846153846 0.09195402298850575 1.021153846153846 0.09051724137931035 1.0076923076923077 0.09051724137931035
0 0.03076923076923077 0.4396551724137931 0.03076923076923077 0.4410919540229885 0.04230769230769231 0.4410919540229885 0.04230769230769231 0.4396551724137931 0.03076923076923077 0.4396551724137931
0 1.2769230769230768 0.5890804597701149 1.2769230769230768 0.5905172413793104 1.301923076923077 0.5905172413793104 1.301923076923077 0.5890804597701149 1.2769230769230768 0.5890804597701149
0 1.1057692307692308 0.09339080459770115 1.1057692307692308 0.09482758620689655 1.126923076923077 0.09482758620689655 1.126923076923077 0.09339080459770115 1.1057692307692308 0.09339080459770115
0 1.226923076923077 0.21551724137931033 1.226923076923077 0.21695402298850575 1.2307692307692308 0.21695402298850575 1.2307692307692308 0.21551724137931033 1.226923076923077 0.21551724137931033
0 0.08846153846153847 0.05028735632183908 0.08846153846153847 0.05172413793103448 0.09230769230769231 0.05172413793103448 0.09230769230769231 0.05028735632183908 0.08846153846153847 0.05028735632183908
0 0.8846153846153846 0.5330459770114943 0.8846153846153846 0.5344827586206896 0.9038461538461539 0.5344827586206896 0.9038461538461539 0.5330459770114943 0.8846153846153846 0.5330459770114943
0 0.1519230769230769 0.5962643678160919 0.1519230769230769 0.5977011494252874 0.19038461538461537 0.5977011494252874 0.19038461538461537 0.5962643678160919 0.1519230769230769 0.5962643678160919
0 0.19038461538461537 0.7025862068965517 0.19038461538461537 0.7040229885057471 0.20961538461538462 0.7040229885057471 0.20961538461538462 0.7025862068965517 0.19038461538461537 0.7025862068965517
0 0.9134615384615384 0.28160919540229884 0.9134615384615384 0.28304597701149425 0.925 0.28304597701149425 0.925 0.28160919540229884 0.9134615384615384 0.28160919540229884
0 1.2538461538461538 0.125 1.2538461538461538 0.12643678160919541 1.2615384615384615 0.12643678160919541 1.2615384615384615 0.125 1.2538461538461538 0.125
0 0.8865384615384615 0.3620689655172414 0.8865384615384615 0.3635057471264368 0.9 0.3635057471264368 0.9 0.3620689655172414 0.8865384615384615 0.3620689655172414
0 1.1192307692307693 0.05890804597701149 1.1192307692307693 0.0603448275862069 1.123076923076923 0.0603448275862069 1.123076923076923 0.05890804597701149 1.1192307692307693 0.05890804597701149
0 1.2961538461538462 0.5014367816091954 1.2961538461538462 0.5028735632183908 1.3115384615384615 0.5028735632183908 1.3115384615384615 0.5014367816091954 1.2961538461538462 0.5014367816091954
0 0.5461538461538461 0.4583333333333333 0.5461538461538461 0.45977011494252873 0.5596153846153846 0.45977011494252873 0.5596153846153846 0.4583333333333333 0.5461538461538461 0.4583333333333333
0 1.1192307692307693 0.19827586206896552 1.1192307692307693 0.1997126436781609 1.1384615384615384 0.1997126436781609 1.1384615384615384 0.19827586206896552 1.1192307692307693 0.19827586206896552
0 1.3269230769230769 0.1278735632183908 1.3269230769230769 0.12931034482758622 1.3346153846153845 0.12931034482758622 1.3346153846153845 0.1278735632183908 1.3269230769230769 0.1278735632183908
0 0.1673076923076923 0.5574712643678161 0.1673076923076923 0.5589080459770115 0.18461538461538463 0.5589080459770115 0.18461538461538463 0.5574712643678161 0.1673076923076923 0.5574712643678161
0 0.8769230769230769 0.3146551724137931 0.8769230769230769 0.3160919540229885 0.8846153846153846 0.3160919540229885 0.8846153846153846 0.3146551724137931 0.8769230769230769 0.3146551724137931
0 1.225 0.25287356321839083 1.225 0.2543103448275862 1.2326923076923078 0.2543103448275862 1.2326923076923078 0.25287356321839083 1.225 0.25287356321839083
0 0.48846153846153845 0.6666666666666666 0.48846153846153845 0.6681034482758621 0.5 0.6681034482758621 0.5 0.6666666666666666 0.48846153846153845 0.6666666666666666
0 1.3211538461538461 0.5517241379310345 1.3211538461538461 0.5531609195402298 1.3288461538461538 0.5531609195402298 1.3288461538461538 0.5517241379310345 1.3211538461538461 0.5517241379310345
0 1.0307692307692307 0.5186781609195402 1.0307692307692307 0.5201149425287356 1.0346153846153847 0.5201149425287356 1.0346153846153847 0.5186781609195402 1.0307692307692307 0.5186781609195402
0 0.18461538461538463 0.3390804597701149 0.18461538461538463 0.34051724137931033 0.19615384615384615 0.34051724137931033 0.19615384615384615 0.3390804597701149 0.18461538461538463 0.3390804597701149
0 0.9980769230769231 0.5416666666666666 0.9980769230769231 0.5431034482758621 1.0134615384615384 0.5431034482758621 1.0134615384615384 0.5416666666666666 0.9980769230769231 0.5416666666666666
0 1.1923076923076923 0.34051724137931033 1.1923076923076923 0.34195402298850575 1.2134615384615384 0.34195402298850575 1.2134615384615384 0.34051724137931033 1.1923076923076923 0.34051724137931033
0 0.9961538461538462 0.6795977011494253 0.9961538461538462 0.6810344827586207 1.0115384615384615 0.6810344827586207 1.0115384615384615 0.6795977011494253 0.9961538461538462 0.6795977011494253
0 0.85 0.6307471264367817 0.85 0.632183908045977 0.8634615384615385 0.632183908045977 0.8634615384615385 0.6307471264367817 0.85 0.6307471264367817
0 0.09230769230769231 0.11494252873563218 0.09230769230769231 0.11637931034482758 0.10192307692307692 0.11637931034482758 0.10192307692307692 0.11494252873563218 0.09230769230769231 0.11494252873563218