0 1.0076923076923077 0.08333333333333333 1.0076923076923077 0.08477011494252873 1.023076923076923 0.08477011494252873 1.023076923076923 0.08333333333333333 1.0076923076923077 0.08333333333333333
0 0.35192307692307695 0.4899425287356322 0.35192307692307695 0.49137931034482757 0.36153846153846153 0.49137931034482757 0.36153846153846153 0.4899425287356322 0.35192307692307695 0.4899425287356322
0 1.2038461538461538 0.11637931034482758 1.2038461538461538 0.11781609195402298 1.2173076923076922 0.11781609195402298 1.2173076923076922 0.11637931034482758 1.2038461538461538 0.11637931034482758
0 0.8711538461538462 0.20689655172413793 0.8711538461538462 0.20833333333333334 0.8846153846153846 0.20833333333333334 0.8846153846153846 0.20689655172413793 0.8711538461538462 0.20689655172413793
0 1.3326923076923076 0.3692528735632184 1.3326923076923076 0.3706896551724138 1.3384615384615384 0.3706896551724138 1.3384615384615384 0.3692528735632184 1.3326923076923076 0.3692528735632184
0 1.2076923076923076 0.10201149425287356 1.2076923076923076 0.10344827586206896 1.2153846153846153 0.10344827586206896 1.2153846153846153 0.10201149425287356 1.2076923076923076 0.10201149425287356
0 0.5115384615384615 0.3261494252873563 0.5115384615384615 0.3275862068965517 0.5288461538461539 0.3275862068965517 0.5288461538461539 0.3261494252873563 0.5115384615384615 0.3261494252873563
0 1.0461538461538462 0.39511494252873564 1.0461538461538462 0.39655172413793105 1.05 0.39655172413793105 1.05 0.39511494252873564 1.0461538461538462 0.39511494252873564
0 0.5673076923076923 0.07758620689655173 0.5673076923076923 0.07902298850574713 0.5769230769230769 0.07902298850574713 0.5769230769230769 0.07758620689655173 0.5673076923076923 0.07758620689655173
0 0.03076923076923077 0.4482758620689655 0.03076923076923077 0.44971264367816094 0.04423076923076923 0.44971264367816094 0.04423076923076923 0.4482758620689655 0.03076923076923077 0.4482758620689655
0 1.2461538461538462 0.4238505747126437 1.2461538461538462 0.42528735632183906 1.2576923076923077 0.42528735632183906 1.2576923076923077 0.4238505747126437 1.2461538461538462 0.4238505747126437
0 0.7576923076923077 0.01293103448275862 0.7576923076923077 0.014367816091954023 0.7692307692307693 0.014367816091954023 0.7692307692307693 0.01293103448275862 0.7576923076923077 0.01293103448275862
0 1.175 0.25287356321839083 1.175 0.2543103448275862 1.176923076923077 0.2543103448275862 1.176923076923077 0.25287356321839083 1.175 0.25287356321839083
0 0.32884615384615384 0.5675287356321839 0.32884615384615384 0.5689655172413793 0.33076923076923076 0.5689655172413793 0.33076923076923076 0.5675287356321839 0.32884615384615384 0.5675287356321839
0 1.3288461538461538 0.0014367816091954023 1.3288461538461538 0.0028735632183908046 1.3346153846153845 0.0028735632183908046 1.3346153846153845 0.0014367816091954023 1.3288461538461538 0.0014367816091954023
0 0.8903846153846153 0.08764367816091954 0.8903846153846153 0.08908045977011494 0.9057692307692308 0.08908045977011494 0.9057692307692308 0.08764367816091954 0.8903846153846153 0.08764367816091954
0 0.31153846153846154 0.5962643678160919 0.31153846153846154 0.5977011494252874 0.3211538461538462 0.5977011494252874 0.3211538461538462 0.5962643678160919 0.31153846153846154 0.5962643678160919
0 0.6057692307692307 0.2672413793103448 0.6057692307692307 0.2686781609195402 0.6076923076923076 0.2686781609195402 0.6076923076923076 0.2672413793103448 0.6057692307692307 0.2672413793103448
0 1.126923076923077 0.22413793103448276 1.126923076923077 0.22557471264367815 1.1423076923076922 0.22557471264367815 1.1423076923076922 0.22413793103448276 1.126923076923077 0.22413793103448276
0 1.0980769230769232 0.4698275862068966 1.0980769230769232 0.47126436781609193 1.103846153846154 0.47126436781609193 1.103846153846154 0.4698275862068966 1.0980769230769232 0.4698275862068966
0 0.7769230769230769 0.04741379310344827 0.7769230769230769 0.04885057471264368 0.7942307692307692 0.04885057471264368 0.7942307692307692 0.04741379310344827 0.7769230769230769 0.04741379310344827
0 0.5365384615384615 0.2442528735632184 0.5365384615384615 0.24568965517241378 0.5538461538461539 0.24568965517241378 0.5538461538461539 0.2442528735632184 0.5365384615384615 0.2442528735632184
0 0.5692307692307692 0.514367816091954 0.5692307692307692 0.5158045977011494 0.5711538461538461 0.5158045977011494 0.5711538461538461 0.514367816091954 0.5692307692307692 0.514367816091954
0 0.975 0.4870689655172414 0.975 0.4885057471264368 0.9865384615384616 0.4885057471264368 0.9865384615384616 0.4870689655172414 0.975 0.4870689655172414
0 1.1730769230769231 0.5675287356321839 1.1730769230769231 0.5689655172413793 1.1807692307692308 0.5689655172413793 1.1807692307692308 0.5675287356321839 1.1730769230769231 0.5675287356321839
0 0.6557692307692308 0.3620689655172414 0.6557692307692308 0.3635057471264368 0.6692307692307692 0.3635057471264368 0.6692307692307692 0.3620689655172414 0.6557692307692308 0.3620689655172414
0 0.36153846153846153 0.6824712643678161 0.36153846153846153 0.6839080459770115 0.38269230769230766 0.6839080459770115 0.38269230769230766 0.6824712643678161 0.36153846153846153 0.6824712643678161
0 0.3384615384615385 0.382183908045977 0.3384615384615385 0.38362068965517243 0.35 0.38362068965517243 0.35 0.382183908045977 0.3384615384615385 0.382183908045977
0 0.7442307692307693 0.07902298850574713 0.7442307692307693 0.08045977011494253 0.7519230769230769 0.08045977011494253 0.7519230769230769 0.07902298850574713 0.7442307692307693 0.07902298850574713
0 0.5576923076923077 0.33620689655172414 0.5576923076923077 0.33764367816091956 0.5711538461538461 0.33764367816091956 0.5711538461538461 0.33620689655172414 0.5576923076923077 0.33620689655172414
0 1.3211538461538461 0.3764367816091954 1.3211538461538461 0.37787356321839083 1.323076923076923 0.37787356321839083 1.323076923076923 0.3764367816091954 1.3211538461538461 0.3764367816091954
0 0.37884615384615383 0.041666666666666664 0.37884615384615383 0.04310344827586207 0.39615384615384613 0.04310344827586207 0.39615384615384613 0.041666666666666664 0.37884615384615383 0.041666666666666664
0 0.7173076923076923 0.4238505747126437 0.7173076923076923 0.42528735632183906 0.7192307692307692 0.42528735632183906 0.7192307692307692 0.4238505747126437 0.7173076923076923 0.4238505747126437
0 1.1846153846153846 0.0603448275862069 1.1846153846153846 0.0617816091954023 1.1903846153846154 0.0617816091954023 1.1903846153846154 0.0603448275862069 1.1846153846153846 0.0603448275862069
0 0.34615384615384615 0.0 0.34615384615384615 0.0014367816091954023 0.36923076923076925 0.0014367816091954023 0.36923076923076925 0.0 0.34615384615384615 0.0
0 0.43653846153846154 0.07040229885057471 0.43653846153846154 0.07183908045977011 0.4423076923076923 0.07183908045977011 0.4423076923076923 0.07040229885057471 0.43653846153846154 0.07040229885057471
0 0.046153846153846156 0.09770114942528736 0.046153846153846156 0.09913793103448276 0.051923076923076926 0.09913793103448276 0.051923076923076926 0.09770114942528736 0.046153846153846156 0.09770114942528736
0 1.2615384615384615 0.30028735632183906 1.2615384615384615 0.3017241379310345 1.271153846153846 0.3017241379310345 1.271153846153846 0.30028735632183906 1.2615384615384615 0.30028735632183906
0 0.5576923076923077 0.01293103448275862 0.5576923076923077 0.014367816091954023 0.5692307692307692 0.014367816091954023 0.5692307692307692 0.01293103448275862 0.5576923076923077 0.01293103448275862
0 1.1923076923076923 0.3864942528735632 1.1923076923076923 0.3879310344827586 1.1961538461538461 0.3879310344827586 1.1961538461538461 0.3864942528735632 1.1923076923076923 0.3864942528735632
0 1.025 0.39655172413793105 1.025 0.39798850574712646 1.0346153846153847 0.39798850574712646 1.0346153846153847 0.39655172413793105 1.025 0.39655172413793105
0 1.2846153846153847 0.2672413793103448 1.2846153846153847 0.2686781609195402 1.301923076923077 0.2686781609195402 1.301923076923077 0.2672413793103448 1.2846153846153847 0.2672413793103448
0 0.4346153846153846 0.3045977011494253 0.4346153846153846 0.30603448275862066 0.45 0.30603448275862066 0.45 0.3045977011494253 0.4346153846153846 0.3045977011494253
0 0.8403846153846154 0.6479885057471264 0.8403846153846154 0.6494252873563219 0.8596153846153847 0.6494252873563219 0.8596153846153847 0.6479885057471264 0.8403846153846154 0.6479885057471264
0 0.9038461538461539 0.45977011494252873 0.9038461538461539 0.46120689655172414 0.9230769230769231 0.46120689655172414 0.9230769230769231 0.45977011494252873 0.9038461538461539 0.45977011494252873
0 1.2403846153846154 0.04310344827586207 1.2403846153846154 0.04454022988505747 1.251923076923077 0.04454022988505747 1.251923076923077 0.04310344827586207 1.2403846153846154 0.04310344827586207
0 0.6461538461538462 0.005747126436781609 0.6461538461538462 0.007183908045977011 0.6615384615384615 0.007183908045977011 0.6615384615384615 0.005747126436781609 0.6461538461538462 0.005747126436781609
0 0.0019230769230769232 0.1968390804597701 0.0019230769230769232 0.19827586206896552 0.03076923076923077 0.19827586206896552 0.03076923076923077 0.1968390804597701 0.0019230769230769232 0.1968390804597701
0 0.7134615384615385 0.05890804597701149 0.7134615384615385 0.0603448275862069 0.7269230769230769 0.0603448275862069 0.7269230769230769 0.05890804597701149 0.7134615384615385 0.05890804597701149
0 0.2230769230769231 0.25862068965517243 0.2230769230769231 0.2600574712643678 0.23653846153846153 0.2600574712643678 0.23653846153846153 0.25862068965517243 0.2230769230769231 0.25862068965517243
0 0.9076923076923077 0.6192528735632183 0.9076923076923077 0.6206896551724138 0.926923076923077 0.6206896551724138 0.926923076923077 0.6192528735632183 0.9076923076923077 0.6192528735632183
0 0.08846153846153847 0.5905172413793104 0.08846153846153847 0.5919540229885057 0.09038461538461538 0.5919540229885057 0.09038461538461538 0.5905172413793104 0.08846153846153847 0.5905172413793104
0 0.5480769230769231 0.2974137931034483 0.5480769230769231 0.2988505747126437 0.5557692307692308 0.2988505747126437 0.5557692307692308 0.2974137931034483 0.5480769230769231 0.2974137931034483
0 0.23461538461538461 0.040229885057471264 0.23461538461538461 0.041666666666666664 0.2403846153846154 0.041666666666666664 0.2403846153846154 0.040229885057471264 0.23461538461538461 0.040229885057471264
0 0.3096153846153846 0.5086206896551724 0.3096153846153846 0.5100574712643678 0.3192307692307692 0.5100574712643678 0.3192307692307692 0.5086206896551724 0.3096153846153846 0.5086206896551724
0 0.19807692307692307 0.6724137931034483 0.19807692307692307 0.6738505747126436 0.20576923076923076 0.6738505747126436 0.20576923076923076 0.6724137931034483 0.19807692307692307 0.6724137931034483
0 0.0019230769230769232 0.6221264367816092 0.0019230769230769232 0.6235632183908046 0.015384615384615385 0.6235632183908046 0.015384615384615385 0.6221264367816092 0.0019230769230769232 0.6221264367816092
0 0.3096153846153846 0.04454022988505747 0.3096153846153846 0.04597701149425287 0.3403846153846154 0.04597701149425287 0.3403846153846154 0.04454022988505747 0.3096153846153846 0.04454022988505747
0 0.5269230769230769 0.08189655172413793 0.5269230769230769 0.08333333333333333 0.5384615384615384 0.08333333333333333 0.5384615384615384 0.08189655172413793 0.5269230769230769 0.08189655172413793
0 0.5826923076923077 0.015804597701149427 0.5826923076923077 0.017241379310344827 0.5942307692307692 0.017241379310344827 0.5942307692307692 0.015804597701149427 0.5826923076923077 0.015804597701149427
0 1.2980769230769231 0.46551724137931033 1.2980769230769231 0.46695402298850575 1.3096153846153846 0.46695402298850575 1.3096153846153846 0.46551724137931033 1.2980769230769231 0.46551724137931033
0 0.5134615384615384 0.6666666666666666 0.5134615384615384 0.6681034482758621 0.5269230769230769 0.6681034482758621 0.5269230769230769 0.6666666666666666 0.5134615384615384 0.6666666666666666
0 0.4326923076923077 0.1997126436781609 0.4326923076923077 0.20114942528735633 0.4346153846153846 0.20114942528735633 0.4346153846153846 0.1997126436781609 0.4326923076923077 0.1997126436781609
0 1.123076923076923 0.09051724137931035 1.123076923076923 0.09195402298850575 1.125 0.09195402298850575 1.125 0.09051724137931035 1.123076923076923 0.09051724137931035
0 0.8557692307692307 0.13793103448275862 0.8557692307692307 0.13936781609195403 0.8596153846153847 0.13936781609195403 0.8596153846153847 0.13793103448275862 0.8557692307692307 0.13793103448275862
0 0.8557692307692307 0.0603448275862069 0.8557692307692307 0.0617816091954023 0.8653846153846154 0.0617816091954023 0.8653846153846154 0.0603448275862069 0.8557692307692307 0.0603448275862069
0 0.34807692307692306 0.04885057471264368 0.34807692307692306 0.05028735632183908 0.35384615384615387 0.05028735632183908 0.35384615384615387 0.04885057471264368 0.34807692307692306 0.04885057471264368
0 0.25576923076923075 0.37212643678160917 0.25576923076923075 0.3735632183908046 0.2692307692307692 0.3735632183908046 0.2692307692307692 0.37212643678160917 0.25576923076923075 0.37212643678160917
0 0.7326923076923076 0.4109195402298851 0.7326923076923076 0.41235632183908044 0.7403846153846154 0.41235632183908044 0.7403846153846154 0.4109195402298851 0.7326923076923076 0.4109195402298851
0 0.12115384615384615 0.5043103448275862 0.12115384615384615 0.5057471264367817 0.12692307692307692 0.5057471264367817 0.12692307692307692 0.5043103448275862 0.12115384615384615 0.5043103448275862
0 0.3923076923076923 0.11494252873563218 0.3923076923076923 0.11637931034482758 0.39615384615384613 0.11637931034482758 0.39615384615384613 0.11494252873563218 0.3923076923076923 0.11494252873563218
0 0.40192307692307694 0.23563218390804597 0.40192307692307694 0.23706896551724138 0.40384615384615385 0.23706896551724138 0.40384615384615385 0.23563218390804597 0.40192307692307694 0.23563218390804597
0 0.6961538461538461 0.0028735632183908046 0.6961538461538461 0.004310344827586207 0.698076923076923 0.004310344827586207 0.698076923076923 0.0028735632183908046 0.6961538461538461 0.0028735632183908046
0 1.0153846153846153 0.03017241379310345 1.0153846153846153 0.031609195402298854 1.023076923076923 0.031609195402298854 1.023076923076923 0.03017241379310345 1.0153846153846153 0.03017241379310345
0 0.18076923076923077 0.7298850574712644 0.18076923076923077 0.7313218390804598 0.19807692307692307 0.7313218390804598 0.19807692307692307 0.7298850574712644 0.18076923076923077 0.7298850574712644
0 0.2423076923076923 0.04885057471264368 0.2423076923076923 0.05028735632183908 0.25384615384615383 0.05028735632183908 0.25384615384615383 0.04885057471264368 0.2423076923076923 0.04885057471264368
0 0.6461538461538462 0.28448275862068967 0.6461538461538462 0.2859195402298851 0.6557692307692308 0.2859195402298851 0.6557692307692308 0.28448275862068967 0.6461538461538462 0.28448275862068967
0 0.22884615384615384 0.15229885057471265 0.22884615384615384 0.15373563218390804 0.23653846153846153 0.15373563218390804 0.23653846153846153 0.15229885057471265 0.22884615384615384 0.15229885057471265
0 0.31346153846153846 0.7327586206896551 0.31346153846153846 0.7341954022988506 0.3326923076923077 0.7341954022988506 0.3326923076923077 0.7327586206896551 0.31346153846153846 0.7327586206896551
0 1.2230769230769232 0.4209770114942529 1.2230769230769232 0.4224137931034483 1.2326923076923078 0.4224137931034483 1.2326923076923078 0.4209770114942529 1.2230769230769232 0.4209770114942529
0 1.25 0.23994252873563218 1.25 0.2413793103448276 1.2596153846153846 0.2413793103448276 1.2596153846153846 0.23994252873563218 1.25 0.23994252873563218
0 0.2923076923076923 0.3031609195402299 0.2923076923076923 0.3045977011494253 0.3 0.3045977011494253 0.3 0.3031609195402299 0.2923076923076923 0.3031609195402299
0 0.9365384615384615 0.3807471264367816 0.9365384615384615 0.382183908045977 0.95 0.382183908045977 0.95 0.3807471264367816 0.9365384615384615 0.3807471264367816
0 0.19807692307692307 0.20689655172413793 0.19807692307692307 0.20833333333333334 0.20192307692307693 0.20833333333333334 0.20192307692307693 0.20689655172413793 0.19807692307692307 0.20689655172413793
0 0.7153846153846154 0.5847701149425287 0.7153846153846154 0.5862068965517241 0.7346153846153847 0.5862068965517241 0.7346153846153847 0.5847701149425287 0.7153846153846154 0.5847701149425287
0 0.2923076923076923 0.6652298850574713 0.2923076923076923 0.6666666666666666 0.2980769230769231 0.6666666666666666 0.2980769230769231 0.6652298850574713 0.2923076923076923 0.6652298850574713
0 1.175 0.6264367816091954 1.175 0.6278735632183908 1.1846153846153846 0.6278735632183908 1.1846153846153846 0.6264367816091954 1.175 0.6264367816091954
0 0.4 0.3448275862068966 0.4 0.34626436781609193 0.40192307692307694 0.34626436781609193 0.40192307692307694 0.3448275862068966 0.4 0.3448275862068966
0 0.15576923076923077 0.735632183908046 0.15576923076923077 0.7370689655172413 0.1576923076923077 0.7370689655172413 0.1576923076923077 0.735632183908046 0.15576923076923077 0.735632183908046
0 1.2788461538461537 0.3577586206896552 1.2788461538461537 0.35919540229885055 1.2846153846153847 0.35919540229885055 1.2846153846153847 0.3577586206896552 1.2788461538461537 0.3577586206896552
0 0.6057692307692307 0.14224137931034483 0.6057692307692307 0.14367816091954022 0.6096153846153847 0.14367816091954022 0.6096153846153847 0.14224137931034483 0.6057692307692307 0.14224137931034483
0 0.4673076923076923 0.21120689655172414 0.4673076923076923 0.21264367816091953 0.49038461538461536 0.21264367816091953 0.49038461538461536 0.21120689655172414 0.4673076923076923 0.21120689655172414
0 0.7230769230769231 0.6379310344827587 0.7230769230769231 0.639367816091954 0.7269230769230769 0.639367816091954 0.7269230769230769 0.6379310344827587 0.7230769230769231 0.6379310344827587
0 0.2423076923076923 0.08333333333333333 0.2423076923076923 0.08477011494252873 0.2519230769230769 0.08477011494252873 0.2519230769230769 0.08333333333333333 0.2423076923076923 0.08333333333333333
0 0.4346153846153846 0.16091954022988506 0.4346153846153846 0.16235632183908047 0.4480769230769231 0.16235632183908047 0.4480769230769231 0.16091954022988506 0.4346153846153846 0.16091954022988506
0 0.9711538461538461 0.6422413793103449 0.9711538461538461 0.6436781609195402 0.9865384615384616 0.6436781609195402 0.9865384615384616 0.6422413793103449 0.9711538461538461 0.6422413793103449
0 0.41923076923076924 0.5 0.41923076923076924 0.5014367816091954 0.42115384615384616 0.5014367816091954 0.42115384615384616 0.5 0.41923076923076924 0.5
0 0.1346153846153846 0.13649425287356323 0.1346153846153846 0.13793103448275862 0.1596153846153846 0.13793103448275862 0.1596153846153846 0.13649425287356323 0.1346153846153846 0.13649425287356323
0 0.6653846153846154 0.5186781609195402 0.6653846153846154 0.5201149425287356 0.6692307692307692 0.5201149425287356 0.6692307692307692 0.5186781609195402 0.6653846153846154 0.5186781609195402
0 0.3038461538461538 0.21120689655172414 0.3038461538461538 0.21264367816091953 0.3076923076923077 0.21264367816091953 0.3076923076923077 0.21120689655172414 0.3038461538461538 0.21120689655172414
0 0.3942307692307692 0.09913793103448276 0.3942307692307692 0.10057471264367816 0.40192307692307694 0.10057471264367816 0.40192307692307694 0.09913793103448276 0.3942307692307692 0.09913793103448276
0 1.2942307692307693 0.13505747126436782 1.2942307692307693 0.13649425287356323 1.301923076923077 0.13649425287356323 1.301923076923077 0.13505747126436782 1.2942307692307693 0.13505747126436782
0 0.8057692307692308 0.16091954022988506 0.8057692307692308 0.16235632183908047 0.8153846153846154 0.16235632183908047 0.8153846153846154 0.16091954022988506 0.8057692307692308 0.16091954022988506
0 0.34807692307692306 0.2744252873563218 0.34807692307692306 0.27586206896551724 0.35384615384615387 0.27586206896551724 0.35384615384615387 0.2744252873563218 0.34807692307692306 0.2744252873563218
0 1.1884615384615385 0.35344827586206895 1.1884615384615385 0.35488505747126436 1.2 0.35488505747126436 1.2 0.35344827586206895 1.1884615384615385 0.35344827586206895
0 0.6865384615384615 0.6724137931034483 0.6865384615384615 0.6738505747126436 0.6903846153846154 0.6738505747126436 0.6903846153846154 0.6724137931034483 0.6865384615384615 0.6724137931034483
0 1.2538461538461538 0.6839080459770115 1.2538461538461538 0.6853448275862069 1.2673076923076922 0.6853448275862069 1.2673076923076922 0.6839080459770115 1.2538461538461538 0.6839080459770115
0 1.1173076923076923 0.5689655172413793 1.1173076923076923 0.5704022988505747 1.1192307692307693 0.5704022988505747 1.1192307692307693 0.5689655172413793 1.1173076923076923 0.5689655172413793
0 1.025 0.13649425287356323 1.025 0.13793103448275862 1.0384615384615385 0.13793103448275862 1.0384615384615385 0.13649425287356323 1.025 0.13649425287356323
0 0.4846153846153846 0.1867816091954023 0.4846153846153846 0.1882183908045977 0.49423076923076925 0.1882183908045977 0.49423076923076925 0.1867816091954023 0.4846153846153846 0.1867816091954023
0 0.3769230769230769 0.6709770114942529 0.3769230769230769 0.6724137931034483 0.37884615384615383 0.6724137931034483 0.37884615384615383 0.6709770114942529 0.3769230769230769 0.6709770114942529
0 0.5711538461538461 0.7255747126436781 0.5711538461538461 0.7270114942528736 0.5788461538461539 0.7270114942528736 0.5788461538461539 0.7255747126436781 0.5711538461538461 0.7255747126436781
0 0.7019230769230769 0.43103448275862066 0.7019230769230769 0.4324712643678161 0.7153846153846154 0.4324712643678161 0.7153846153846154 0.43103448275862066 0.7019230769230769 0.43103448275862066
0 0.801923076923077 0.33620689655172414 0.801923076923077 0.33764367816091956 0.8134615384615385 0.33764367816091956 0.8134615384615385 0.33620689655172414 0.801923076923077 0.33620689655172414
0 0.9788461538461538 0.14080459770114942 0.9788461538461538 0.14224137931034483 0.9865384615384616 0.14224137931034483 0.9865384615384616 0.14080459770114942 0.9788461538461538 0.14080459770114942
0 1.1346153846153846 0.09913793103448276 1.1346153846153846 0.10057471264367816 1.15 0.10057471264367816 1.15 0.09913793103448276 1.1346153846153846 0.09913793103448276
0 0.551923076923077 0.39798850574712646 0.551923076923077 0.3994252873563218 0.5634615384615385 0.3994252873563218 0.5634615384615385 0.39798850574712646 0.551923076923077 0.39798850574712646
0 1.0576923076923077 0.5704022988505747 1.0576923076923077 0.5718390804597702 1.0673076923076923 0.5718390804597702 1.0673076923076923 0.5704022988505747 1.0576923076923077 0.5704022988505747
0 0.39807692307692305 0.28160919540229884 0.39807692307692305 0.28304597701149425 0.4153846153846154 0.28304597701149425 0.4153846153846154 0.28160919540229884 0.39807692307692305 0.28160919540229884
0 0.3576923076923077 0.5344827586206896 0.3576923076923077 0.5359195402298851 0.3730769230769231 0.5359195402298851 0.3730769230769231 0.5344827586206896 0.3576923076923077 0.5344827586206896
0 0.2673076923076923 0.7313218390804598 0.2673076923076923 0.7327586206896551 0.27884615384615385 0.7327586206896551 0.27884615384615385 0.7313218390804598 0.2673076923076923 0.7313218390804598
0 0.03076923076923077 0.46695402298850575 0.03076923076923077 0.46839080459770116 0.038461538461538464 0.46839080459770116 0.038461538461538464 0.46695402298850575 0.03076923076923077 0.46695402298850575
0 0.8788461538461538 0.3735632183908046 0.8788461538461538 0.375 0.9019230769230769 0.375 0.9019230769230769 0.3735632183908046 0.8788461538461538 0.3735632183908046
0 0.22115384615384615 0.6364942528735632 0.22115384615384615 0.6379310344827587 0.23653846153846153 0.6379310344827587 0.23653846153846153 0.6364942528735632 0.22115384615384615 0.6364942528735632
0 0.8365384615384616 0.36637931034482757 0.8365384615384616 0.367816091954023 0.8384615384615385 0.367816091954023 0.8384615384615385 0.36637931034482757 0.8365384615384616 0.36637931034482757
0 1.3076923076923077 0.33189655172413796 1.3076923076923077 0.3333333333333333 1.3288461538461538 0.3333333333333333 1.3288461538461538 0.33189655172413796 1.3076923076923077 0.33189655172413796
0 0.4461538461538462 0.6781609195402298 0.4461538461538462 0.6795977011494253 0.4653846153846154 0.6795977011494253 0.4653846153846154 0.6781609195402298 0.4461538461538462 0.6781609195402298
0 0.375 0.6350574712643678 0.375 0.6364942528735632 0.38461538461538464 0.6364942528735632 0.38461538461538464 0.6350574712643678 0.375 0.6350574712643678
0 0.25576923076923075 0.21120689655172414 0.25576923076923075 0.21264367816091953 0.2653846153846154 0.21264367816091953 0.2653846153846154 0.21120689655172414 0.25576923076923075 0.21120689655172414
0 0.34615384615384615 0.14942528735632185 0.34615384615384615 0.15086206896551724 0.3596153846153846 0.15086206896551724 0.3596153846153846 0.14942528735632185 0.34615384615384615 0.14942528735632185
0 1.2038461538461538 0.13936781609195403 1.2038461538461538 0.14080459770114942 1.2115384615384615 0.14080459770114942 1.2115384615384615 0.13936781609195403 1.2038461538461538 0.13936781609195403
0 1.0384615384615385 0.3017241379310345 1.0384615384615385 0.3031609195402299 1.0538461538461539 0.3031609195402299 1.0538461538461539 0.3017241379310345 1.0384615384615385 0.3017241379310345
0 0.6096153846153847 0.15517241379310345 0.6096153846153847 0.15660919540229884 0.6134615384615385 0.15660919540229884 0.6134615384615385 0.15517241379310345 0.6096153846153847 0.15517241379310345
0 0.45576923076923076 0.14224137931034483 0.45576923076923076 0.14367816091954022 0.4673076923076923 0.14367816091954022 0.4673076923076923 0.14224137931034483 0.45576923076923076 0.14224137931034483
0 0.11923076923076924 0.3635057471264368 0.11923076923076924 0.3649425287356322 0.12884615384615383 0.3649425287356322 0.12884615384615383 0.3635057471264368 0.11923076923076924 0.3635057471264368
0 0.3730769230769231 0.23706896551724138 0.3730769230769231 0.23850574712643677 0.38076923076923075 0.23850574712643677 0.38076923076923075 0.23706896551724138 0.3730769230769231 0.23706896551724138
0 1.2769230769230768 0.39511494252873564 1.2769230769230768 0.39655172413793105 1.2884615384615385 0.39655172413793105 1.2884615384615385 0.39511494252873564 1.2769230769230768 0.39511494252873564
0 0.9576923076923077 0.11925287356321838 0.9576923076923077 0.1206896551724138 0.9653846153846154 0.1206896551724138 0.9653846153846154 0.11925287356321838 0.9576923076923077 0.11925287356321838
0 1.2 0.4109195402298851 1.2 0.41235632183908044 1.2038461538461538 0.41235632183908044 1.2038461538461538 0.4109195402298851 1.2 0.4109195402298851
0 0.7192307692307692 0.4899425287356322 0.7192307692307692 0.49137931034482757 0.7269230769230769 0.49137931034482757 0.7269230769230769 0.4899425287356322 0.7192307692307692 0.4899425287356322
0 1.2903846153846155 0.3764367816091954 1.2903846153846155 0.37787356321839083 1.3 0.37787356321839083 1.3 0.3764367816091954 1.2903846153846155 0.3764367816091954
0 1.2980769230769231 0.17385057471264367 1.2980769230769231 0.1752873563218391 1.3153846153846154 0.1752873563218391 1.3153846153846154 0.17385057471264367 1.2980769230769231 0.17385057471264367
0 0.5653846153846154 0.46264367816091956 0.5653846153846154 0.4640804597701149 0.5807692307692308 0.4640804597701149 0.5807692307692308 0.46264367816091956 0.5653846153846154 0.46264367816091956
0 0.3230769230769231 0.3175287356321839 0.3230769230769231 0.31896551724137934 0.3403846153846154 0.31896551724137934 0.3403846153846154 0.3175287356321839 0.3230769230769231 0.3175287356321839
0 0.9038461538461539 0.16091954022988506 0.9038461538461539 0.16235632183908047 0.9076923076923077 0.16235632183908047 0.9076923076923077 0.16091954022988506 0.9038461538461539 0.16091954022988506
0 0.07692307692307693 0.4339080459770115 0.07692307692307693 0.4353448275862069 0.09230769230769231 0.4353448275862069 0.09230769230769231 0.4339080459770115 0.07692307692307693 0.4339080459770115
0 0.2076923076923077 0.7040229885057471 0.2076923076923077 0.7054597701149425 0.23076923076923078 0.7054597701149425 0.23076923076923078 0.7040229885057471 0.2076923076923077 0.7040229885057471
0 0.34615384615384615 0.4755747126436782 0.34615384615384615 0.47701149425287354 0.3557692307692308 0.47701149425287354 0.3557692307692308 0.4755747126436782 0.34615384615384615 0.4755747126436782
0 0.10576923076923077 0.0 0.10576923076923077 0.0014367816091954023 0.14615384615384616 0.0014367816091954023 0.14615384615384616 0.0 0.10576923076923077 0.0
0 0.32884615384615384 0.6379310344827587 0.32884615384615384 0.639367816091954 0.3423076923076923 0.639367816091954 0.3423076923076923 0.6379310344827587 0.32884615384615384 0.6379310344827587
0 1.05 0.06321839080459771 1.05 0.06465517241379311 1.0557692307692308 0.06465517241379311 1.0557692307692308 0.06321839080459771 1.05 0.06321839080459771
0 0.075 0.16810344827586207 0.075 0.16954022988505746 0.08846153846153847 0.16954022988505746 0.08846153846153847 0.16810344827586207 0.075 0.16810344827586207
0 1.0826923076923076 0.021551724137931036 1.0826923076923076 0.022988505747126436 1.0884615384615384 0.022988505747126436 1.0884615384615384 0.021551724137931036 1.0826923076923076 0.021551724137931036
0 0.8346153846153846 0.5560344827586207 0.8346153846153846 0.5574712643678161 0.8461538461538461 0.5574712643678161 0.8461538461538461 0.5560344827586207 0.8346153846153846 0.5560344827586207
0 1.1576923076923078 0.021551724137931036 1.1576923076923078 0.022988505747126436 1.175 0.022988505747126436 1.175 0.021551724137931036 1.1576923076923078 0.021551724137931036
0 0.29423076923076924 0.5416666666666666 0.29423076923076924 0.5431034482758621 0.31153846153846154 0.5431034482758621 0.31153846153846154 0.5416666666666666 0.29423076923076924 0.5416666666666666
0 0.5423076923076923 0.6810344827586207 0.5423076923076923 0.6824712643678161 0.5692307692307692 0.6824712643678161 0.5692307692307692 0.6810344827586207 0.5423076923076923 0.6810344827586207
0 0.25384615384615383 0.1839080459770115 0.25384615384615383 0.1853448275862069 0.25769230769230766 0.1853448275862069 0.25769230769230766 0.1839080459770115 0.25384615384615383 0.1839080459770115
0 0.8923076923076924 0.5962643678160919 0.8923076923076924 0.5977011494252874 0.9096153846153846 0.5977011494252874 0.9096153846153846 0.5962643678160919 0.8923076923076924 0.5962643678160919
0 0.04038461538461539 0.43103448275862066 0.04038461538461539 0.4324712643678161 0.05576923076923077 0.4324712643678161 0.05576923076923077 0.43103448275862066 0.04038461538461539 0.43103448275862066
0 0.3903846153846154 0.492816091954023 0.3903846153846154 0.4942528735632184 0.40576923076923077 0.4942528735632184 0.40576923076923077 0.492816091954023 0.3903846153846154 0.492816091954023
0 0.04230769230769231 0.382183908045977 0.04230769230769231 0.38362068965517243 0.05576923076923077 0.38362068965517243 0.05576923076923077 0.382183908045977 0.04230769230769231 0.382183908045977
0 0.6865384615384615 0.17385057471264367 0.6865384615384615 0.1752873563218391 0.7019230769230769 0.1752873563218391 0.7019230769230769 0.17385057471264367 0.6865384615384615 0.17385057471264367
0 0.16346153846153846 0.11063218390804598 0.16346153846153846 0.11206896551724138 0.17307692307692307 0.11206896551724138 0.17307692307692307 0.11063218390804598 0.16346153846153846 0.11063218390804598
0 0.9980769230769231 0.5272988505747126 0.9980769230769231 0.5287356321839081 1.0038461538461538 0.5287356321839081 1.0038461538461538 0.5272988505747126 0.9980769230769231 0.5272988505747126
0 0.03461538461538462 0.10632183908045977 0.03461538461538462 0.10775862068965517 0.05 0.10775862068965517 0.05 0.10632183908045977 0.03461538461538462 0.10632183908045977
0 0.18076923076923077 0.0014367816091954023 0.18076923076923077 0.0028735632183908046 0.20576923076923076 0.0028735632183908046 0.20576923076923076 0.0014367816091954023 0.18076923076923077 0.0014367816091954023
0 0.2865384615384615 0.5014367816091954 0.2865384615384615 0.5028735632183908 0.3 0.5028735632183908 0.3 0.5014367816091954 0.2865384615384615 0.5014367816091954
0 1.2807692307692307 0.33477011494252873 1.2807692307692307 0.33620689655172414 1.3038461538461539 0.33620689655172414 1.3038461538461539 0.33477011494252873 1.2807692307692307 0.33477011494252873
0 1.1519230769230768 0.4698275862068966 1.1519230769230768 0.47126436781609193 1.1634615384615385 0.47126436781609193 1.1634615384615385 0.4698275862068966 1.1519230769230768 0.4698275862068966
0 1.2692307692307692 0.5488505747126436 1.2692307692307692 0.5502873563218391 1.271153846153846 0.5502873563218391 1.271153846153846 0.5488505747126436 1.2692307692307692 0.5488505747126436
0 0.9423076923076923 0.40229885057471265 0.9423076923076923 0.40373563218390807 0.9557692307692308 0.40373563218390807 0.9557692307692308 0.40229885057471265 0.9423076923076923 0.40229885057471265
0 0.8961538461538462 0.6982758620689655 0.8961538461538462 0.6997126436781609 0.9134615384615384 0.6997126436781609 0.9134615384615384 0.6982758620689655 0.8961538461538462 0.6982758620689655
0 0.9096153846153846 0.2614942528735632 0.9096153846153846 0.2629310344827586 0.9173076923076923 0.2629310344827586 0.9173076923076923 0.2614942528735632 0.9096153846153846 0.2614942528735632
0 0.3346153846153846 0.7083333333333334 0.3346153846153846 0.7097701149425287 0.36346153846153845 0.7097701149425287 0.36346153846153845 0.7083333333333334 0.3346153846153846 0.7083333333333334
0 1.126923076923077 0.7212643678160919 1.126923076923077 0.7227011494252874 1.1384615384615384 0.7227011494252874 1.1384615384615384 0.7212643678160919 1.126923076923077 0.7212643678160919
0 0.9115384615384615 0.5847701149425287 0.9115384615384615 0.5862068965517241 0.9153846153846154 0.5862068965517241 0.9153846153846154 0.5847701149425287 0.9115384615384615 0.5847701149425287
0 0.5211538461538462 0.4755747126436782 0.5211538461538462 0.47701149425287354 0.5230769230769231 0.47701149425287354 0.5230769230769231 0.4755747126436782 0.5211538461538462 0.4755747126436782
0 0.16923076923076924 0.07614942528735633 0.16923076923076924 0.07758620689655173 0.175 0.07758620689655173 0.175 0.07614942528735633 0.16923076923076924 0.07614942528735633
0 0.225 0.4956896551724138 0.225 0.49712643678160917 0.23076923076923078 0.49712643678160917 0.23076923076923078 0.4956896551724138 0.225 0.4956896551724138
0 0.475 0.14367816091954022 0.475 0.14511494252873564 0.4807692307692308 0.14511494252873564 0.4807692307692308 0.14367816091954022 0.475 0.14367816091954022
0 0.41923076923076924 0.2672413793103448 0.41923076923076924 0.2686781609195402 0.4230769230769231 0.2686781609195402 0.4230769230769231 0.2672413793103448 0.41923076923076924 0.2672413793103448
0 0.6711538461538461 0.4511494252873563 0.6711538461538461 0.4525862068965517 0.6903846153846154 0.4525862068965517 0.6903846153846154 0.4511494252873563 0.6711538461538461 0.4511494252873563
0 0.2865384615384615 0.015804597701149427 0.2865384615384615 0.017241379310344827 0.2923076923076923 0.017241379310344827 0.2923076923076923 0.015804597701149427 0.2865384615384615 0.015804597701149427
0 0.698076923076923 0.639367816091954 0.698076923076923 0.6408045977011494 0.7211538461538461 0.6408045977011494 0.7211538461538461 0.639367816091954 0.698076923076923 0.639367816091954
0 0.22692307692307692 0.6522988505747126 0.22692307692307692 0.6537356321839081 0.23653846153846153 0.6537356321839081 0.23653846153846153 0.6522988505747126 0.22692307692307692 0.6522988505747126
0 0.7057692307692308 0.21264367816091953 0.7057692307692308 0.21408045977011494 0.7173076923076923 0.21408045977011494 0.7173076923076923 0.21264367816091953 0.7057692307692308 0.21264367816091953
0 0.8884615384615384 0.0 0.8884615384615384 0.0014367816091954023 0.9346153846153846 0.0014367816091954023 0.9346153846153846 0.0 0.8884615384615384 0.0
0 0.8442307692307692 0.2801724137931034 0.8442307692307692 0.28160919540229884 0.8557692307692307 0.28160919540229884 0.8557692307692307 0.2801724137931034 0.8442307692307692 0.2801724137931034
0 1.0961538461538463 0.2514367816091954 1.0961538461538463 0.25287356321839083 1.1076923076923078 0.25287356321839083 1.1076923076923078 0.2514367816091954 1.0961538461538463 0.2514367816091954
0 0.8 0.7097701149425287 0.8 0.7112068965517241 0.801923076923077 0.7112068965517241 0.801923076923077 0.7097701149425287 0.8 0.7097701149425287
0 0.4673076923076923 0.13505747126436782 0.4673076923076923 0.13649425287356323 0.47307692307692306 0.13649425287356323 0.47307692307692306 0.13505747126436782 0.4673076923076923 0.13505747126436782
0 0.11923076923076924 0.3793103448275862 0.11923076923076924 0.3807471264367816 0.12307692307692308 0.3807471264367816 0.12307692307692308 0.3793103448275862 0.11923076923076924 0.3793103448275862
0 1.1711538461538462 0.33764367816091956 1.1711538461538462 0.3390804597701149 1.1807692307692308 0.3390804597701149 1.1807692307692308 0.33764367816091956 1.1711538461538462 0.33764367816091956
0 0.075 0.40804597701149425 0.075 0.40948275862068967 0.08461538461538462 0.40948275862068967 0.08461538461538462 0.40804597701149425 0.075 0.40804597701149425
0 0.9730769230769231 0.5158045977011494 0.9730769230769231 0.5172413793103449 0.9846153846153847 0.5172413793103449 0.9846153846153847 0.5158045977011494 0.9730769230769231 0.5158045977011494
0 0.5230769230769231 0.29022988505747127 0.5230769230769231 0.2916666666666667 0.5403846153846154 0.2916666666666667 0.5403846153846154 0.29022988505747127 0.5230769230769231 0.29022988505747127
0 0.057692307692307696 0.14798850574712644 0.057692307692307696 0.14942528735632185 0.07115384615384615 0.14942528735632185 0.07115384615384615 0.14798850574712644 0.057692307692307696 0.14798850574712644
0 0.23846153846153847 0.5977011494252874 0.23846153846153847 0.5991379310344828 0.25 0.5991379310344828 0.25 0.5977011494252874 0.23846153846153847 0.5977011494252874
0 1.1153846153846154 0.31896551724137934 1.1153846153846154 0.3204022988505747 1.123076923076923 0.3204022988505747 1.123076923076923 0.31896551724137934 1.1153846153846154 0.31896551724137934
0 0.65 0.07614942528735633 0.65 0.07758620689655173 0.6557692307692308 0.07758620689655173 0.6557692307692308 0.07614942528735633 0.65 0.07614942528735633
0 0.2692307692307692 0.24281609195402298 0.2692307692307692 0.2442528735632184 0.28076923076923077 0.2442528735632184 0.28076923076923077 0.24281609195402298 0.2692307692307692 0.24281609195402298
0 0.5711538461538461 0.007183908045977011 0.5711538461538461 0.008620689655172414 0.575 0.008620689655172414 0.575 0.007183908045977011 0.5711538461538461 0.007183908045977011
0 0.18461538461538463 0.5876436781609196 0.18461538461538463 0.5890804597701149 0.19230769230769232 0.5890804597701149 0.19230769230769232 0.5876436781609196 0.18461538461538463 0.5876436781609196
0 1.2307692307692308 0.4956896551724138 1.2307692307692308 0.49712643678160917 1.2346153846153847 0.49712643678160917 1.2346153846153847 0.4956896551724138 1.2307692307692308 0.4956896551724138
0 0.9730769230769231 0.021551724137931036 0.9730769230769231 0.022988505747126436 0.9807692307692307 0.022988505747126436 0.9807692307692307 0.021551724137931036 0.9730769230769231 0.021551724137931036
0 0.18076923076923077 0.28448275862068967 0.18076923076923077 0.2859195402298851 0.18269230769230768 0.2859195402298851 0.18269230769230768 0.28448275862068967 0.18076923076923077 0.28448275862068967
0 0.9557692307692308 0.23419540229885058 0.9557692307692308 0.23563218390804597 0.9673076923076923 0.23563218390804597 0.9673076923076923 0.23419540229885058 0.9557692307692308 0.23419540229885058
0 0.7961538461538461 0.507183908045977 0.7961538461538461 0.5086206896551724 0.8038461538461539 0.5086206896551724 0.8038461538461539 0.507183908045977 0.7961538461538461 0.507183908045977
0 0.025 0.035919540229885055 0.025 0.03735632183908046 0.03076923076923077 0.03735632183908046 0.03076923076923077 0.035919540229885055 0.025 0.035919540229885055
0 0.3596153846153846 0.005747126436781609 0.3596153846153846 0.007183908045977011 0.3730769230769231 0.007183908045977011 0.3730769230769231 0.005747126436781609 0.3596153846153846 0.005747126436781609
0 0.8346153846153846 0.3577586206896552 0.8346153846153846 0.35919540229885055 0.8519230769230769 0.35919540229885055 0.8519230769230769 0.3577586206896552 0.8346153846153846 0.3577586206896552
0 0.9576923076923077 0.21408045977011494 0.9576923076923077 0.21551724137931033 0.9730769230769231 0.21551724137931033 0.9730769230769231 0.21408045977011494 0.9576923076923077 0.21408045977011494
0 0.5134615384615384 0.375 0.5134615384615384 0.3764367816091954 0.5211538461538462 0.3764367816091954 0.5211538461538462 0.375 0.5134615384615384 0.375
0 0.13846153846153847 0.43103448275862066 0.13846153846153847 0.4324712643678161 0.1519230769230769 0.4324712643678161 0.1519230769230769 0.43103448275862066 0.13846153846153847 0.43103448275862066
0 0.27692307692307694 0.1235632183908046 0.27692307692307694 0.125 0.2923076923076923 0.125 0.2923076923076923 0.1235632183908046 0.27692307692307694 0.1235632183908046
0 1.2653846153846153 0.06465517241379311 1.2653846153846153 0.06609195402298851 1.2826923076923078 0.06609195402298851 1.2826923076923078 0.06465517241379311 1.2653846153846153 0.06465517241379311
0 1.2826923076923078 0.6221264367816092 1.2826923076923078 0.6235632183908046 1.2923076923076924 0.6235632183908046 1.2923076923076924 0.6221264367816092 1.2826923076923078 0.6221264367816092
0 1.1442307692307692 0.5574712643678161 1.1442307692307692 0.5589080459770115 1.146153846153846 0.5589080459770115 1.146153846153846 0.5574712643678161 1.1442307692307692 0.5574712643678161
0 0.7615384615384615 0.2471264367816092 0.7615384615384615 0.24856321839080459 0.7673076923076924 0.24856321839080459 0.7673076923076924 0.2471264367816092 0.7615384615384615 0.2471264367816092
0 0.9673076923076923 0.17385057471264367 0.9673076923076923 0.1752873563218391 0.975 0.1752873563218391 0.975 0.17385057471264367 0.9673076923076923 0.17385057471264367
0 1.0980769230769232 0.3045977011494253 1.0980769230769232 0.30603448275862066 1.1134615384615385 0.30603448275862066 1.1134615384615385 0.3045977011494253 1.0980769230769232 0.3045977011494253
0 0.45384615384615384 0.6508620689655172 0.45384615384615384 0.6522988505747126 0.4634615384615385 0.6522988505747126 0.4634615384615385 0.6508620689655172 0.45384615384615384 0.6508620689655172
0 0.0019230769230769232 0.09339080459770115 0.0019230769230769232 0.09482758620689655 0.009615384615384616 0.09482758620689655 0.009615384615384616 0.09339080459770115 0.0019230769230769232 0.09339080459770115
0 1.176923076923077 0.15948275862068967 1.176923076923077 0.16091954022988506 1.2019230769230769 0.16091954022988506 1.2019230769230769 0.15948275862068967 1.176923076923077 0.15948275862068967
0 0.07884615384615384 0.0028735632183908046 0.07884615384615384 0.004310344827586207 0.08653846153846154 0.004310344827586207 0.08653846153846154 0.0028735632183908046 0.07884615384615384 0.0028735632183908046
0 0.8192307692307692 0.7341954022988506 0.8192307692307692 0.735632183908046 0.8269230769230769 0.735632183908046 0.8269230769230769 0.7341954022988506 0.8192307692307692 0.7341954022988506
0 0.28076923076923077 0.6709770114942529 0.28076923076923077 0.6724137931034483 0.2903846153846154 0.6724137931034483 0.2903846153846154 0.6709770114942529 0.28076923076923077 0.6709770114942529
0 0.9673076923076923 0.0 0.9673076923076923 0.0014367816091954023 0.9865384615384616 0.0014367816091954023 0.9865384615384616 0.0 0.9673076923076923 0.0
0 0.08461538461538462 0.5244252873563219 0.08461538461538462 0.5258620689655172 0.09615384615384616 0.5258620689655172 0.09615384615384616 0.5244252873563219 0.08461538461538462 0.5244252873563219
0 0.2673076923076923 0.13649425287356323 0.2673076923076923 0.13793103448275862 0.27115384615384613 0.13793103448275862 0.27115384615384613 0.13649425287356323 0.2673076923076923 0.13649425287356323
0 0.5173076923076924 0.16810344827586207 0.5173076923076924 0.16954022988505746 0.5230769230769231 0.16954022988505746 0.5230769230769231 0.16810344827586207 0.5173076923076924 0.16810344827586207
0 0.3923076923076923 0.03017241379310345 0.3923076923076923 0.031609195402298854 0.39807692307692305 0.031609195402298854 0.39807692307692305 0.03017241379310345 0.3923076923076923 0.03017241379310345
0 1.0 0.1867816091954023 1.0 0.1882183908045977 1.0096153846153846 0.1882183908045977 1.0096153846153846 0.1867816091954023 1.0 0.1867816091954023
0 0.25769230769230766 0.6336206896551724 0.25769230769230766 0.6350574712643678 0.2673076923076923 0.6350574712643678 0.2673076923076923 0.6336206896551724 0.25769230769230766 0.6336206896551724
0 1.2923076923076924 0.01867816091954023 1.2923076923076924 0.020114942528735632 1.2980769230769231 0.020114942528735632 1.2980769230769231 0.01867816091954023 1.2923076923076924 0.01867816091954023
0 1.1846153846153846 0.02442528735632184 1.1846153846153846 0.02586206896551724 1.2096153846153845 0.02586206896551724 1.2096153846153845 0.02442528735632184 1.1846153846153846 0.02442528735632184
0 1.1903846153846154 0.01867816091954023 1.1903846153846154 0.020114942528735632 1.1923076923076923 0.020114942528735632 1.1923076923076923 0.01867816091954023 1.1903846153846154 0.01867816091954023
0 0.7942307692307692 0.6135057471264368 0.7942307692307692 0.6149425287356322 0.8076923076923077 0.6149425287356322 0.8076923076923077 0.6135057471264368 0.7942307692307692 0.6135057471264368
0 0.8653846153846154 0.47126436781609193 0.8653846153846154 0.47270114942528735 0.8788461538461538 0.47270114942528735 0.8788461538461538 0.47126436781609193 0.8653846153846154 0.47126436781609193
0 0.21153846153846154 0.6206896551724138 0.21153846153846154 0.6221264367816092 0.225 0.6221264367816092 0.225 0.6206896551724138 0.21153846153846154 0.6206896551724138
0 1.1711538461538462 0.6566091954022989 1.1711538461538462 0.6580459770114943 1.1865384615384615 0.6580459770114943 1.1865384615384615 0.6566091954022989 1.1711538461538462 0.6566091954022989
0 1.0096153846153846 0.06321839080459771 1.0096153846153846 0.06465517241379311 1.0115384615384615 0.06465517241379311 1.0115384615384615 0.06321839080459771 1.0096153846153846 0.06321839080459771
0 0.6884615384615385 0.23275862068965517 0.6884615384615385 0.23419540229885058 0.698076923076923 0.23419540229885058 0.698076923076923 0.23275862068965517 0.6884615384615385 0.23275862068965517
0 0.3596153846153846 0.1824712643678161 0.3596153846153846 0.1839080459770115 0.36730769230769234 0.1839080459770115 0.36730769230769234 0.1824712643678161 0.3596153846153846 0.1824712643678161
0 0.3057692307692308 0.3649425287356322 0.3057692307692308 0.36637931034482757 0.325 0.36637931034482757 0.325 0.3649425287356322 0.3057692307692308 0.3649425287356322
0 0.5942307692307692 0.2959770114942529 0.5942307692307692 0.2974137931034483 0.5961538461538461 0.2974137931034483 0.5961538461538461 0.2959770114942529 0.5942307692307692 0.2959770114942529
0 0.14615384615384616 0.7068965517241379 0.14615384615384616 0.7083333333333334 0.16923076923076924 0.7083333333333334 0.16923076923076924 0.7068965517241379 0.14615384615384616 0.7068965517241379
0 0.18653846153846154 0.28160919540229884 0.18653846153846154 0.28304597701149425 0.19423076923076923 0.28304597701149425 0.19423076923076923 0.28160919540229884 0.18653846153846154 0.28160919540229884
0 0.3423076923076923 0.11350574712643678 0.3423076923076923 0.11494252873563218 0.34423076923076923 0.11494252873563218 0.34423076923076923 0.11350574712643678 0.3423076923076923 0.11350574712643678
0 1.2211538461538463 0.6020114942528736 1.2211538461538463 0.603448275862069 1.225 0.603448275862069 1.225 0.6020114942528736 1.2211538461538463 0.6020114942528736
0 0.9326923076923077 0.09482758620689655 0.9326923076923077 0.09626436781609195 0.9461538461538461 0.09626436781609195 0.9461538461538461 0.09482758620689655 0.9326923076923077 0.09482758620689655
0 0.6692307692307692 0.10632183908045977 0.6692307692307692 0.10775862068965517 0.6788461538461539 0.10775862068965517 0.6788461538461539 0.10632183908045977 0.6692307692307692 0.10632183908045977
0 0.015384615384615385 0.04310344827586207 0.015384615384615385 0.04454022988505747 0.023076923076923078 0.04454022988505747 0.023076923076923078 0.04310344827586207 0.015384615384615385 0.04310344827586207
0 0.8173076923076923 0.16810344827586207 0.8173076923076923 0.16954022988505746 0.8346153846153846 0.16954022988505746 0.8346153846153846 0.16810344827586207 0.8173076923076923 0.16810344827586207
0 0.9403846153846154 0.3074712643678161 0.9403846153846154 0.3089080459770115 0.95 0.3089080459770115 0.95 0.3074712643678161 0.9403846153846154 0.3074712643678161
0 0.8923076923076924 0.6997126436781609 0.8923076923076924 0.7011494252873564 0.9173076923076923 0.7011494252873564 0.9173076923076923 0.6997126436781609 0.8923076923076924 0.6997126436781609