0 0.1171875 0.071875 0.1171875 0.075 0.12890625 0.075 0.12890625 0.071875 0.1171875 0.071875
0 0.0546875 0.309375 0.0546875 0.3125 0.08984375 0.3125 0.08984375 0.309375 0.0546875 0.309375
0 0.6328125 0.196875 0.6328125 0.2 0.64453125 0.2 0.64453125 0.196875 0.6328125 0.196875
0 1.1171875 0.396875 1.1171875 0.4 1.1328125 0.4 1.1328125 0.396875 1.1171875 0.396875
0 0.4140625 0.24375 0.4140625 0.246875 0.4296875 0.246875 0.4296875 0.24375 0.4140625 0.24375
0 0.30859375 0.04375 0.30859375 0.046875 0.328125 0.046875 0.328125 0.04375 0.30859375 0.04375
0 0.25 0.609375 0.25 0.6125 0.2578125 0.6125 0.2578125 0.609375 0.25 0.609375
0 0.59375 0.228125 0.59375 0.23125 0.61328125 0.23125 0.61328125 0.228125 0.59375 0.228125
0 0.9375 0.175 0.9375 0.178125 0.953125 0.178125 0.953125 0.175 0.9375 0.175
0 1.046875 0.059375 1.046875 0.0625 1.05078125 0.0625 1.05078125 0.059375 1.046875 0.059375
0 0.76171875 0.0 0.76171875 0.003125 0.85546875 0.003125 0.85546875 0.0 0.76171875 0.0
0 0.39453125 0.20625 0.39453125 0.209375 0.4140625 0.209375 0.4140625 0.20625 0.39453125 0.20625
0 0.99609375 0.3375 0.99609375 0.340625 1.0 0.340625 1.0 0.3375 0.99609375 0.3375
0 0.29296875 0.0 0.29296875 0.003125 0.40625 0.003125 0.40625 0.0 0.29296875 0.0
0 1.109375 0.00625 1.109375 0.009375 1.1328125 0.009375 1.1328125 0.00625 1.109375 0.00625
0 1.0078125 0.096875 1.0078125 0.1 1.03515625 0.1 1.03515625 0.096875 1.0078125 0.096875
0 0.5859375 0.43125 0.5859375 0.434375 0.60546875 0.434375 0.60546875 0.43125 0.5859375 0.43125
0 0.609375 0.0 0.609375 0.003125 0.6953125 0.003125 0.6953125 0.0 0.609375 0.0
0 0.40625 0.0 0.40625 0.003125 0.4921875 0.003125 0.4921875 0.0 0.40625 0.0
0 0.20703125 0.23125 0.20703125 0.234375 0.25 0.234375 0.25 0.23125 0.20703125 0.23125
0 0.33984375 0.215625 0.33984375 0.21875 0.35546875 0.21875 0.35546875 0.215625 0.33984375 0.215625
0 0.2421875 0.259375 0.2421875 0.2625 0.25 0.2625 0.25 0.259375 0.2421875 0.259375
0 1.14453125 0.25625 1.14453125 0.259375 1.15625 0.259375 1.15625 0.25625 1.14453125 0.25625
0 0.1171875 0.24375 0.1171875 0.246875 0.125 0.246875 0.125 0.24375 0.1171875 0.24375
0 0.45703125 0.36875 0.45703125 0.371875 0.484375 0.371875 0.484375 0.36875 0.45703125 0.36875
0 0.89453125 0.1375 0.89453125 0.140625 0.91796875 0.140625 0.91796875 0.1375 0.89453125 0.1375
0 0.3125 0.090625 0.3125 0.09375 0.359375 0.09375 0.359375 0.090625 0.3125 0.090625