0 0.17884615384615385 0.1882183908045977 0.17884615384615385 0.1896551724137931 0.18461538461538463 0.1896551724137931 0.18461538461538463 0.1882183908045977 0.17884615384615385 0.1882183908045977
0 0.8615384615384616 0.0 0.8615384615384616 0.0014367816091954023 0.8942307692307693 0.0014367816091954023 0.8942307692307693 0.0 0.8615384615384616 0.0
0 0.14615384615384616 0.0 0.14615384615384616 0.0014367816091954023 0.175 0.0014367816091954023 0.175 0.0 0.14615384615384616 0.0
0 0.9307692307692308 0.14367816091954022 0.9307692307692308 0.14511494252873564 0.9461538461538461 0.14511494252873564 0.9461538461538461 0.14367816091954022 0.9307692307692308 0.14367816091954022
0 0.5769230769230769 0.041666666666666664 0.5769230769230769 0.04310344827586207 0.5846153846153846 0.04310344827586207 0.5846153846153846 0.041666666666666664 0.5769230769230769 0.041666666666666664
0 0.9423076923076923 0.0 0.9423076923076923 0.0014367816091954023 0.9711538461538461 0.0014367816091954023 0.9711538461538461 0.0 0.9423076923076923 0.0
0 1.3153846153846154 0.28448275862068967 1.3153846153846154 0.2859195402298851 1.325 0.2859195402298851 1.325 0.28448275862068967 1.3153846153846154 0.28448275862068967
0 0.28076923076923077 0.08620689655172414 0.28076923076923077 0.08764367816091954 0.2903846153846154 0.08764367816091954 0.2903846153846154 0.08620689655172414 0.28076923076923077 0.08620689655172414
0 1.0269230769230768 0.24568965517241378 1.0269230769230768 0.2471264367816092 1.0346153846153847 0.2471264367816092 1.0346153846153847 0.24568965517241378 1.0269230769230768 0.24568965517241378
0 1.0326923076923078 0.5962643678160919 1.0326923076923078 0.5977011494252874 1.0403846153846155 0.5977011494252874 1.0403846153846155 0.5962643678160919 1.0326923076923078 0.5962643678160919
0 0.38846153846153847 0.10201149425287356 0.38846153846153847 0.10344827586206896 0.40192307692307694 0.10344827586206896 0.40192307692307694 0.10201149425287356 0.38846153846153847 0.10201149425287356
0 0.6865384615384615 0.22413793103448276 0.6865384615384615 0.22557471264367815 0.7019230769230769 0.22557471264367815 0.7019230769230769 0.22413793103448276 0.6865384615384615 0.22413793103448276
0 0.06346153846153846 0.1896551724137931 0.06346153846153846 0.1910919540229885 0.06923076923076923 0.1910919540229885 0.06923076923076923 0.1896551724137931 0.06346153846153846 0.1896551724137931
0 0.3923076923076923 0.017241379310344827 0.3923076923076923 0.01867816091954023 0.40384615384615385 0.01867816091954023 0.40384615384615385 0.017241379310344827 0.3923076923076923 0.017241379310344827
0 0.06923076923076923 0.5387931034482759 0.06923076923076923 0.5402298850574713 0.07692307692307693 0.5402298850574713 0.07692307692307693 0.5387931034482759 0.06923076923076923 0.5387931034482759
0 0.5 0.1882183908045977 0.5 0.1896551724137931 0.5076923076923077 0.1896551724137931 0.5076923076923077 0.1882183908045977 0.5 0.1882183908045977
0 1.2961538461538462 0.1307471264367816 1.2961538461538462 0.13218390804597702 1.3096153846153846 0.13218390804597702 1.3096153846153846 0.1307471264367816 1.2961538461538462 0.1307471264367816
0 0.7692307692307693 0.7011494252873564 0.7692307692307693 0.7025862068965517 0.7730769230769231 0.7025862068965517 0.7730769230769231 0.7011494252873564 0.7692307692307693 0.7011494252873564
0 1.0 0.5660919540229885 1.0 0.5675287356321839 1.0057692307692307 0.5675287356321839 1.0057692307692307 0.5660919540229885 1.0 0.5660919540229885
0 0.175 0.5416666666666666 0.175 0.5431034482758621 0.19615384615384615 0.5431034482758621 0.19615384615384615 0.5416666666666666 0.175 0.5416666666666666
0 0.9326923076923077 0.41810344827586204 0.9326923076923077 0.41954022988505746 0.9384615384615385 0.41954022988505746 0.9384615384615385 0.41810344827586204 0.9326923076923077 0.41810344827586204
0 0.7730769230769231 0.6278735632183908 0.7730769230769231 0.6293103448275862 0.7788461538461539 0.6293103448275862 0.7788461538461539 0.6278735632183908 0.7730769230769231 0.6278735632183908
0 0.7153846153846154 0.610632183908046 0.7153846153846154 0.6120689655172413 0.725 0.6120689655172413 0.725 0.610632183908046 0.7153846153846154 0.610632183908046
0 0.9557692307692308 0.5186781609195402 0.9557692307692308 0.5201149425287356 0.9653846153846154 0.5201149425287356 0.9653846153846154 0.5186781609195402 0.9557692307692308 0.5186781609195402
0 0.8615384615384616 0.004310344827586207 0.8615384615384616 0.005747126436781609 0.8788461538461538 0.005747126436781609 0.8788461538461538 0.004310344827586207 0.8615384615384616 0.004310344827586207
0 1.1788461538461539 0.23706896551724138 1.1788461538461539 0.23850574712643677 1.1942307692307692 0.23850574712643677 1.1942307692307692 0.23706896551724138 1.1788461538461539 0.23706896551724138
0 0.6365384615384615 0.5172413793103449 0.6365384615384615 0.5186781609195402 0.6403846153846153 0.5186781609195402 0.6403846153846153 0.5172413793103449 0.6365384615384615 0.5172413793103449
0 0.33076923076923076 0.367816091954023 0.33076923076923076 0.3692528735632184 0.3384615384615385 0.3692528735632184 0.3384615384615385 0.367816091954023 0.33076923076923076 0.367816091954023
0 0.0 0.37212643678160917 0.0 0.3735632183908046 0.007692307692307693 0.3735632183908046 0.007692307692307693 0.37212643678160917 0.0 0.37212643678160917
0 1.1076923076923078 0.46551724137931033 1.1076923076923078 0.46695402298850575 1.1192307692307693 0.46695402298850575 1.1192307692307693 0.46551724137931033 1.1076923076923078 0.46551724137931033
0 0.12692307692307692 0.021551724137931036 0.12692307692307692 0.022988505747126436 0.13076923076923078 0.022988505747126436 0.13076923076923078 0.021551724137931036 0.12692307692307692 0.021551724137931036
0 0.125 0.1307471264367816 0.125 0.13218390804597702 0.13653846153846153 0.13218390804597702 0.13653846153846153 0.1307471264367816 0.125 0.1307471264367816
0 0.2326923076923077 0.07471264367816093 0.2326923076923077 0.07614942528735633 0.2423076923076923 0.07614942528735633 0.2423076923076923 0.07471264367816093 0.2326923076923077 0.07471264367816093
0 0.26153846153846155 0.4324712643678161 0.26153846153846155 0.4339080459770115 0.27307692307692305 0.4339080459770115 0.27307692307692305 0.4324712643678161 0.26153846153846155 0.4324712643678161
0 0.45576923076923076 0.6896551724137931 0.45576923076923076 0.6910919540229885 0.4596153846153846 0.6910919540229885 0.4596153846153846 0.6896551724137931 0.45576923076923076 0.6896551724137931
0 0.7269230769230769 0.6738505747126436 0.7269230769230769 0.6752873563218391 0.7326923076923076 0.6752873563218391 0.7326923076923076 0.6738505747126436 0.7269230769230769 0.6738505747126436
0 1.1115384615384616 0.004310344827586207 1.1115384615384616 0.005747126436781609 1.1192307692307693 0.005747126436781609 1.1192307692307693 0.004310344827586207 1.1115384615384616 0.004310344827586207
0 0.7692307692307693 0.3290229885057471 0.7692307692307693 0.33045977011494254 0.7788461538461539 0.33045977011494254 0.7788461538461539 0.3290229885057471 0.7692307692307693 0.3290229885057471
0 0.5403846153846154 0.15086206896551724 0.5403846153846154 0.15229885057471265 0.5538461538461539 0.15229885057471265 0.5538461538461539 0.15086206896551724 0.5403846153846154 0.15086206896551724
0 1.325 0.27729885057471265 1.325 0.27873563218390807 1.3307692307692307 0.27873563218390807 1.3307692307692307 0.27729885057471265 1.325 0.27729885057471265
0 0.8096153846153846 0.6422413793103449 0.8096153846153846 0.6436781609195402 0.823076923076923 0.6436781609195402 0.823076923076923 0.6422413793103449 0.8096153846153846 0.6422413793103449
0 0.6153846153846154 0.0 0.6153846153846154 0.0014367816091954023 0.6519230769230769 0.0014367816091954023 0.6519230769230769 0.0 0.6153846153846154 0.0
0 0.5769230769230769 0.4339080459770115 0.5769230769230769 0.4353448275862069 0.5980769230769231 0.4353448275862069 0.5980769230769231 0.4339080459770115 0.5769230769230769 0.4339080459770115
0 1.1423076923076922 0.0617816091954023 1.1423076923076922 0.06321839080459771 1.148076923076923 0.06321839080459771 1.148076923076923 0.0617816091954023 1.1423076923076922 0.0617816091954023
0 0.26346153846153847 0.3132183908045977 0.26346153846153847 0.3146551724137931 0.27115384615384613 0.3146551724137931 0.27115384615384613 0.3132183908045977 0.26346153846153847 0.3132183908045977
0 0.8980769230769231 0.15086206896551724 0.8980769230769231 0.15229885057471265 0.9057692307692308 0.15229885057471265 0.9057692307692308 0.15086206896551724 0.8980769230769231 0.15086206896551724
0 0.3923076923076923 0.06896551724137931 0.3923076923076923 0.07040229885057471 0.40384615384615385 0.07040229885057471 0.40384615384615385 0.06896551724137931 0.3923076923076923 0.06896551724137931
0 0.4980769230769231 0.46695402298850575 0.4980769230769231 0.46839080459770116 0.5038461538461538 0.46839080459770116 0.5038461538461538 0.46695402298850575 0.4980769230769231 0.46695402298850575
0 0.9846153846153847 0.32471264367816094 0.9846153846153847 0.3261494252873563 0.9942307692307693 0.3261494252873563 0.9942307692307693 0.32471264367816094 0.9846153846153847 0.32471264367816094
0 0.3346153846153846 0.06465517241379311 0.3346153846153846 0.06609195402298851 0.35 0.06609195402298851 0.35 0.06465517241379311 0.3346153846153846 0.06465517241379311
0 0.01730769230769231 0.5459770114942529 0.01730769230769231 0.5474137931034483 0.026923076923076925 0.5474137931034483 0.026923076923076925 0.5459770114942529 0.01730769230769231 0.5459770114942529
0 0.6423076923076924 0.47988505747126436 0.6423076923076924 0.4813218390804598 0.6538461538461539 0.4813218390804598 0.6538461538461539 0.47988505747126436 0.6423076923076924 0.47988505747126436
0 0.7615384615384615 0.5862068965517241 0.7615384615384615 0.5876436781609196 0.775 0.5876436781609196 0.775 0.5862068965517241 0.7615384615384615 0.5862068965517241
0 0.0038461538461538464 0.6566091954022989 0.0038461538461538464 0.6580459770114943 0.009615384615384616 0.6580459770114943 0.009615384615384616 0.6566091954022989 0.0038461538461538464 0.6566091954022989
0 0.4403846153846154 0.5660919540229885 0.4403846153846154 0.5675287356321839 0.45 0.5675287356321839 0.45 0.5660919540229885 0.4403846153846154 0.5660919540229885
0 0.8692307692307693 0.3103448275862069 0.8692307692307693 0.3117816091954023 0.8807692307692307 0.3117816091954023 0.8807692307692307 0.3103448275862069 0.8692307692307693 0.3103448275862069
0 0.7576923076923077 0.24856321839080459 0.7576923076923077 0.25 0.7942307692307692 0.25 0.7942307692307692 0.24856321839080459 0.7576923076923077 0.24856321839080459
0 1.0096153846153846 0.5301724137931034 1.0096153846153846 0.5316091954022989 1.021153846153846 0.5316091954022989 1.021153846153846 0.5301724137931034 1.0096153846153846 0.5301724137931034
0 0.4519230769230769 0.43103448275862066 0.4519230769230769 0.4324712643678161 0.46153846153846156 0.4324712643678161 0.46153846153846156 0.43103448275862066 0.4519230769230769 0.43103448275862066
0 0.10192307692307692 0.6968390804597702 0.10192307692307692 0.6982758620689655 0.11730769230769231 0.6982758620689655 0.11730769230769231 0.6968390804597702 0.10192307692307692 0.6968390804597702
0 0.07884615384615384 0.5905172413793104 0.07884615384615384 0.5919540229885057 0.08461538461538462 0.5919540229885057 0.08461538461538462 0.5905172413793104 0.07884615384615384 0.5905172413793104
0 0.65 0.5416666666666666 0.65 0.5431034482758621 0.6634615384615384 0.5431034482758621 0.6634615384615384 0.5416666666666666 0.65 0.5416666666666666
0 0.175 0.5818965517241379 0.175 0.5833333333333334 0.18076923076923077 0.5833333333333334 0.18076923076923077 0.5818965517241379 0.175 0.5818965517241379
0 1.0980769230769232 0.7140804597701149 1.0980769230769232 0.7155172413793104 1.103846153846154 0.7155172413793104 1.103846153846154 0.7140804597701149 1.0980769230769232 0.7140804597701149
0 0.10576923076923077 0.1824712643678161 0.10576923076923077 0.1839080459770115 0.11538461538461539 0.1839080459770115 0.11538461538461539 0.1824712643678161 0.10576923076923077 0.1824712643678161
0 0.8192307692307692 0.21982758620689655 0.8192307692307692 0.22126436781609196 0.823076923076923 0.22126436781609196 0.823076923076923 0.21982758620689655 0.8192307692307692 0.21982758620689655
0 0.9711538461538461 0.6637931034482759 0.9711538461538461 0.6652298850574713 0.9826923076923076 0.6652298850574713 0.9826923076923076 0.6637931034482759 0.9711538461538461 0.6637931034482759
0 0.4288461538461538 0.16810344827586207 0.4288461538461538 0.16954022988505746 0.43653846153846154 0.16954022988505746 0.43653846153846154 0.16810344827586207 0.4288461538461538 0.16810344827586207
0 0.8307692307692308 0.02442528735632184 0.8307692307692308 0.02586206896551724 0.8423076923076923 0.02586206896551724 0.8423076923076923 0.02442528735632184 0.8307692307692308 0.02442528735632184
0 0.4346153846153846 0.6163793103448276 0.4346153846153846 0.617816091954023 0.4461538461538462 0.617816091954023 0.4461538461538462 0.6163793103448276 0.4346153846153846 0.6163793103448276
0 0.85 0.5718390804597702 0.85 0.5732758620689655 0.8634615384615385 0.5732758620689655 0.8634615384615385 0.5718390804597702 0.85 0.5718390804597702
0 0.4346153846153846 0.6781609195402298 0.4346153846153846 0.6795977011494253 0.43846153846153846 0.6795977011494253 0.43846153846153846 0.6781609195402298 0.4346153846153846 0.6781609195402298
0 0.5461538461538461 0.40086206896551724 0.5461538461538461 0.40229885057471265 0.5557692307692308 0.40229885057471265 0.5557692307692308 0.40086206896551724 0.5461538461538461 0.40086206896551724
0 1.2538461538461538 0.47844827586206895 1.2538461538461538 0.47988505747126436 1.2596153846153846 0.47988505747126436 1.2596153846153846 0.47844827586206895 1.2538461538461538 0.47844827586206895
0 0.3903846153846154 0.4640804597701149 0.3903846153846154 0.46551724137931033 0.39807692307692305 0.46551724137931033 0.39807692307692305 0.4640804597701149 0.3903846153846154 0.4640804597701149
0 0.075 0.15086206896551724 0.075 0.15229885057471265 0.08846153846153847 0.15229885057471265 0.08846153846153847 0.15086206896551724 0.075 0.15086206896551724
0 1.1653846153846155 0.23275862068965517 1.1653846153846155 0.23419540229885058 1.1692307692307693 0.23419540229885058 1.1692307692307693 0.23275862068965517 1.1653846153846155 0.23275862068965517
0 0.47307692307692306 0.14080459770114942 0.47307692307692306 0.14224137931034483 0.48653846153846153 0.14224137931034483 0.48653846153846153 0.14080459770114942 0.47307692307692306 0.14080459770114942
0 0.40384615384615385 0.6795977011494253 0.40384615384615385 0.6810344827586207 0.4173076923076923 0.6810344827586207 0.4173076923076923 0.6795977011494253 0.40384615384615385 0.6795977011494253
0 1.2980769230769231 0.6422413793103449 1.2980769230769231 0.6436781609195402 1.3057692307692308 0.6436781609195402 1.3057692307692308 0.6422413793103449 1.2980769230769231 0.6422413793103449
0 0.5942307692307692 0.10775862068965517 0.5942307692307692 0.10919540229885058 0.6019230769230769 0.10919540229885058 0.6019230769230769 0.10775862068965517 0.5942307692307692 0.10775862068965517
0 0.3576923076923077 0.23563218390804597 0.3576923076923077 0.23706896551724138 0.36923076923076925 0.23706896551724138 0.36923076923076925 0.23563218390804597 0.3576923076923077 0.23563218390804597
0 0.6634615384615384 0.40948275862068967 0.6634615384615384 0.4109195402298851 0.6865384615384615 0.4109195402298851 0.6865384615384615 0.40948275862068967 0.6634615384615384 0.40948275862068967
0 0.7576923076923077 0.16954022988505746 0.7576923076923077 0.17097701149425287 0.7692307692307693 0.17097701149425287 0.7692307692307693 0.16954022988505746 0.7576923076923077 0.16954022988505746
0 1.1173076923076923 0.2614942528735632 1.1173076923076923 0.2629310344827586 1.123076923076923 0.2629310344827586 1.123076923076923 0.2614942528735632 1.1173076923076923 0.2614942528735632
0 0.8596153846153847 0.33189655172413796 0.8596153846153847 0.3333333333333333 0.8730769230769231 0.3333333333333333 0.8730769230769231 0.33189655172413796 0.8596153846153847 0.33189655172413796
0 0.038461538461538464 0.1221264367816092 0.038461538461538464 0.1235632183908046 0.05384615384615385 0.1235632183908046 0.05384615384615385 0.1221264367816092 0.038461538461538464 0.1221264367816092
0 0.9807692307692307 0.5316091954022989 0.9807692307692307 0.5330459770114943 0.9865384615384616 0.5330459770114943 0.9865384615384616 0.5316091954022989 0.9807692307692307 0.5316091954022989
0 0.575 0.257183908045977 0.575 0.25862068965517243 0.5846153846153846 0.25862068965517243 0.5846153846153846 0.257183908045977 0.575 0.257183908045977
0 0.07884615384615384 0.46264367816091956 0.07884615384615384 0.4640804597701149 0.09615384615384616 0.4640804597701149 0.09615384615384616 0.46264367816091956 0.07884615384615384 0.46264367816091956
0 0.5634615384615385 0.3994252873563218 0.5634615384615385 0.40086206896551724 0.5673076923076923 0.40086206896551724 0.5673076923076923 0.3994252873563218 0.5634615384615385 0.3994252873563218
0 0.36538461538461536 0.19827586206896552 0.36538461538461536 0.1997126436781609 0.3769230769230769 0.1997126436781609 0.3769230769230769 0.19827586206896552 0.36538461538461536 0.19827586206896552
0 1.2173076923076922 0.6997126436781609 1.2173076923076922 0.7011494252873564 1.225 0.7011494252873564 1.225 0.6997126436781609 1.2173076923076922 0.6997126436781609
0 0.9076923076923077 0.36063218390804597 0.9076923076923077 0.3620689655172414 0.9192307692307692 0.3620689655172414 0.9192307692307692 0.36063218390804597 0.9076923076923077 0.36063218390804597
0 0.7 0.3175287356321839 0.7 0.31896551724137934 0.7134615384615385 0.31896551724137934 0.7134615384615385 0.3175287356321839 0.7 0.3175287356321839
0 0.8596153846153847 0.6307471264367817 0.8596153846153847 0.632183908045977 0.8673076923076923 0.632183908045977 0.8673076923076923 0.6307471264367817 0.8596153846153847 0.6307471264367817
0 0.35384615384615387 0.1810344827586207 0.35384615384615387 0.1824712643678161 0.3576923076923077 0.1824712643678161 0.3576923076923077 0.1810344827586207 0.35384615384615387 0.1810344827586207
0 0.23846153846153847 0.5201149425287356 0.23846153846153847 0.521551724137931 0.26153846153846155 0.521551724137931 0.26153846153846155 0.5201149425287356 0.23846153846153847 0.5201149425287356
0 0.24807692307692308 0.22270114942528735 0.24807692307692308 0.22413793103448276 0.25384615384615383 0.22413793103448276 0.25384615384615383 0.22270114942528735 0.24807692307692308 0.22270114942528735
0 0.2 0.5043103448275862 0.2 0.5057471264367817 0.20192307692307693 0.5057471264367817 0.20192307692307693 0.5043103448275862 0.2 0.5043103448275862
0 0.2 0.45689655172413796 0.2 0.4583333333333333 0.20192307692307693 0.4583333333333333 0.20192307692307693 0.45689655172413796 0.2 0.45689655172413796
0 0.09038461538461538 0.6206896551724138 0.09038461538461538 0.6221264367816092 0.10576923076923077 0.6221264367816092 0.10576923076923077 0.6206896551724138 0.09038461538461538 0.6206896551724138
0 1.1134615384615385 0.6853448275862069 1.1134615384615385 0.6867816091954023 1.1192307692307693 0.6867816091954023 1.1192307692307693 0.6853448275862069 1.1134615384615385 0.6853448275862069
0 0.8153846153846154 0.3635057471264368 0.8153846153846154 0.3649425287356322 0.823076923076923 0.3649425287356322 0.823076923076923 0.3635057471264368 0.8153846153846154 0.3635057471264368
0 0.9634615384615385 0.1810344827586207 0.9634615384615385 0.1824712643678161 0.975 0.1824712643678161 0.975 0.1810344827586207 0.9634615384615385 0.1810344827586207
0 0.1519230769230769 0.1752873563218391 0.1519230769230769 0.17672413793103448 0.16153846153846155 0.17672413793103448 0.16153846153846155 0.1752873563218391 0.1519230769230769 0.1752873563218391
0 0.11153846153846154 0.5732758620689655 0.11153846153846154 0.5747126436781609 0.125 0.5747126436781609 0.125 0.5732758620689655 0.11153846153846154 0.5732758620689655
0 1.2538461538461538 0.39798850574712646 1.2538461538461538 0.3994252873563218 1.2557692307692307 0.3994252873563218 1.2557692307692307 0.39798850574712646 1.2538461538461538 0.39798850574712646
0 0.5269230769230769 0.44971264367816094 0.5269230769230769 0.4511494252873563 0.5403846153846154 0.4511494252873563 0.5403846153846154 0.44971264367816094 0.5269230769230769 0.44971264367816094
0 0.2326923076923077 0.4899425287356322 0.2326923076923077 0.49137931034482757 0.2403846153846154 0.49137931034482757 0.2403846153846154 0.4899425287356322 0.2326923076923077 0.4899425287356322
0 0.5 0.007183908045977011 0.5 0.008620689655172414 0.5076923076923077 0.008620689655172414 0.5076923076923077 0.007183908045977011 0.5 0.007183908045977011
0 0.04423076923076923 0.22844827586206898 0.04423076923076923 0.22988505747126436 0.06538461538461539 0.22988505747126436 0.06538461538461539 0.22844827586206898 0.04423076923076923 0.22844827586206898
0 1.2038461538461538 0.45545977011494254 1.2038461538461538 0.45689655172413796 1.2173076923076922 0.45689655172413796 1.2173076923076922 0.45545977011494254 1.2038461538461538 0.45545977011494254
0 1.2461538461538462 0.5359195402298851 1.2461538461538462 0.5373563218390804 1.2596153846153846 0.5373563218390804 1.2596153846153846 0.5359195402298851 1.2461538461538462 0.5359195402298851
0 0.41346153846153844 0.3175287356321839 0.41346153846153844 0.31896551724137934 0.4288461538461538 0.31896551724137934 0.4288461538461538 0.3175287356321839 0.41346153846153844 0.3175287356321839
0 0.023076923076923078 0.6580459770114943 0.023076923076923078 0.6594827586206896 0.032692307692307694 0.6594827586206896 0.032692307692307694 0.6580459770114943 0.023076923076923078 0.6580459770114943
0 0.6153846153846154 0.1939655172413793 0.6153846153846154 0.19540229885057472 0.6326923076923077 0.19540229885057472 0.6326923076923077 0.1939655172413793 0.6153846153846154 0.1939655172413793
0 1.0653846153846154 0.08189655172413793 1.0653846153846154 0.08333333333333333 1.075 0.08333333333333333 1.075 0.08189655172413793 1.0653846153846154 0.08189655172413793
0 0.8346153846153846 0.36637931034482757 0.8346153846153846 0.367816091954023 0.8403846153846154 0.367816091954023 0.8403846153846154 0.36637931034482757 0.8346153846153846 0.36637931034482757
0 0.34615384615384615 0.35344827586206895 0.34615384615384615 0.35488505747126436 0.3557692307692308 0.35488505747126436 0.3557692307692308 0.35344827586206895 0.34615384615384615 0.35344827586206895
0 0.9903846153846154 0.07614942528735633 0.9903846153846154 0.07758620689655173 1.0 0.07758620689655173 1.0 0.07614942528735633 0.9903846153846154 0.07614942528735633
0 1.2557692307692307 0.07471264367816093 1.2557692307692307 0.07614942528735633 1.2615384615384615 0.07614942528735633 1.2615384615384615 0.07471264367816093 1.2557692307692307 0.07471264367816093
0 0.8076923076923077 0.40948275862068967 0.8076923076923077 0.4109195402298851 0.8134615384615385 0.4109195402298851 0.8134615384615385 0.40948275862068967 0.8076923076923077 0.40948275862068967
0 1.0865384615384615 0.17959770114942528 1.0865384615384615 0.1810344827586207 1.0923076923076922 0.1810344827586207 1.0923076923076922 0.17959770114942528 1.0865384615384615 0.17959770114942528
0 0.5346153846153846 0.28160919540229884 0.5346153846153846 0.28304597701149425 0.5673076923076923 0.28304597701149425 0.5673076923076923 0.28160919540229884 0.5346153846153846 0.28160919540229884
0 0.9519230769230769 0.06609195402298851 0.9519230769230769 0.06752873563218391 0.9615384615384616 0.06752873563218391 0.9615384615384616 0.06609195402298851 0.9519230769230769 0.06609195402298851
0 0.23076923076923078 0.5890804597701149 0.23076923076923078 0.5905172413793104 0.2326923076923077 0.5905172413793104 0.2326923076923077 0.5890804597701149 0.23076923076923078 0.5890804597701149
0 1.1634615384615385 0.19540229885057472 1.1634615384615385 0.1968390804597701 1.1673076923076924 0.1968390804597701 1.1673076923076924 0.19540229885057472 1.1634615384615385 0.19540229885057472
0 0.725 0.4755747126436782 0.725 0.47701149425287354 0.7307692307692307 0.47701149425287354 0.7307692307692307 0.4755747126436782 0.725 0.4755747126436782
0 0.6711538461538461 0.017241379310344827 0.6711538461538461 0.01867816091954023 0.6826923076923077 0.01867816091954023 0.6826923076923077 0.017241379310344827 0.6711538461538461 0.017241379310344827
0 0.2230769230769231 0.7413793103448276 0.2230769230769231 0.742816091954023 0.2403846153846154 0.742816091954023 0.2403846153846154 0.7413793103448276 0.2230769230769231 0.7413793103448276
0 0.04230769230769231 0.14942528735632185 0.04230769230769231 0.15086206896551724 0.04807692307692308 0.15086206896551724 0.04807692307692308 0.14942528735632185 0.04230769230769231 0.14942528735632185
0 0.09230769230769231 0.2442528735632184 0.09230769230769231 0.24568965517241378 0.1 0.24568965517241378 0.1 0.2442528735632184 0.09230769230769231 0.2442528735632184
0 0.2653846153846154 0.45689655172413796 0.2653846153846154 0.4583333333333333 0.27115384615384613 0.4583333333333333 0.27115384615384613 0.45689655172413796 0.2653846153846154 0.45689655172413796
0 1.0461538461538462 0.12931034482758622 1.0461538461538462 0.1307471264367816 1.0596153846153846 0.1307471264367816 1.0596153846153846 0.12931034482758622 1.0461538461538462 0.12931034482758622
0 0.5538461538461539 0.5287356321839081 0.5538461538461539 0.5301724137931034 0.5653846153846154 0.5301724137931034 0.5653846153846154 0.5287356321839081 0.5538461538461539 0.5287356321839081
0 0.11346153846153846 0.22413793103448276 0.11346153846153846 0.22557471264367815 0.125 0.22557471264367815 0.125 0.22413793103448276 0.11346153846153846 0.22413793103448276
0 0.85 0.021551724137931036 0.85 0.022988505747126436 0.8576923076923076 0.022988505747126436 0.8576923076923076 0.021551724137931036 0.85 0.021551724137931036
0 0.2 0.03017241379310345 0.2 0.031609195402298854 0.20961538461538462 0.031609195402298854 0.20961538461538462 0.03017241379310345 0.2 0.03017241379310345
0 0.38653846153846155 0.5172413793103449 0.38653846153846155 0.5186781609195402 0.40384615384615385 0.5186781609195402 0.40384615384615385 0.5172413793103449 0.38653846153846155 0.5172413793103449
0 0.07115384615384615 0.3563218390804598 0.07115384615384615 0.3577586206896552 0.075 0.3577586206896552 0.075 0.3563218390804598 0.07115384615384615 0.3563218390804598
0 0.9653846153846154 0.3577586206896552 0.9653846153846154 0.35919540229885055 0.9769230769230769 0.35919540229885055 0.9769230769230769 0.3577586206896552 0.9653846153846154 0.3577586206896552
0 0.9461538461538461 0.1997126436781609 0.9461538461538461 0.20114942528735633 0.9538461538461539 0.20114942528735633 0.9538461538461539 0.1997126436781609 0.9461538461538461 0.1997126436781609
0 0.45 0.7241379310344828 0.45 0.7255747126436781 0.4673076923076923 0.7255747126436781 0.4673076923076923 0.7241379310344828 0.45 0.7241379310344828
0 0.23461538461538461 0.6163793103448276 0.23461538461538461 0.617816091954023 0.24615384615384617 0.617816091954023 0.24615384615384617 0.6163793103448276 0.23461538461538461 0.6163793103448276
0 0.7769230769230769 0.0 0.7769230769230769 0.0014367816091954023 0.8211538461538461 0.0014367816091954023 0.8211538461538461 0.0 0.7769230769230769 0.0
0 0.41346153846153844 0.5474137931034483 0.41346153846153844 0.5488505747126436 0.4269230769230769 0.5488505747126436 0.4269230769230769 0.5474137931034483 0.41346153846153844 0.5474137931034483
0 1.0461538461538462 0.05028735632183908 1.0461538461538462 0.05172413793103448 1.0596153846153846 0.05172413793103448 1.0596153846153846 0.05028735632183908 1.0461538461538462 0.05028735632183908
0 1.248076923076923 0.6810344827586207 1.248076923076923 0.6824712643678161 1.2576923076923077 0.6824712643678161 1.2576923076923077 0.6810344827586207 1.248076923076923 0.6810344827586207
0 0.8076923076923077 0.10919540229885058 0.8076923076923077 0.11063218390804598 0.8173076923076923 0.11063218390804598 0.8173076923076923 0.10919540229885058 0.8076923076923077 0.10919540229885058
0 0.6865384615384615 0.0 0.6865384615384615 0.0014367816091954023 0.7076923076923077 0.0014367816091954023 0.7076923076923077 0.0 0.6865384615384615 0.0
0 1.225 0.16522988505747127 1.225 0.16666666666666666 1.2307692307692308 0.16666666666666666 1.2307692307692308 0.16522988505747127 1.225 0.16522988505747127
0 0.0 0.0 0.0 0.0014367816091954023 0.028846153846153848 0.0014367816091954023 0.028846153846153848 0.0 0.0 0.0
0 0.14038461538461539 0.3132183908045977 0.14038461538461539 0.3146551724137931 0.15384615384615385 0.3146551724137931 0.15384615384615385 0.3132183908045977 0.14038461538461539 0.3132183908045977
0 0.8115384615384615 0.5186781609195402 0.8115384615384615 0.5201149425287356 0.8153846153846154 0.5201149425287356 0.8153846153846154 0.5186781609195402 0.8115384615384615 0.5186781609195402
0 1.1615384615384616 0.3563218390804598 1.1615384615384616 0.3577586206896552 1.1730769230769231 0.3577586206896552 1.1730769230769231 0.3563218390804598 1.1615384615384616 0.3563218390804598
0 0.3346153846153846 0.34339080459770116 0.3346153846153846 0.3448275862068966 0.3384615384615385 0.3448275862068966 0.3384615384615385 0.34339080459770116 0.3346153846153846 0.34339080459770116
0 1.1173076923076923 0.3807471264367816 1.1173076923076923 0.382183908045977 1.126923076923077 0.382183908045977 1.126923076923077 0.3807471264367816 1.1173076923076923 0.3807471264367816
0 1.226923076923077 0.10344827586206896 1.226923076923077 0.10488505747126436 1.2365384615384616 0.10488505747126436 1.2365384615384616 0.10344827586206896 1.226923076923077 0.10344827586206896
0 0.8903846153846153 0.6422413793103449 0.8903846153846153 0.6436781609195402 0.9096153846153846 0.6436781609195402 0.9096153846153846 0.6422413793103449 0.8903846153846153 0.6422413793103449
0 0.39807692307692305 0.6681034482758621 0.39807692307692305 0.6695402298850575 0.40384615384615385 0.6695402298850575 0.40384615384615385 0.6681034482758621 0.39807692307692305 0.6681034482758621
0 1.0826923076923076 0.06465517241379311 1.0826923076923076 0.06609195402298851 1.1057692307692308 0.06609195402298851 1.1057692307692308 0.06465517241379311 1.0826923076923076 0.06465517241379311
0 1.0134615384615384 0.5114942528735632 1.0134615384615384 0.5129310344827587 1.0173076923076922 0.5129310344827587 1.0173076923076922 0.5114942528735632 1.0134615384615384 0.5114942528735632
0 0.6480769230769231 0.5919540229885057 0.6480769230769231 0.5933908045977011 0.6576923076923077 0.5933908045977011 0.6576923076923077 0.5919540229885057 0.6480769230769231 0.5919540229885057
0 0.09423076923076923 0.22557471264367815 0.09423076923076923 0.22701149425287356 0.1 0.22701149425287356 0.1 0.22557471264367815 0.09423076923076923 0.22557471264367815
0 1.1403846153846153 0.5574712643678161 1.1403846153846153 0.5589080459770115 1.1596153846153847 0.5589080459770115 1.1596153846153847 0.5574712643678161 1.1403846153846153 0.5574712643678161
0 0.18846153846153846 0.6781609195402298 0.18846153846153846 0.6795977011494253 0.20192307692307693 0.6795977011494253 0.20192307692307693 0.6781609195402298 0.18846153846153846 0.6781609195402298
0 1.2134615384615384 0.6436781609195402 1.2134615384615384 0.6451149425287356 1.2211538461538463 0.6451149425287356 1.2211538461538463 0.6436781609195402 1.2134615384615384 0.6436781609195402
0 0.6903846153846154 0.5402298850574713 0.6903846153846154 0.5416666666666666 0.7057692307692308 0.5416666666666666 0.7057692307692308 0.5402298850574713 0.6903846153846154 0.5402298850574713
0 0.4326923076923077 0.1882183908045977 0.4326923076923077 0.1896551724137931 0.4423076923076923 0.1896551724137931 0.4423076923076923 0.1882183908045977 0.4326923076923077 0.1882183908045977
0 0.4115384615384615 0.16091954022988506 0.4115384615384615 0.16235632183908047 0.4288461538461538 0.16235632183908047 0.4288461538461538 0.16091954022988506 0.4115384615384615 0.16091954022988506
0 0.1596153846153846 0.625 0.1596153846153846 0.6264367816091954 0.17692307692307693 0.6264367816091954 0.17692307692307693 0.625 0.1596153846153846 0.625
0 0.6057692307692307 0.014367816091954023 0.6057692307692307 0.015804597701149427 0.6115384615384616 0.015804597701149427 0.6115384615384616 0.014367816091954023 0.6057692307692307 0.014367816091954023
0 1.0 0.08333333333333333 1.0 0.08477011494252873 1.0057692307692307 0.08477011494252873 1.0057692307692307 0.08333333333333333 1.0 0.08333333333333333
0 1.2461538461538462 0.1968390804597701 1.2461538461538462 0.19827586206896552 1.25 0.19827586206896552 1.25 0.1968390804597701 1.2461538461538462 0.1968390804597701
0 0.8692307692307693 0.5201149425287356 0.8692307692307693 0.521551724137931 0.8807692307692307 0.521551724137931 0.8807692307692307 0.5201149425287356 0.8692307692307693 0.5201149425287356
0 1.2307692307692308 0.7025862068965517 1.2307692307692308 0.7040229885057471 1.2596153846153846 0.7040229885057471 1.2596153846153846 0.7025862068965517 1.2307692307692308 0.7025862068965517
0 0.9096153846153846 0.23994252873563218 0.9096153846153846 0.2413793103448276 0.925 0.2413793103448276 0.925 0.23994252873563218 0.9096153846153846 0.23994252873563218
0 1.1692307692307693 0.2988505747126437 1.1692307692307693 0.30028735632183906 1.1730769230769231 0.30028735632183906 1.1730769230769231 0.2988505747126437 1.1692307692307693 0.2988505747126437
0 0.7442307692307693 0.0 0.7442307692307693 0.0014367816091954023 0.7692307692307693 0.0014367816091954023 0.7692307692307693 0.0 0.7442307692307693 0.0
0 1.0653846153846154 0.45545977011494254 1.0653846153846154 0.45689655172413796 1.0692307692307692 0.45689655172413796 1.0692307692307692 0.45545977011494254 1.0653846153846154 0.45545977011494254
0 0.7326923076923076 0.02586206896551724 0.7326923076923076 0.027298850574712645 0.7384615384615385 0.027298850574712645 0.7384615384615385 0.02586206896551724 0.7326923076923076 0.02586206896551724
0 0.14807692307692308 0.37787356321839083 0.14807692307692308 0.3793103448275862 0.16346153846153846 0.3793103448275862 0.16346153846153846 0.37787356321839083 0.14807692307692308 0.37787356321839083
0 0.5903846153846154 0.11925287356321838 0.5903846153846154 0.1206896551724138 0.5961538461538461 0.1206896551724138 0.5961538461538461 0.11925287356321838 0.5903846153846154 0.11925287356321838
0 0.9557692307692308 0.24568965517241378 0.9557692307692308 0.2471264367816092 0.9692307692307692 0.2471264367816092 0.9692307692307692 0.24568965517241378 0.9557692307692308 0.24568965517241378
0 1.2942307692307693 0.7227011494252874 1.2942307692307693 0.7241379310344828 1.3076923076923077 0.7241379310344828 1.3076923076923077 0.7227011494252874 1.2942307692307693 0.7227011494252874
0 1.1346153846153846 0.4640804597701149 1.1346153846153846 0.46551724137931033 1.1519230769230768 0.46551724137931033 1.1519230769230768 0.4640804597701149 1.1346153846153846 0.4640804597701149
0 0.025 0.6681034482758621 0.025 0.6695402298850575 0.03461538461538462 0.6695402298850575 0.03461538461538462 0.6681034482758621 0.025 0.6681034482758621
0 0.8673076923076923 0.16522988505747127 0.8673076923076923 0.16666666666666666 0.8826923076923077 0.16666666666666666 0.8826923076923077 0.16522988505747127 0.8673076923076923 0.16522988505747127
0 0.6923076923076923 0.6120689655172413 0.6923076923076923 0.6135057471264368 0.7096153846153846 0.6135057471264368 0.7096153846153846 0.6120689655172413 0.6923076923076923 0.6120689655172413
0 0.17115384615384616 0.25862068965517243 0.17115384615384616 0.2600574712643678 0.17692307692307693 0.2600574712643678 0.17692307692307693 0.25862068965517243 0.17115384615384616 0.25862068965517243
0 1.0269230769230768 0.4899425287356322 1.0269230769230768 0.49137931034482757 1.0346153846153847 0.49137931034482757 1.0346153846153847 0.4899425287356322 1.0269230769230768 0.4899425287356322
0 1.301923076923077 0.22701149425287356 1.301923076923077 0.22844827586206898 1.3096153846153846 0.22844827586206898 1.3096153846153846 0.22701149425287356 1.301923076923077 0.22701149425287356
0 1.2615384615384615 0.05028735632183908 1.2615384615384615 0.05172413793103448 1.2788461538461537 0.05172413793103448 1.2788461538461537 0.05028735632183908 1.2615384615384615 0.05028735632183908
0 0.125 0.34913793103448276 0.125 0.3505747126436782 0.13846153846153847 0.3505747126436782 0.13846153846153847 0.34913793103448276 0.125 0.34913793103448276
0 1.1076923076923078 0.4382183908045977 1.1076923076923078 0.4396551724137931 1.1173076923076923 0.4396551724137931 1.1173076923076923 0.4382183908045977 1.1076923076923078 0.4382183908045977
0 1.0923076923076922 0.2543103448275862 1.0923076923076922 0.2557471264367816 1.0942307692307693 0.2557471264367816 1.0942307692307693 0.2543103448275862 1.0923076923076922 0.2543103448275862
0 0.41923076923076924 0.0 0.41923076923076924 0.0014367816091954023 0.4576923076923077 0.0014367816091954023 0.4576923076923077 0.0 0.41923076923076924 0.0
0 0.9538461538461539 0.022988505747126436 0.9538461538461539 0.02442528735632184 0.9730769230769231 0.02442528735632184 0.9730769230769231 0.022988505747126436 0.9538461538461539 0.022988505747126436
0 0.0038461538461538464 0.021551724137931036 0.0038461538461538464 0.022988505747126436 0.019230769230769232 0.022988505747126436 0.019230769230769232 0.021551724137931036 0.0038461538461538464 0.021551724137931036
0 1.2538461538461538 0.37787356321839083 1.2538461538461538 0.3793103448275862 1.2692307692307692 0.3793103448275862 1.2692307692307692 0.37787356321839083 1.2538461538461538 0.37787356321839083
0 0.9173076923076923 0.24281609195402298 0.9173076923076923 0.2442528735632184 0.9326923076923077 0.2442528735632184 0.9326923076923077 0.24281609195402298 0.9173076923076923 0.24281609195402298
0 0.6211538461538462 0.05172413793103448 0.6211538461538462 0.05316091954022988 0.6230769230769231 0.05316091954022988 0.6230769230769231 0.05172413793103448 0.6211538461538462 0.05172413793103448
0 0.0038461538461538464 0.16666666666666666 0.0038461538461538464 0.16810344827586207 0.019230769230769232 0.16810344827586207 0.019230769230769232 0.16666666666666666 0.0038461538461538464 0.16666666666666666
0 0.3346153846153846 0.040229885057471264 0.3346153846153846 0.041666666666666664 0.33653846153846156 0.041666666666666664 0.33653846153846156 0.040229885057471264 0.3346153846153846 0.040229885057471264
0 1.3 0.07183908045977011 1.3 0.07327586206896551 1.3115384615384615 0.07327586206896551 1.3115384615384615 0.07183908045977011 1.3 0.07183908045977011
0 0.5903846153846154 0.6278735632183908 0.5903846153846154 0.6293103448275862 0.5980769230769231 0.6293103448275862 0.5980769230769231 0.6278735632183908 0.5903846153846154 0.6278735632183908
0 0.8923076923076924 0.1235632183908046 0.8923076923076924 0.125 0.8942307692307693 0.125 0.8942307692307693 0.1235632183908046 0.8923076923076924 0.1235632183908046
0 0.575 0.0 0.575 0.0014367816091954023 0.6038461538461538 0.0014367816091954023 0.6038461538461538 0.0 0.575 0.0
0 0.09615384615384616 0.13218390804597702 0.09615384615384616 0.1336206896551724 0.11538461538461539 0.1336206896551724 0.11538461538461539 0.13218390804597702 0.09615384615384616 0.13218390804597702
0 1.3134615384615385 0.13936781609195403 1.3134615384615385 0.14080459770114942 1.3384615384615384 0.14080459770114942 1.3384615384615384 0.13936781609195403 1.3134615384615385 0.13936781609195403
0 0.4826923076923077 0.6379310344827587 0.4826923076923077 0.639367816091954 0.49230769230769234 0.639367816091954 0.49230769230769234 0.6379310344827587 0.4826923076923077 0.6379310344827587
0 0.026923076923076925 0.1206896551724138 0.026923076923076925 0.1221264367816092 0.038461538461538464 0.1221264367816092 0.038461538461538464 0.1206896551724138 0.026923076923076925 0.1206896551724138
0 0.21923076923076923 0.05747126436781609 0.21923076923076923 0.05890804597701149 0.23461538461538461 0.05890804597701149 0.23461538461538461 0.05747126436781609 0.21923076923076923 0.05747126436781609
0 0.06346153846153846 0.49712643678160917 0.06346153846153846 0.4985632183908046 0.08461538461538462 0.4985632183908046 0.08461538461538462 0.49712643678160917 0.06346153846153846 0.49712643678160917
0 1.0403846153846155 0.5589080459770115 1.0403846153846155 0.5603448275862069 1.0576923076923077 0.5603448275862069 1.0576923076923077 0.5589080459770115 1.0403846153846155 0.5589080459770115
0 0.05961538461538462 0.3045977011494253 0.05961538461538462 0.30603448275862066 0.07115384615384615 0.30603448275862066 0.07115384615384615 0.3045977011494253 0.05961538461538462 0.3045977011494253
0 0.3076923076923077 0.0 0.3076923076923077 0.0014367816091954023 0.3423076923076923 0.0014367816091954023 0.3423076923076923 0.0 0.3076923076923077 0.0
0 1.3115384615384615 0.14224137931034483 1.3115384615384615 0.14367816091954022 1.3384615384615384 0.14367816091954022 1.3384615384615384 0.14224137931034483 1.3115384615384615 0.14224137931034483
0 0.6346153846153846 0.6422413793103449 0.6346153846153846 0.6436781609195402 0.6423076923076924 0.6436781609195402 0.6423076923076924 0.6422413793103449 0.6346153846153846 0.6422413793103449
0 1.0173076923076922 0.10344827586206896 1.0173076923076922 0.10488505747126436 1.0365384615384616 0.10488505747126436 1.0365384615384616 0.10344827586206896 1.0173076923076922 0.10344827586206896
0 0.9115384615384615 0.2686781609195402 0.9115384615384615 0.27011494252873564 0.926923076923077 0.27011494252873564 0.926923076923077 0.2686781609195402 0.9115384615384615 0.2686781609195402
0 0.48653846153846153 0.3692528735632184 0.48653846153846153 0.3706896551724138 0.4980769230769231 0.3706896551724138 0.4980769230769231 0.3692528735632184 0.48653846153846153 0.3692528735632184
0 0.2326923076923077 0.27729885057471265 0.2326923076923077 0.27873563218390807 0.25 0.27873563218390807 0.25 0.27729885057471265 0.2326923076923077 0.27729885057471265
0 0.5192307692307693 0.04310344827586207 0.5192307692307693 0.04454022988505747 0.5307692307692308 0.04454022988505747 0.5307692307692308 0.04310344827586207 0.5192307692307693 0.04310344827586207
0 0.34807692307692306 0.15373563218390804 0.34807692307692306 0.15517241379310345 0.36346153846153845 0.15517241379310345 0.36346153846153845 0.15373563218390804 0.34807692307692306 0.15373563218390804
0 1.0192307692307692 0.47701149425287354 1.0192307692307692 0.47844827586206895 1.0346153846153847 0.47844827586206895 1.0346153846153847 0.47701149425287354 1.0192307692307692 0.47701149425287354
0 1.0980769230769232 0.47126436781609193 1.0980769230769232 0.47270114942528735 1.126923076923077 0.47270114942528735 1.126923076923077 0.47126436781609193 1.0980769230769232 0.47126436781609193
0 0.9192307692307692 0.3764367816091954 0.9192307692307692 0.37787356321839083 0.9423076923076923 0.37787356321839083 0.9423076923076923 0.3764367816091954 0.9192307692307692 0.3764367816091954
0 0.6538461538461539 0.6939655172413793 0.6538461538461539 0.6954022988505747 0.6576923076923077 0.6954022988505747 0.6576923076923077 0.6939655172413793 0.6538461538461539 0.6939655172413793
0 0.9634615384615385 0.5574712643678161 0.9634615384615385 0.5589080459770115 0.9730769230769231 0.5589080459770115 0.9730769230769231 0.5574712643678161 0.9634615384615385 0.5574712643678161
0 0.7807692307692308 0.33045977011494254 0.7807692307692308 0.33189655172413796 0.7961538461538461 0.33189655172413796 0.7961538461538461 0.33045977011494254 0.7807692307692308 0.33045977011494254
0 0.7288461538461538 0.367816091954023 0.7288461538461538 0.3692528735632184 0.7403846153846154 0.3692528735632184 0.7403846153846154 0.367816091954023 0.7288461538461538 0.367816091954023
0 1.3038461538461539 0.15948275862068967 1.3038461538461539 0.16091954022988506 1.3115384615384615 0.16091954022988506 1.3115384615384615 0.15948275862068967 1.3038461538461539 0.15948275862068967
0 0.4288461538461538 0.6120689655172413 0.4288461538461538 0.6135057471264368 0.4403846153846154 0.6135057471264368 0.4403846153846154 0.6120689655172413 0.4288461538461538 0.6120689655172413
0 0.08269230769230769 0.5359195402298851 0.08269230769230769 0.5373563218390804 0.09038461538461538 0.5373563218390804 0.09038461538461538 0.5359195402298851 0.08269230769230769 0.5359195402298851
0 1.2923076923076924 0.30603448275862066 1.2923076923076924 0.3074712643678161 1.2961538461538462 0.3074712643678161 1.2961538461538462 0.30603448275862066 1.2923076923076924 0.30603448275862066
0 1.001923076923077 0.36637931034482757 1.001923076923077 0.367816091954023 1.0134615384615384 0.367816091954023 1.0134615384615384 0.36637931034482757 1.001923076923077 0.36637931034482757
0 0.10192307692307692 0.5560344827586207 0.10192307692307692 0.5574712643678161 0.125 0.5574712643678161 0.125 0.5560344827586207 0.10192307692307692 0.5560344827586207
0 0.9673076923076923 0.2543103448275862 0.9673076923076923 0.2557471264367816 0.9865384615384616 0.2557471264367816 0.9865384615384616 0.2543103448275862 0.9673076923076923 0.2543103448275862
0 0.14038461538461539 0.5258620689655172 0.14038461538461539 0.5272988505747126 0.14807692307692308 0.5272988505747126 0.14807692307692308 0.5258620689655172 0.14038461538461539 0.5258620689655172
0 0.9403846153846154 0.11637931034482758 0.9403846153846154 0.11781609195402298 0.9519230769230769 0.11781609195402298 0.9519230769230769 0.11637931034482758 0.9403846153846154 0.11637931034482758
0 0.7961538461538461 0.7212643678160919 0.7961538461538461 0.7227011494252874 0.8096153846153846 0.7227011494252874 0.8096153846153846 0.7212643678160919 0.7961538461538461 0.7212643678160919
0 0.06346153846153846 0.015804597701149427 0.06346153846153846 0.017241379310344827 0.06538461538461539 0.017241379310344827 0.06538461538461539 0.015804597701149427 0.06346153846153846 0.015804597701149427
0 1.3211538461538461 0.2629310344827586 1.3211538461538461 0.26436781609195403 1.3307692307692307 0.26436781609195403 1.3307692307692307 0.2629310344827586 1.3211538461538461 0.2629310344827586
0 1.0 0.27155172413793105 1.0 0.27298850574712646 1.0038461538461538 0.27298850574712646 1.0038461538461538 0.27155172413793105 1.0 0.27155172413793105
0 0.9230769230769231 0.3045977011494253 0.9230769230769231 0.30603448275862066 0.9288461538461539 0.30603448275862066 0.9288461538461539 0.3045977011494253 0.9230769230769231 0.3045977011494253
0 0.2980769230769231 0.35344827586206895 0.2980769230769231 0.35488505747126436 0.3019230769230769 0.35488505747126436 0.3019230769230769 0.35344827586206895 0.2980769230769231 0.35344827586206895
0 0.31346153846153846 0.3807471264367816 0.31346153846153846 0.382183908045977 0.3192307692307692 0.382183908045977 0.3192307692307692 0.3807471264367816 0.31346153846153846 0.3807471264367816
0 0.125 0.08764367816091954 0.125 0.08908045977011494 0.13653846153846153 0.08908045977011494 0.13653846153846153 0.08764367816091954 0.125 0.08764367816091954
0 1.2865384615384616 0.20114942528735633 1.2865384615384616 0.2025862068965517 1.2942307692307693 0.2025862068965517 1.2942307692307693 0.20114942528735633 1.2865384615384616 0.20114942528735633
0 1.176923076923077 0.08764367816091954 1.176923076923077 0.08908045977011494 1.1807692307692308 0.08908045977011494 1.1807692307692308 0.08764367816091954 1.176923076923077 0.08764367816091954
0 0.20192307692307693 0.735632183908046 0.20192307692307693 0.7370689655172413 0.20576923076923076 0.7370689655172413 0.20576923076923076 0.735632183908046 0.20192307692307693 0.735632183908046
0 1.1346153846153846 0.35201149425287354 1.1346153846153846 0.35344827586206895 1.1423076923076922 0.35344827586206895 1.1423076923076922 0.35201149425287354 1.1346153846153846 0.35201149425287354
0 0.6557692307692308 0.20402298850574713 0.6557692307692308 0.20545977011494254 0.6615384615384615 0.20545977011494254 0.6615384615384615 0.20402298850574713 0.6557692307692308 0.20402298850574713
0 0.038461538461538464 0.6623563218390804 0.038461538461538464 0.6637931034482759 0.04423076923076923 0.6637931034482759 0.04423076923076923 0.6623563218390804 0.038461538461538464 0.6623563218390804
0 0.8653846153846154 0.23563218390804597 0.8653846153846154 0.23706896551724138 0.8711538461538462 0.23706896551724138 0.8711538461538462 0.23563218390804597 0.8653846153846154 0.23563218390804597
0 0.40384615384615385 0.34339080459770116 0.40384615384615385 0.3448275862068966 0.4173076923076923 0.3448275862068966 0.4173076923076923 0.34339080459770116 0.40384615384615385 0.34339080459770116
0 0.33653846153846156 0.39655172413793105 0.33653846153846156 0.39798850574712646 0.35192307692307695 0.39798850574712646 0.35192307692307695 0.39655172413793105 0.33653846153846156 0.39655172413793105
0 1.0192307692307692 0.4482758620689655 1.0192307692307692 0.44971264367816094 1.0346153846153847 0.44971264367816094 1.0346153846153847 0.4482758620689655 1.0192307692307692 0.4482758620689655
0 0.1596153846153846 0.5948275862068966 0.1596153846153846 0.5962643678160919 0.16538461538461538 0.5962643678160919 0.16538461538461538 0.5948275862068966 0.1596153846153846 0.5948275862068966
0 0.3384615384615385 0.19827586206896552 0.3384615384615385 0.1997126436781609 0.34807692307692306 0.1997126436781609 0.34807692307692306 0.19827586206896552 0.3384615384615385 0.19827586206896552
0 0.021153846153846155 0.632183908045977 0.021153846153846155 0.6336206896551724 0.026923076923076925 0.6336206896551724 0.026923076923076925 0.632183908045977 0.021153846153846155 0.632183908045977
0 0.21923076923076923 0.6537356321839081 0.21923076923076923 0.6551724137931034 0.2326923076923077 0.6551724137931034 0.2326923076923077 0.6537356321839081 0.21923076923076923 0.6537356321839081
0 0.575 0.1810344827586207 0.575 0.1824712643678161 0.5942307692307692 0.1824712643678161 0.5942307692307692 0.1810344827586207 0.575 0.1810344827586207
0 0.125 0.367816091954023 0.125 0.3692528735632184 0.12884615384615383 0.3692528735632184 0.12884615384615383 0.367816091954023 0.125 0.367816091954023
0 0.051923076923076926 0.22701149425287356 0.051923076923076926 0.22844827586206898 0.057692307692307696 0.22844827586206898 0.057692307692307696 0.22701149425287356 0.051923076923076926 0.22701149425287356
0 0.5230769230769231 0.07902298850574713 0.5230769230769231 0.08045977011494253 0.5423076923076923 0.08045977011494253 0.5423076923076923 0.07902298850574713 0.5230769230769231 0.07902298850574713
0 1.2423076923076923 0.08908045977011494 1.2423076923076923 0.09051724137931035 1.2442307692307693 0.09051724137931035 1.2442307692307693 0.08908045977011494 1.2423076923076923 0.08908045977011494
0 0.49230769230769234 0.7068965517241379 0.49230769230769234 0.7083333333333334 0.49615384615384617 0.7083333333333334 0.49615384615384617 0.7068965517241379 0.49230769230769234 0.7068965517241379
0 1.001923076923077 0.004310344827586207 1.001923076923077 0.005747126436781609 1.0076923076923077 0.005747126436781609 1.0076923076923077 0.004310344827586207 1.001923076923077 0.004310344827586207
0 1.0173076923076922 0.4367816091954023 1.0173076923076922 0.4382183908045977 1.0307692307692307 0.4382183908045977 1.0307692307692307 0.4367816091954023 1.0173076923076922 0.4367816091954023