0 1.0576923076923077 0.1206896551724138 1.0576923076923077 0.1221264367816092 1.0788461538461538 0.1221264367816092 1.0788461538461538 0.1206896551724138 1.0576923076923077 0.1206896551724138
0 0.8865384615384615 0.33764367816091956 0.8865384615384615 0.3390804597701149 0.8961538461538462 0.3390804597701149 0.8961538461538462 0.33764367816091956 0.8865384615384615 0.33764367816091956
0 1.0 0.7040229885057471 1.0 0.7054597701149425 1.0115384615384615 0.7054597701149425 1.0115384615384615 0.7040229885057471 1.0 0.7040229885057471
0 0.43846153846153846 0.23275862068965517 0.43846153846153846 0.23419540229885058 0.4634615384615385 0.23419540229885058 0.4634615384615385 0.23275862068965517 0.43846153846153846 0.23275862068965517
0 0.7942307692307692 0.5 0.7942307692307692 0.5014367816091954 0.823076923076923 0.5014367816091954 0.823076923076923 0.5 0.7942307692307692 0.5
0 1.0480769230769231 0.7112068965517241 1.0480769230769231 0.7126436781609196 1.0788461538461538 0.7126436781609196 1.0788461538461538 0.7112068965517241 1.0480769230769231 0.7112068965517241
0 0.15 0.33045977011494254 0.15 0.33189655172413796 0.15384615384615385 0.33189655172413796 0.15384615384615385 0.33045977011494254 0.15 0.33045977011494254
0 0.19230769230769232 0.10201149425287356 0.19230769230769232 0.10344827586206896 0.21153846153846154 0.10344827586206896 0.21153846153846154 0.10201149425287356 0.19230769230769232 0.10201149425287356
0 0.6826923076923077 0.4899425287356322 0.6826923076923077 0.49137931034482757 0.7019230769230769 0.49137931034482757 0.7019230769230769 0.4899425287356322 0.6826923076923077 0.4899425287356322
0 0.4346153846153846 0.0 0.4346153846153846 0.0014367816091954023 0.5769230769230769 0.0014367816091954023 0.5769230769230769 0.0 0.4346153846153846 0.0
0 0.7076923076923077 0.004310344827586207 0.7076923076923077 0.005747126436781609 0.7153846153846154 0.005747126436781609 0.7153846153846154 0.004310344827586207 0.7076923076923077 0.004310344827586207
0 1.323076923076923 0.1896551724137931 1.323076923076923 0.1910919540229885 1.325 0.1910919540229885 1.325 0.1896551724137931 1.323076923076923 0.1896551724137931
0 0.1673076923076923 0.2974137931034483 0.1673076923076923 0.2988505747126437 0.19615384615384615 0.2988505747126437 0.19615384615384615 0.2974137931034483 0.1673076923076923 0.2974137931034483
0 0.6057692307692307 0.33477011494252873 0.6057692307692307 0.33620689655172414 0.6115384615384616 0.33620689655172414 0.6115384615384616 0.33477011494252873 0.6057692307692307 0.33477011494252873
0 0.8192307692307692 0.6882183908045977 0.8192307692307692 0.6896551724137931 0.8326923076923077 0.6896551724137931 0.8326923076923077 0.6882183908045977 0.8192307692307692 0.6882183908045977
0 0.015384615384615385 0.46264367816091956 0.015384615384615385 0.4640804597701149 0.021153846153846155 0.4640804597701149 0.021153846153846155 0.46264367816091956 0.015384615384615385 0.46264367816091956
0 0.35384615384615387 0.6479885057471264 0.35384615384615387 0.6494252873563219 0.3557692307692308 0.6494252873563219 0.3557692307692308 0.6479885057471264 0.35384615384615387 0.6479885057471264
0 0.007692307692307693 0.3290229885057471 0.007692307692307693 0.33045977011494254 0.015384615384615385 0.33045977011494254 0.015384615384615385 0.3290229885057471 0.007692307692307693 0.3290229885057471
0 0.3211538461538462 0.15948275862068967 0.3211538461538462 0.16091954022988506 0.34807692307692306 0.16091954022988506 0.34807692307692306 0.15948275862068967 0.3211538461538462 0.15948275862068967
0 0.7692307692307693 0.21551724137931033 0.7692307692307693 0.21695402298850575 0.7807692307692308 0.21695402298850575 0.7807692307692308 0.21551724137931033 0.7692307692307693 0.21551724137931033
0 0.3923076923076923 0.09339080459770115 0.3923076923076923 0.09482758620689655 0.4173076923076923 0.09482758620689655 0.4173076923076923 0.09339080459770115 0.3923076923076923 0.09339080459770115
0 0.2173076923076923 0.0 0.2173076923076923 0.0014367816091954023 0.35 0.0014367816091954023 0.35 0.0 0.2173076923076923 0.0
0 0.4596153846153846 0.23563218390804597 0.4596153846153846 0.23706896551724138 0.4807692307692308 0.23706896551724138 0.4807692307692308 0.23563218390804597 0.4596153846153846 0.23563218390804597
0 0.19423076923076923 0.07902298850574713 0.19423076923076923 0.08045977011494253 0.2230769230769231 0.08045977011494253 0.2230769230769231 0.07902298850574713 0.19423076923076923 0.07902298850574713
0 0.3730769230769231 0.39798850574712646 0.3730769230769231 0.3994252873563218 0.3942307692307692 0.3994252873563218 0.3942307692307692 0.39798850574712646 0.3730769230769231 0.39798850574712646
0 0.225 0.23275862068965517 0.225 0.23419540229885058 0.23461538461538461 0.23419540229885058 0.23461538461538461 0.23275862068965517 0.225 0.23275862068965517
0 0.775 0.5732758620689655 0.775 0.5747126436781609 0.801923076923077 0.5747126436781609 0.801923076923077 0.5732758620689655 0.775 0.5732758620689655
0 0.3384615384615385 0.09195402298850575 0.3384615384615385 0.09339080459770115 0.3596153846153846 0.09339080459770115 0.3596153846153846 0.09195402298850575 0.3384615384615385 0.09195402298850575
0 0.5288461538461539 0.4367816091954023 0.5288461538461539 0.4382183908045977 0.5461538461538461 0.4382183908045977 0.5461538461538461 0.4367816091954023 0.5288461538461539 0.4367816091954023
0 0.6865384615384615 0.19540229885057472 0.6865384615384615 0.1968390804597701 0.7038461538461539 0.1968390804597701 0.7038461538461539 0.19540229885057472 0.6865384615384615 0.19540229885057472
0 0.9730769230769231 0.5775862068965517 0.9730769230769231 0.5790229885057471 0.9846153846153847 0.5790229885057471 0.9846153846153847 0.5775862068965517 0.9730769230769231 0.5775862068965517
0 1.123076923076923 0.034482758620689655 1.123076923076923 0.035919540229885055 1.1384615384615384 0.035919540229885055 1.1384615384615384 0.034482758620689655 1.123076923076923 0.034482758620689655