0 1.0859375 0.565625 1.0859375 0.56875 1.109375 0.56875 1.109375 0.565625 1.0859375 0.565625
0 0.46484375 0.653125 0.46484375 0.65625 0.50390625 0.65625 0.50390625 0.653125 0.46484375 0.653125
0 0.8203125 0.634375 0.8203125 0.6375 0.84765625 0.6375 0.84765625 0.634375 0.8203125 0.634375
0 0.65234375 0.025 0.65234375 0.028125 0.703125 0.028125 0.703125 0.025 0.65234375 0.025
0 0.4609375 0.478125 0.4609375 0.48125 0.4921875 0.48125 0.4921875 0.478125 0.4609375 0.478125
0 0.48046875 0.290625 0.48046875 0.29375 0.515625 0.29375 0.515625 0.290625 0.48046875 0.290625
0 0.75 0.340625 0.75 0.34375 0.765625 0.34375 0.765625 0.340625 0.75 0.340625
0 0.5078125 0.215625 0.5078125 0.21875 0.515625 0.21875 0.515625 0.215625 0.5078125 0.215625
0 0.84765625 0.428125 0.84765625 0.43125 0.921875 0.43125 0.921875 0.428125 0.84765625 0.428125
0 0.58203125 0.05 0.58203125 0.053125 0.6015625 0.053125 0.6015625 0.05 0.58203125 0.05
0 0.26953125 0.409375 0.26953125 0.4125 0.296875 0.4125 0.296875 0.409375 0.26953125 0.409375
0 0.32421875 0.153125 0.32421875 0.15625 0.37109375 0.15625 0.37109375 0.153125 0.32421875 0.153125
0 0.80859375 0.70625 0.80859375 0.709375 0.84375 0.709375 0.84375 0.70625 0.80859375 0.70625
0 0.01953125 0.5875 0.01953125 0.590625 0.05859375 0.590625 0.05859375 0.5875 0.01953125 0.5875
0 1.1328125 0.45625 1.1328125 0.459375 1.16015625 0.459375 1.16015625 0.45625 1.1328125 0.45625
0 0.1640625 0.734375 0.1640625 0.7375 0.21875 0.7375 0.21875 0.734375 0.1640625 0.734375
0 1.140625 0.078125 1.140625 0.08125 1.1640625 0.08125 1.1640625 0.078125 1.140625 0.078125
0 0.84765625 0.7875 0.84765625 0.790625 0.87890625 0.790625 0.87890625 0.7875 0.84765625 0.7875
0 0.890625 0.771875 0.890625 0.775 0.90234375 0.775 0.90234375 0.771875 0.890625 0.771875
0 0.81640625 0.5375 0.81640625 0.540625 0.83984375 0.540625 0.83984375 0.5375 0.81640625 0.5375
0 0.6953125 0.0 0.6953125 0.003125 0.765625 0.003125 0.765625 0.0 0.6953125 0.0
0 1.0234375 0.2625 1.0234375 0.265625 1.03515625 0.265625 1.03515625 0.2625 1.0234375 0.2625
0 0.02734375 0.184375 0.02734375 0.1875 0.05078125 0.1875 0.05078125 0.184375 0.02734375 0.184375
0 0.61328125 0.746875 0.61328125 0.75 0.6328125 0.75 0.6328125 0.746875 0.61328125 0.746875
0 1.03515625 0.11875 1.03515625 0.121875 1.06640625 0.121875 1.06640625 0.11875 1.03515625 0.11875
0 0.5 0.29375 0.5 0.296875 0.50390625 0.296875 0.50390625 0.29375 0.5 0.29375
0 0.62890625 0.028125 0.62890625 0.03125 0.65234375 0.03125 0.65234375 0.028125 0.62890625 0.028125
0 0.8203125 0.6 0.8203125 0.603125 0.8671875 0.603125 0.8671875 0.6 0.8203125 0.6
0 0.01953125 0.396875 0.01953125 0.4 0.0546875 0.4 0.0546875 0.396875 0.01953125 0.396875
0 0.1484375 0.171875 0.1484375 0.175 0.18359375 0.175 0.18359375 0.171875 0.1484375 0.171875
0 0.8359375 0.209375 0.8359375 0.2125 0.859375 0.2125 0.859375 0.209375 0.8359375 0.209375
0 0.58203125 0.253125 0.58203125 0.25625 0.6015625 0.25625 0.6015625 0.253125 0.58203125 0.253125
0 0.44140625 0.76875 0.44140625 0.771875 0.48828125 0.771875 0.48828125 0.76875 0.44140625 0.76875
0 0.5078125 0.0 0.5078125 0.003125 0.609375 0.003125 0.609375 0.0 0.5078125 0.0
0 0.52734375 0.73125 0.52734375 0.734375 0.5546875 0.734375 0.5546875 0.73125 0.52734375 0.73125
0 0.40625 0.775 0.40625 0.778125 0.42578125 0.778125 0.42578125 0.775 0.40625 0.775
0 0.859375 0.778125 0.859375 0.78125 0.88671875 0.78125 0.88671875 0.778125 0.859375 0.778125
0 0.3359375 0.684375 0.3359375 0.6875 0.375 0.6875 0.375 0.684375 0.3359375 0.684375
0 0.95703125 0.78125 0.95703125 0.784375 0.98046875 0.784375 0.98046875 0.78125 0.95703125 0.78125
0 0.01953125 0.740625 0.01953125 0.74375 0.0390625 0.74375 0.0390625 0.740625 0.01953125 0.740625
0 0.61328125 0.621875 0.61328125 0.625 0.62890625 0.625 0.62890625 0.621875 0.61328125 0.621875
0 1.203125 0.31875 1.203125 0.321875 1.2109375 0.321875 1.2109375 0.31875 1.203125 0.31875
0 0.83203125 0.03125 0.83203125 0.034375 0.8515625 0.034375 0.8515625 0.03125 0.83203125 0.03125
0 0.40234375 0.59375 0.40234375 0.596875 0.4453125 0.596875 0.4453125 0.59375 0.40234375 0.59375
0 0.51171875 0.028125 0.51171875 0.03125 0.52734375 0.03125 0.52734375 0.028125 0.51171875 0.028125
0 0.33203125 0.71875 0.33203125 0.721875 0.34765625 0.721875 0.34765625 0.71875 0.33203125 0.71875
0 1.2421875 0.246875 1.2421875 0.25 1.25 0.25 1.25 0.246875 1.2421875 0.246875
0 0.609375 0.0 0.609375 0.003125 0.6953125 0.003125 0.6953125 0.0 0.609375 0.0
0 1.0 0.65 1.0 0.653125 1.015625 0.653125 1.015625 0.65 1.0 0.65
0 0.57421875 0.775 0.57421875 0.778125 0.609375 0.778125 0.609375 0.775 0.57421875 0.775
0 0.6953125 0.225 0.6953125 0.228125 0.72265625 0.228125 0.72265625 0.225 0.6953125 0.225
0 0.9296875 0.084375 0.9296875 0.0875 0.9453125 0.0875 0.9453125 0.084375 0.9296875 0.084375
0 0.36328125 0.24375 0.36328125 0.246875 0.40234375 0.246875 0.40234375 0.24375 0.36328125 0.24375
0 0.65234375 0.68125 0.65234375 0.684375 0.6796875 0.684375 0.6796875 0.68125 0.65234375 0.68125
0 1.01953125 0.16875 1.01953125 0.171875 1.0546875 0.171875 1.0546875 0.16875 1.01953125 0.16875
0 0.140625 0.14375 0.140625 0.146875 0.1875 0.146875 0.1875 0.14375 0.140625 0.14375
0 0.41796875 0.253125 0.41796875 0.25625 0.43359375 0.25625 0.43359375 0.253125 0.41796875 0.253125
0 0.36328125 0.44375 0.36328125 0.446875 0.3984375 0.446875 0.3984375 0.44375 0.36328125 0.44375
0 0.9609375 0.0 0.9609375 0.003125 1.0 0.003125 1.0 0.0 0.9609375 0.0
0 0.765625 0.0 0.765625 0.003125 0.875 0.003125 0.875 0.0 0.765625 0.0