0 1.0 0.375 1.0 0.3765625 1.005859375 0.3765625 1.005859375 0.375 1.0 0.375
0 1.046875 0.15 1.046875 0.1515625 1.052734375 0.1515625 1.052734375 0.15 1.046875 0.15
0 0.20703125 0.4421875 0.20703125 0.44375 0.216796875 0.44375 0.216796875 0.4421875 0.20703125 0.4421875
0 0.2265625 0.6359375 0.2265625 0.6375 0.23046875 0.6375 0.23046875 0.6359375 0.2265625 0.6359375
0 1.1171875 0.3984375 1.1171875 0.4 1.12109375 0.4 1.12109375 0.3984375 1.1171875 0.3984375
0 0.1015625 0.63125 0.1015625 0.6328125 0.10546875 0.6328125 0.10546875 0.63125 0.1015625 0.63125
0 0.869140625 0.659375 0.869140625 0.6609375 0.91015625 0.6609375 0.91015625 0.659375 0.869140625 0.659375
0 0.234375 0.0421875 0.234375 0.04375 0.240234375 0.04375 0.240234375 0.0421875 0.234375 0.0421875
0 0.392578125 0.6828125 0.392578125 0.684375 0.419921875 0.684375 0.419921875 0.6828125 0.392578125 0.6828125
0 1.17578125 0.15625 1.17578125 0.1578125 1.21484375 0.1578125 1.21484375 0.15625 1.17578125 0.15625
0 0.1875 0.3046875 0.1875 0.30625 0.19140625 0.30625 0.19140625 0.3046875 0.1875 0.3046875
0 0.85546875 0.2828125 0.85546875 0.284375 0.859375 0.284375 0.859375 0.2828125 0.85546875 0.2828125
0 0.021484375 0.7609375 0.021484375 0.7625 0.0234375 0.7625 0.0234375 0.7609375 0.021484375 0.7609375
0 1.013671875 0.3109375 1.013671875 0.3125 1.041015625 0.3125 1.041015625 0.3109375 1.013671875 0.3109375
0 0.876953125 0.365625 0.876953125 0.3671875 0.90625 0.3671875 0.90625 0.365625 0.876953125 0.365625
0 0.861328125 0.684375 0.861328125 0.6859375 0.86328125 0.6859375 0.86328125 0.684375 0.861328125 0.684375
0 1.048828125 0.628125 1.048828125 0.6296875 1.05078125 0.6296875 1.05078125 0.628125 1.048828125 0.628125
0 0.4609375 0.21875 0.4609375 0.2203125 0.46484375 0.2203125 0.46484375 0.21875 0.4609375 0.21875
0 0.984375 0.6984375 0.984375 0.7 0.98828125 0.7 0.98828125 0.6984375 0.984375 0.6984375
0 0.583984375 0.3171875 0.583984375 0.31875 0.587890625 0.31875 0.587890625 0.3171875 0.583984375 0.3171875
0 1.140625 0.21875 1.140625 0.2203125 1.14453125 0.2203125 1.14453125 0.21875 1.140625 0.21875
0 0.67578125 0.284375 0.67578125 0.2859375 0.6875 0.2859375 0.6875 0.284375 0.67578125 0.284375
0 0.63671875 0.2703125 0.63671875 0.271875 0.65625 0.271875 0.65625 0.2703125 0.63671875 0.2703125
0 0.25 0.7296875 0.25 0.73125 0.25390625 0.73125 0.25390625 0.7296875 0.25 0.7296875
0 0.478515625 0.096875 0.478515625 0.0984375 0.4921875 0.0984375 0.4921875 0.096875 0.478515625 0.096875
0 0.34765625 0.0125 0.34765625 0.0140625 0.376953125 0.0140625 0.376953125 0.0125 0.34765625 0.0125
0 0.0625 0.1015625 0.0625 0.103125 0.091796875 0.103125 0.091796875 0.1015625 0.0625 0.1015625
0 0.6171875 0.4046875 0.6171875 0.40625 0.630859375 0.40625 0.630859375 0.4046875 0.6171875 0.4046875
0 1.21484375 0.7375 1.21484375 0.7390625 1.21875 0.7390625 1.21875 0.7375 1.21484375 0.7375
0 0.259765625 0.4796875 0.259765625 0.48125 0.263671875 0.48125 0.263671875 0.4796875 0.259765625 0.4796875
0 0.79296875 0.4484375 0.79296875 0.45 0.794921875 0.45 0.794921875 0.4484375 0.79296875 0.4484375
0 1.044921875 0.03125 1.044921875 0.0328125 1.05078125 0.0328125 1.05078125 0.03125 1.044921875 0.03125
0 0.728515625 0.1390625 0.728515625 0.140625 0.748046875 0.140625 0.748046875 0.1390625 0.728515625 0.1390625
0 0.962890625 0.0 0.962890625 0.0015625 1.0 0.0015625 1.0 0.0 0.962890625 0.0
0 0.484375 0.4046875 0.484375 0.40625 0.486328125 0.40625 0.486328125 0.4046875 0.484375 0.4046875
0 0.265625 0.5515625 0.265625 0.553125 0.267578125 0.553125 0.267578125 0.5515625 0.265625 0.5515625
0 0.5 0.00625 0.5 0.0078125 0.50390625 0.0078125 0.50390625 0.00625 0.5 0.00625