0 0.01171875 0.271875 0.01171875 0.275 0.0546875 0.275 0.0546875 0.271875 0.01171875 0.271875
0 1.15234375 0.0375 1.15234375 0.040625 1.16796875 0.040625 1.16796875 0.0375 1.15234375 0.0375
0 0.62890625 0.26875 0.62890625 0.271875 0.66015625 0.271875 0.66015625 0.26875 0.62890625 0.26875
0 0.1484375 0.6125 0.1484375 0.615625 0.1640625 0.615625 0.1640625 0.6125 0.1484375 0.6125
0 0.78125 0.521875 0.78125 0.525 0.79296875 0.525 0.79296875 0.521875 0.78125 0.521875
0 0.140625 0.3625 0.140625 0.365625 0.1484375 0.365625 0.1484375 0.3625 0.140625 0.3625
0 0.72265625 0.10625 0.72265625 0.109375 0.73828125 0.109375 0.73828125 0.10625 0.72265625 0.10625
0 0.1953125 0.359375 0.1953125 0.3625 0.20703125 0.3625 0.20703125 0.359375 0.1953125 0.359375
0 0.4453125 0.0 0.4453125 0.003125 0.53515625 0.003125 0.53515625 0.0 0.4453125 0.0
0 0.578125 0.5875 0.578125 0.590625 0.62890625 0.590625 0.62890625 0.5875 0.578125 0.5875
0 0.9609375 0.596875 0.9609375 0.6 0.98046875 0.6 0.98046875 0.596875 0.9609375 0.596875
0 0.2734375 0.296875 0.2734375 0.3 0.29296875 0.3 0.29296875 0.296875 0.2734375 0.296875
0 1.03515625 0.121875 1.03515625 0.125 1.04296875 0.125 1.04296875 0.121875 1.03515625 0.121875
0 0.94921875 0.08125 0.94921875 0.084375 0.96484375 0.084375 0.96484375 0.08125 0.94921875 0.08125
0 0.75 0.040625 0.75 0.04375 0.76171875 0.04375 0.76171875 0.040625 0.75 0.040625
0 0.56640625 0.396875 0.56640625 0.4 0.57421875 0.4 0.57421875 0.396875 0.56640625 0.396875
0 0.74609375 0.03125 0.74609375 0.034375 0.7734375 0.034375 0.7734375 0.03125 0.74609375 0.03125
0 1.0703125 0.44375 1.0703125 0.446875 1.09375 0.446875 1.09375 0.44375 1.0703125 0.44375
0 0.08203125 0.0 0.08203125 0.003125 0.1640625 0.003125 0.1640625 0.0 0.08203125 0.0
0 0.84375 0.246875 0.84375 0.25 0.8515625 0.25 0.8515625 0.246875 0.84375 0.246875
0 0.1875 0.54375 0.1875 0.546875 0.20703125 0.546875 0.20703125 0.54375 0.1875 0.54375
0 1.20703125 0.259375 1.20703125 0.2625 1.234375 0.2625 1.234375 0.259375 1.20703125 0.259375
0 0.1875 0.690625 0.1875 0.69375 0.203125 0.69375 0.203125 0.690625 0.1875 0.690625
0 0.296875 0.640625 0.296875 0.64375 0.30859375 0.64375 0.30859375 0.640625 0.296875 0.640625
0 1.14453125 0.28125 1.14453125 0.284375 1.171875 0.284375 1.171875 0.28125 1.14453125 0.28125
0 0.0390625 0.11875 0.0390625 0.121875 0.05078125 0.121875 0.05078125 0.11875 0.0390625 0.11875
0 0.6015625 0.159375 0.6015625 0.1625 0.62890625 0.1625 0.62890625 0.159375 0.6015625 0.159375
0 0.359375 0.55625 0.359375 0.559375 0.37109375 0.559375 0.37109375 0.55625 0.359375 0.55625
0 0.73828125 0.765625 0.73828125 0.76875 0.75 0.76875 0.75 0.765625 0.73828125 0.765625
0 0.01953125 0.084375 0.01953125 0.0875 0.03125 0.0875 0.03125 0.084375 0.01953125 0.084375
0 0.75 0.49375 0.75 0.496875 0.79296875 0.496875 0.79296875 0.49375 0.75 0.49375
0 0.95703125 0.171875 0.95703125 0.175 0.98828125 0.175 0.98828125 0.171875 0.95703125 0.171875
0 1.046875 0.33125 1.046875 0.334375 1.0703125 0.334375 1.0703125 0.33125 1.046875 0.33125
0 0.37890625 0.040625 0.37890625 0.04375 0.40234375 0.04375 0.40234375 0.040625 0.37890625 0.040625
0 0.53515625 0.059375 0.53515625 0.0625 0.5546875 0.0625 0.5546875 0.059375 0.53515625 0.059375
0 0.96484375 0.7125 0.96484375 0.715625 0.9765625 0.715625 0.9765625 0.7125 0.96484375 0.7125
0 0.359375 0.50625 0.359375 0.509375 0.37109375 0.509375 0.37109375 0.50625 0.359375 0.50625
0 0.31640625 0.384375 0.31640625 0.3875 0.328125 0.3875 0.328125 0.384375 0.31640625 0.384375
0 0.09765625 0.303125 0.09765625 0.30625 0.1171875 0.30625 0.1171875 0.303125 0.09765625 0.303125
0 0.28515625 0.025 0.28515625 0.028125 0.31640625 0.028125 0.31640625 0.025 0.28515625 0.025
0 0.70703125 0.565625 0.70703125 0.56875 0.71484375 0.56875 0.71484375 0.565625 0.70703125 0.565625
0 0.17578125 0.434375 0.17578125 0.4375 0.19140625 0.4375 0.19140625 0.434375 0.17578125 0.434375
0 0.36328125 0.171875 0.36328125 0.175 0.38671875 0.175 0.38671875 0.171875 0.36328125 0.171875
0 0.12890625 0.528125 0.12890625 0.53125 0.14453125 0.53125 0.14453125 0.528125 0.12890625 0.528125
0 0.05078125 0.325 0.05078125 0.328125 0.06640625 0.328125 0.06640625 0.325 0.05078125 0.325
0 0.95703125 0.440625 0.95703125 0.44375 1.00390625 0.44375 1.00390625 0.440625 0.95703125 0.440625
0 0.32421875 0.58125 0.32421875 0.584375 0.34765625 0.584375 0.34765625 0.58125 0.32421875 0.58125
0 0.07421875 0.665625 0.07421875 0.66875 0.09765625 0.66875 0.09765625 0.665625 0.07421875 0.665625
0 0.8359375 0.375 0.8359375 0.378125 0.8515625 0.378125 0.8515625 0.375 0.8359375 0.375
0 0.53515625 0.621875 0.53515625 0.625 0.546875 0.625 0.546875 0.621875 0.53515625 0.621875
0 0.484375 0.225 0.484375 0.228125 0.5078125 0.228125 0.5078125 0.225 0.484375 0.225
0 1.1640625 0.2375 1.1640625 0.240625 1.17578125 0.240625 1.17578125 0.2375 1.1640625 0.2375
0 1.109375 0.590625 1.109375 0.59375 1.1171875 0.59375 1.1171875 0.590625 1.109375 0.590625
0 0.00390625 0.2125 0.00390625 0.215625 0.01953125 0.215625 0.01953125 0.2125 0.00390625 0.2125
0 0.35546875 0.109375 0.35546875 0.1125 0.375 0.1125 0.375 0.109375 0.35546875 0.109375
0 0.890625 0.33125 0.890625 0.334375 0.90234375 0.334375 0.90234375 0.33125 0.890625 0.33125
0 0.60546875 0.771875 0.60546875 0.775 0.6171875 0.775 0.6171875 0.771875 0.60546875 0.771875
0 0.953125 0.315625 0.953125 0.31875 0.98046875 0.31875 0.98046875 0.315625 0.953125 0.315625
0 0.9296875 0.475 0.9296875 0.478125 0.96875 0.478125 0.96875 0.475 0.9296875 0.475
0 0.375 0.378125 0.375 0.38125 0.40234375 0.38125 0.40234375 0.378125 0.375 0.378125
0 0.6171875 0.48125 0.6171875 0.484375 0.640625 0.484375 0.640625 0.48125 0.6171875 0.48125
0 0.0625 0.0375 0.0625 0.040625 0.09765625 0.040625 0.09765625 0.0375 0.0625 0.0375
0 0.8046875 0.340625 0.8046875 0.34375 0.82421875 0.34375 0.82421875 0.340625 0.8046875 0.340625
0 0.30859375 0.621875 0.30859375 0.625 0.3203125 0.625 0.3203125 0.621875 0.30859375 0.621875
0 0.12109375 0.334375 0.12109375 0.3375 0.140625 0.3375 0.140625 0.334375 0.12109375 0.334375
0 0.17578125 0.14375 0.17578125 0.146875 0.1953125 0.146875 0.1953125 0.14375 0.17578125 0.14375
0 0.9765625 0.6375 0.9765625 0.640625 0.98828125 0.640625 0.98828125 0.6375 0.9765625 0.6375
0 0.7578125 0.33125 0.7578125 0.334375 0.78515625 0.334375 0.78515625 0.33125 0.7578125 0.33125
0 0.76953125 0.325 0.76953125 0.328125 0.7890625 0.328125 0.7890625 0.325 0.76953125 0.325
0 0.890625 0.765625 0.890625 0.76875 0.90234375 0.76875 0.90234375 0.765625 0.890625 0.765625
0 0.5 0.11875 0.5 0.121875 0.50390625 0.121875 0.50390625 0.11875 0.5 0.11875
0 0.82421875 0.0 0.82421875 0.003125 0.8984375 0.003125 0.8984375 0.0 0.82421875 0.0
0 1.2421875 0.2875 1.2421875 0.290625 1.25 0.290625 1.25 0.2875 1.2421875 0.2875
0 1.06640625 0.540625 1.06640625 0.54375 1.08203125 0.54375 1.08203125 0.540625 1.06640625 0.540625
0 1.14453125 0.5 1.14453125 0.503125 1.15234375 0.503125 1.15234375 0.5 1.14453125 0.5
0 0.90234375 0.6125 0.90234375 0.615625 0.93359375 0.615625 0.93359375 0.6125 0.90234375 0.6125
0 1.0703125 0.140625 1.0703125 0.14375 1.0859375 0.14375 1.0859375 0.140625 1.0703125 0.140625
0 0.28125 0.50625 0.28125 0.509375 0.31640625 0.509375 0.31640625 0.50625 0.28125 0.50625
0 1.15625 0.046875 1.15625 0.05 1.171875 0.05 1.171875 0.046875 1.15625 0.046875
0 0.9453125 0.1625 0.9453125 0.165625 0.97265625 0.165625 0.97265625 0.1625 0.9453125 0.1625
0 0.24609375 0.0 0.24609375 0.003125 0.30859375 0.003125 0.30859375 0.0 0.24609375 0.0
0 0.6328125 0.684375 0.6328125 0.6875 0.640625 0.6875 0.640625 0.684375 0.6328125 0.684375
0 1.15234375 0.253125 1.15234375 0.25625 1.1953125 0.25625 1.1953125 0.253125 1.15234375 0.253125
0 0.12890625 0.028125 0.12890625 0.03125 0.140625 0.03125 0.140625 0.028125 0.12890625 0.028125
0 0.734375 0.115625 0.734375 0.11875 0.74609375 0.11875 0.74609375 0.115625 0.734375 0.115625
0 0.3359375 0.365625 0.3359375 0.36875 0.359375 0.36875 0.359375 0.365625 0.3359375 0.365625
0 0.13671875 0.0875 0.13671875 0.090625 0.171875 0.090625 0.171875 0.0875 0.13671875 0.0875
0 0.046875 0.178125 0.046875 0.18125 0.05078125 0.18125 0.05078125 0.178125 0.046875 0.178125