0 1.01953125 0.45625 1.01953125 0.459375 1.05078125 0.459375 1.05078125 0.45625 1.01953125 0.45625
0 0.265625 0.425 0.265625 0.428125 0.296875 0.428125 0.296875 0.425 0.265625 0.425
0 0.46875 0.315625 0.46875 0.31875 0.484375 0.31875 0.484375 0.315625 0.46875 0.315625
0 0.875 0.3375 0.875 0.340625 0.90625 0.340625 0.90625 0.3375 0.875 0.3375
0 0.66015625 0.434375 0.66015625 0.4375 0.671875 0.4375 0.671875 0.434375 0.66015625 0.434375
0 0.47265625 0.45 0.47265625 0.453125 0.51171875 0.453125 0.51171875 0.45 0.47265625 0.45
0 0.234375 0.425 0.234375 0.428125 0.25 0.428125 0.25 0.425 0.234375 0.425
0 0.5 0.415625 0.5 0.41875 0.515625 0.41875 0.515625 0.415625 0.5 0.415625
0 0.52734375 0.334375 0.52734375 0.3375 0.53515625 0.3375 0.53515625 0.334375 0.52734375 0.334375
0 0.98046875 0.278125 0.98046875 0.28125 0.99609375 0.28125 0.99609375 0.278125 0.98046875 0.278125
0 0.94140625 0.575 0.94140625 0.578125 0.98828125 0.578125 0.98828125 0.575 0.94140625 0.575
0 0.3828125 0.221875 0.3828125 0.225 0.40234375 0.225 0.40234375 0.221875 0.3828125 0.221875
0 0.19140625 0.3375 0.19140625 0.340625 0.2109375 0.340625 0.2109375 0.3375 0.19140625 0.3375
0 1.09375 0.1625 1.09375 0.165625 1.12109375 0.165625 1.12109375 0.1625 1.09375 0.1625
0 0.47265625 0.38125 0.47265625 0.384375 0.5 0.384375 0.5 0.38125 0.47265625 0.38125
0 0.25 0.221875 0.25 0.225 0.2578125 0.225 0.2578125 0.221875 0.25 0.221875
0 0.140625 0.496875 0.140625 0.5 0.1484375 0.5 0.1484375 0.496875 0.140625 0.496875
0 0.35546875 0.225 0.35546875 0.228125 0.37890625 0.228125 0.37890625 0.225 0.35546875 0.225
0 1.18359375 0.365625 1.18359375 0.36875 1.2265625 0.36875 1.2265625 0.365625 1.18359375 0.365625
0 1.1640625 0.48125 1.1640625 0.484375 1.1796875 0.484375 1.1796875 0.48125 1.1640625 0.48125
0 0.75 0.365625 0.75 0.36875 0.7890625 0.36875 0.7890625 0.365625 0.75 0.365625
0 0.35546875 0.096875 0.35546875 0.1 0.375 0.1 0.375 0.096875 0.35546875 0.096875
0 0.2890625 0.4625 0.2890625 0.465625 0.3046875 0.465625 0.3046875 0.4625 0.2890625 0.4625
0 0.91796875 0.0 0.91796875 0.003125 0.96484375 0.003125 0.96484375 0.0 0.91796875 0.0
0 0.96484375 0.178125 0.96484375 0.18125 0.98046875 0.18125 0.98046875 0.178125 0.96484375 0.178125
0 0.4375 0.3375 0.4375 0.340625 0.4609375 0.340625 0.4609375 0.3375 0.4375 0.3375
0 0.04296875 0.190625 0.04296875 0.19375 0.05859375 0.19375 0.05859375 0.190625 0.04296875 0.190625
0 0.359375 0.44375 0.359375 0.446875 0.37890625 0.446875 0.37890625 0.44375 0.359375 0.44375
0 0.6484375 0.38125 0.6484375 0.384375 0.66796875 0.384375 0.66796875 0.38125 0.6484375 0.38125
0 1.0234375 0.0875 1.0234375 0.090625 1.03515625 0.090625 1.03515625 0.0875 1.0234375 0.0875
0 0.1328125 0.546875 0.1328125 0.55 0.18359375 0.55 0.18359375 0.546875 0.1328125 0.546875
0 0.8046875 0.390625 0.8046875 0.39375 0.85546875 0.39375 0.85546875 0.390625 0.8046875 0.390625
0 0.98046875 0.496875 0.98046875 0.5 1.015625 0.5 1.015625 0.496875 0.98046875 0.496875
0 0.6953125 0.053125 0.6953125 0.05625 0.71484375 0.05625 0.71484375 0.053125 0.6953125 0.053125
0 0.359375 0.303125 0.359375 0.30625 0.40234375 0.30625 0.40234375 0.303125 0.359375 0.303125
0 1.234375 0.109375 1.234375 0.1125 1.25 0.1125 1.25 0.109375 1.234375 0.109375
0 1.1875 0.36875 1.1875 0.371875 1.21484375 0.371875 1.21484375 0.36875 1.1875 0.36875
0 0.06640625 0.521875 0.06640625 0.525 0.0859375 0.525 0.0859375 0.521875 0.06640625 0.521875
0 0.82421875 0.0 0.82421875 0.003125 0.8984375 0.003125 0.8984375 0.0 0.82421875 0.0
0 0.19921875 0.321875 0.19921875 0.325 0.2109375 0.325 0.2109375 0.321875 0.19921875 0.321875
0 1.109375 0.25 1.109375 0.253125 1.1171875 0.253125 1.1171875 0.25 1.109375 0.25
0 0.734375 0.371875 0.734375 0.375 0.78515625 0.375 0.78515625 0.371875 0.734375 0.371875
0 0.89453125 0.471875 0.89453125 0.475 0.9140625 0.475 0.9140625 0.471875 0.89453125 0.471875
0 0.375 0.296875 0.375 0.3 0.40625 0.3 0.40625 0.296875 0.375 0.296875
0 0.99609375 0.6 0.99609375 0.603125 1.0 0.603125 1.0 0.6 0.99609375 0.6
0 0.6328125 0.415625 0.6328125 0.41875 0.68359375 0.41875 0.68359375 0.415625 0.6328125 0.415625
0 0.46875 0.246875 0.46875 0.25 0.4921875 0.25 0.4921875 0.246875 0.46875 0.246875
0 0.31640625 0.221875 0.31640625 0.225 0.34375 0.225 0.34375 0.221875 0.31640625 0.221875
0 1.01953125 0.28125 1.01953125 0.284375 1.04296875 0.284375 1.04296875 0.28125 1.01953125 0.28125
0 0.80859375 0.278125 0.80859375 0.28125 0.828125 0.28125 0.828125 0.278125 0.80859375 0.278125
0 1.12890625 0.4125 1.12890625 0.415625 1.1796875 0.415625 1.1796875 0.4125 1.12890625 0.4125
0 0.1015625 0.290625 0.1015625 0.29375 0.11328125 0.29375 0.11328125 0.290625 0.1015625 0.290625
0 0.7109375 0.465625 0.7109375 0.46875 0.734375 0.46875 0.734375 0.465625 0.7109375 0.465625
0 1.04296875 0.36875 1.04296875 0.371875 1.06640625 0.371875 1.06640625 0.36875 1.04296875 0.36875