0 0.12692307692307692 0.1839080459770115 0.12692307692307692 0.1853448275862069 0.13653846153846153 0.1853448275862069 0.13653846153846153 0.1839080459770115 0.12692307692307692 0.1839080459770115
0 0.6038461538461538 0.7442528735632183 0.6038461538461538 0.7456896551724138 0.6173076923076923 0.7456896551724138 0.6173076923076923 0.7442528735632183 0.6038461538461538 0.7442528735632183
0 0.7 0.26580459770114945 0.7 0.2672413793103448 0.7096153846153846 0.2672413793103448 0.7096153846153846 0.26580459770114945 0.7 0.26580459770114945
0 0.8980769230769231 0.19540229885057472 0.8980769230769231 0.1968390804597701 0.9076923076923077 0.1968390804597701 0.9076923076923077 0.19540229885057472 0.8980769230769231 0.19540229885057472
0 0.8096153846153846 0.11781609195402298 0.8096153846153846 0.11925287356321838 0.823076923076923 0.11925287356321838 0.823076923076923 0.11781609195402298 0.8096153846153846 0.11781609195402298
0 0.2923076923076923 0.5502873563218391 0.2923076923076923 0.5517241379310345 0.3019230769230769 0.5517241379310345 0.3019230769230769 0.5502873563218391 0.2923076923076923 0.5502873563218391
0 0.19038461538461537 0.40804597701149425 0.19038461538461537 0.40948275862068967 0.22115384615384615 0.40948275862068967 0.22115384615384615 0.40804597701149425 0.19038461538461537 0.40804597701149425
0 0.8423076923076923 0.6810344827586207 0.8423076923076923 0.6824712643678161 0.8538461538461538 0.6824712643678161 0.8538461538461538 0.6810344827586207 0.8423076923076923 0.6810344827586207
0 0.36346153846153845 0.16954022988505746 0.36346153846153845 0.17097701149425287 0.38269230769230766 0.17097701149425287 0.38269230769230766 0.16954022988505746 0.36346153846153845 0.16954022988505746
0 1.1173076923076923 0.10919540229885058 1.1173076923076923 0.11063218390804598 1.125 0.11063218390804598 1.125 0.10919540229885058 1.1173076923076923 0.10919540229885058
0 1.2461538461538462 0.10344827586206896 1.2461538461538462 0.10488505747126436 1.2673076923076922 0.10488505747126436 1.2673076923076922 0.10344827586206896 1.2461538461538462 0.10344827586206896
0 0.9903846153846154 0.3994252873563218 0.9903846153846154 0.40086206896551724 1.0057692307692307 0.40086206896551724 1.0057692307692307 0.3994252873563218 0.9903846153846154 0.3994252873563218
0 0.9192307692307692 0.7313218390804598 0.9192307692307692 0.7327586206896551 0.9346153846153846 0.7327586206896551 0.9346153846153846 0.7313218390804598 0.9192307692307692 0.7313218390804598
0 0.6384615384615384 0.7169540229885057 0.6384615384615384 0.7183908045977011 0.6423076923076924 0.7183908045977011 0.6423076923076924 0.7169540229885057 0.6384615384615384 0.7169540229885057
0 0.6634615384615384 0.4540229885057471 0.6634615384615384 0.45545977011494254 0.6846153846153846 0.45545977011494254 0.6846153846153846 0.4540229885057471 0.6634615384615384 0.4540229885057471
0 0.4346153846153846 0.4454022988505747 0.4346153846153846 0.4468390804597701 0.45 0.4468390804597701 0.45 0.4454022988505747 0.4346153846153846 0.4454022988505747
0 1.2596153846153846 0.23419540229885058 1.2596153846153846 0.23563218390804597 1.273076923076923 0.23563218390804597 1.273076923076923 0.23419540229885058 1.2596153846153846 0.23419540229885058
0 0.38461538461538464 0.5847701149425287 0.38461538461538464 0.5862068965517241 0.40192307692307694 0.5862068965517241 0.40192307692307694 0.5847701149425287 0.38461538461538464 0.5847701149425287
0 0.6403846153846153 0.28160919540229884 0.6403846153846153 0.28304597701149425 0.6480769230769231 0.28304597701149425 0.6480769230769231 0.28160919540229884 0.6403846153846153 0.28160919540229884
0 0.42115384615384616 0.47988505747126436 0.42115384615384616 0.4813218390804598 0.43846153846153846 0.4813218390804598 0.43846153846153846 0.47988505747126436 0.42115384615384616 0.47988505747126436
0 1.1096153846153847 0.15229885057471265 1.1096153846153847 0.15373563218390804 1.1153846153846154 0.15373563218390804 1.1153846153846154 0.15229885057471265 1.1096153846153847 0.15229885057471265
0 0.12884615384615383 0.48419540229885055 0.12884615384615383 0.48563218390804597 0.14615384615384616 0.48563218390804597 0.14615384615384616 0.48419540229885055 0.12884615384615383 0.48419540229885055
0 0.7 0.33045977011494254 0.7 0.33189655172413796 0.7096153846153846 0.33189655172413796 0.7096153846153846 0.33045977011494254 0.7 0.33045977011494254
0 0.8057692307692308 0.11494252873563218 0.8057692307692308 0.11637931034482758 0.8326923076923077 0.11637931034482758 0.8326923076923077 0.11494252873563218 0.8057692307692308 0.11494252873563218
0 1.1307692307692307 0.27298850574712646 1.1307692307692307 0.2744252873563218 1.1653846153846155 0.2744252873563218 1.1653846153846155 0.27298850574712646 1.1307692307692307 0.27298850574712646
0 0.2423076923076923 0.3936781609195402 0.2423076923076923 0.39511494252873564 0.25384615384615383 0.39511494252873564 0.25384615384615383 0.3936781609195402 0.2423076923076923 0.3936781609195402
0 1.2173076923076922 0.14080459770114942 1.2173076923076922 0.14224137931034483 1.228846153846154 0.14224137931034483 1.228846153846154 0.14080459770114942 1.2173076923076922 0.14080459770114942
0 1.075 0.1278735632183908 1.075 0.12931034482758622 1.0903846153846153 0.12931034482758622 1.0903846153846153 0.1278735632183908 1.075 0.1278735632183908
0 0.2076923076923077 0.1997126436781609 0.2076923076923077 0.20114942528735633 0.2230769230769231 0.20114942528735633 0.2230769230769231 0.1997126436781609 0.2076923076923077 0.1997126436781609
0 1.0115384615384615 0.20114942528735633 1.0115384615384615 0.2025862068965517 1.0153846153846153 0.2025862068965517 1.0153846153846153 0.20114942528735633 1.0115384615384615 0.20114942528735633
0 0.6634615384615384 0.06465517241379311 0.6634615384615384 0.06609195402298851 0.6942307692307692 0.06609195402298851 0.6942307692307692 0.06465517241379311 0.6634615384615384 0.06465517241379311
0 1.0346153846153847 0.6379310344827587 1.0346153846153847 0.639367816091954 1.0442307692307693 0.639367816091954 1.0442307692307693 0.6379310344827587 1.0346153846153847 0.6379310344827587
0 0.9442307692307692 0.0 0.9442307692307692 0.0014367816091954023 0.9692307692307692 0.0014367816091954023 0.9692307692307692 0.0 0.9442307692307692 0.0
0 0.9230769230769231 0.06609195402298851 0.9230769230769231 0.06752873563218391 0.9288461538461539 0.06752873563218391 0.9288461538461539 0.06609195402298851 0.9230769230769231 0.06609195402298851
0 0.4653846153846154 0.5244252873563219 0.4653846153846154 0.5258620689655172 0.48846153846153845 0.5258620689655172 0.48846153846153845 0.5244252873563219 0.4653846153846154 0.5244252873563219
0 0.7865384615384615 0.27155172413793105 0.7865384615384615 0.27298850574712646 0.8 0.27298850574712646 0.8 0.27155172413793105 0.7865384615384615 0.27155172413793105
0 0.5807692307692308 0.5416666666666666 0.5807692307692308 0.5431034482758621 0.5903846153846154 0.5431034482758621 0.5903846153846154 0.5416666666666666 0.5807692307692308 0.5416666666666666
0 0.31346153846153846 0.1336206896551724 0.31346153846153846 0.13505747126436782 0.3230769230769231 0.13505747126436782 0.3230769230769231 0.1336206896551724 0.31346153846153846 0.1336206896551724
0 0.5211538461538462 0.0 0.5211538461538462 0.0014367816091954023 0.5634615384615385 0.0014367816091954023 0.5634615384615385 0.0 0.5211538461538462 0.0
0 0.6711538461538461 0.0 0.6711538461538461 0.0014367816091954023 0.7269230769230769 0.0014367816091954023 0.7269230769230769 0.0 0.6711538461538461 0.0
0 0.6538461538461539 0.21839080459770116 0.6538461538461539 0.21982758620689655 0.6711538461538461 0.21982758620689655 0.6711538461538461 0.21839080459770116 0.6538461538461539 0.21839080459770116
0 0.35 0.2744252873563218 0.35 0.27586206896551724 0.35384615384615387 0.27586206896551724 0.35384615384615387 0.2744252873563218 0.35 0.2744252873563218
0 1.2423076923076923 0.5416666666666666 1.2423076923076923 0.5431034482758621 1.2557692307692307 0.5431034482758621 1.2557692307692307 0.5416666666666666 1.2423076923076923 0.5416666666666666
0 0.6192307692307693 0.507183908045977 0.6192307692307693 0.5086206896551724 0.6288461538461538 0.5086206896551724 0.6288461538461538 0.507183908045977 0.6192307692307693 0.507183908045977
0 0.45576923076923076 0.04885057471264368 0.45576923076923076 0.05028735632183908 0.47307692307692306 0.05028735632183908 0.47307692307692306 0.04885057471264368 0.45576923076923076 0.04885057471264368
0 0.013461538461538462 0.23275862068965517 0.013461538461538462 0.23419540229885058 0.01730769230769231 0.23419540229885058 0.01730769230769231 0.23275862068965517 0.013461538461538462 0.23275862068965517
0 0.4153846153846154 0.5660919540229885 0.4153846153846154 0.5675287356321839 0.42115384615384616 0.5675287356321839 0.42115384615384616 0.5660919540229885 0.4153846153846154 0.5660919540229885
0 0.9538461538461539 0.1235632183908046 0.9538461538461539 0.125 0.9653846153846154 0.125 0.9653846153846154 0.1235632183908046 0.9538461538461539 0.1235632183908046
0 0.28846153846153844 0.26436781609195403 0.28846153846153844 0.26580459770114945 0.2923076923076923 0.26580459770114945 0.2923076923076923 0.26436781609195403 0.28846153846153844 0.26436781609195403
0 1.273076923076923 0.47126436781609193 1.273076923076923 0.47270114942528735 1.2865384615384616 0.47270114942528735 1.2865384615384616 0.47126436781609193 1.273076923076923 0.47126436781609193
0 0.9653846153846154 0.020114942528735632 0.9653846153846154 0.021551724137931036 0.9769230769230769 0.021551724137931036 0.9769230769230769 0.020114942528735632 0.9653846153846154 0.020114942528735632
0 0.801923076923077 0.0028735632183908046 0.801923076923077 0.004310344827586207 0.8211538461538461 0.004310344827586207 0.8211538461538461 0.0028735632183908046 0.801923076923077 0.0028735632183908046
0 0.4230769230769231 0.1752873563218391 0.4230769230769231 0.17672413793103448 0.4346153846153846 0.17672413793103448 0.4346153846153846 0.1752873563218391 0.4230769230769231 0.1752873563218391
0 0.7288461538461538 0.1853448275862069 0.7288461538461538 0.1867816091954023 0.7346153846153847 0.1867816091954023 0.7346153846153847 0.1853448275862069 0.7288461538461538 0.1853448275862069
0 0.2519230769230769 0.34913793103448276 0.2519230769230769 0.3505747126436782 0.25961538461538464 0.3505747126436782 0.25961538461538464 0.34913793103448276 0.2519230769230769 0.34913793103448276
0 0.4846153846153846 0.0617816091954023 0.4846153846153846 0.06321839080459771 0.5 0.06321839080459771 0.5 0.0617816091954023 0.4846153846153846 0.0617816091954023
0 0.5961538461538461 0.07758620689655173 0.5961538461538461 0.07902298850574713 0.6019230769230769 0.07902298850574713 0.6019230769230769 0.07758620689655173 0.5961538461538461 0.07758620689655173
0 0.6173076923076923 0.0 0.6173076923076923 0.0014367816091954023 0.6538461538461539 0.0014367816091954023 0.6538461538461539 0.0 0.6173076923076923 0.0
0 0.08076923076923077 0.14224137931034483 0.08076923076923077 0.14367816091954022 0.09423076923076923 0.14367816091954022 0.09423076923076923 0.14224137931034483 0.08076923076923077 0.14224137931034483
0 0.9076923076923077 0.3232758620689655 0.9076923076923077 0.32471264367816094 0.9211538461538461 0.32471264367816094 0.9211538461538461 0.3232758620689655 0.9076923076923077 0.3232758620689655
0 0.8711538461538462 0.6494252873563219 0.8711538461538462 0.6508620689655172 0.8846153846153846 0.6508620689655172 0.8846153846153846 0.6494252873563219 0.8711538461538462 0.6494252873563219
0 0.6884615384615385 0.6781609195402298 0.6884615384615385 0.6795977011494253 0.7019230769230769 0.6795977011494253 0.7019230769230769 0.6781609195402298 0.6884615384615385 0.6781609195402298
0 1.2019230769230769 0.5660919540229885 1.2019230769230769 0.5675287356321839 1.2076923076923076 0.5675287356321839 1.2076923076923076 0.5660919540229885 1.2019230769230769 0.5660919540229885
0 0.026923076923076925 0.28160919540229884 0.026923076923076925 0.28304597701149425 0.03461538461538462 0.28304597701149425 0.03461538461538462 0.28160919540229884 0.026923076923076925 0.28160919540229884
0 0.3153846153846154 0.37787356321839083 0.3153846153846154 0.3793103448275862 0.3230769230769231 0.3793103448275862 0.3230769230769231 0.37787356321839083 0.3153846153846154 0.37787356321839083
0 0.5326923076923077 0.5014367816091954 0.5326923076923077 0.5028735632183908 0.5423076923076923 0.5028735632183908 0.5423076923076923 0.5014367816091954 0.5326923076923077 0.5014367816091954
0 0.7384615384615385 0.34339080459770116 0.7384615384615385 0.3448275862068966 0.7480769230769231 0.3448275862068966 0.7480769230769231 0.34339080459770116 0.7384615384615385 0.34339080459770116
0 0.21923076923076923 0.7126436781609196 0.21923076923076923 0.7140804597701149 0.23461538461538461 0.7140804597701149 0.23461538461538461 0.7126436781609196 0.21923076923076923 0.7126436781609196
0 0.7076923076923077 0.05316091954022988 0.7076923076923077 0.05459770114942529 0.7096153846153846 0.05459770114942529 0.7096153846153846 0.05316091954022988 0.7076923076923077 0.05316091954022988
0 0.6 0.742816091954023 0.6 0.7442528735632183 0.6211538461538462 0.7442528735632183 0.6211538461538462 0.742816091954023 0.6 0.742816091954023
0 0.6480769230769231 0.36637931034482757 0.6480769230769231 0.367816091954023 0.6615384615384615 0.367816091954023 0.6615384615384615 0.36637931034482757 0.6480769230769231 0.36637931034482757
0 0.10384615384615385 0.10201149425287356 0.10384615384615385 0.10344827586206896 0.11346153846153846 0.10344827586206896 0.11346153846153846 0.10201149425287356 0.10384615384615385 0.10201149425287356
0 0.39807692307692305 0.39080459770114945 0.39807692307692305 0.3922413793103448 0.4115384615384615 0.3922413793103448 0.4115384615384615 0.39080459770114945 0.39807692307692305 0.39080459770114945
0 0.9923076923076923 0.5359195402298851 0.9923076923076923 0.5373563218390804 0.9980769230769231 0.5373563218390804 0.9980769230769231 0.5359195402298851 0.9923076923076923 0.5359195402298851
0 0.08076923076923077 0.6422413793103449 0.08076923076923077 0.6436781609195402 0.09230769230769231 0.6436781609195402 0.09230769230769231 0.6422413793103449 0.08076923076923077 0.6422413793103449
0 0.7653846153846153 0.4813218390804598 0.7653846153846153 0.4827586206896552 0.7846153846153846 0.4827586206896552 0.7846153846153846 0.4813218390804598 0.7653846153846153 0.4813218390804598
0 1.1961538461538461 0.16954022988505746 1.1961538461538461 0.17097701149425287 1.2076923076923076 0.17097701149425287 1.2076923076923076 0.16954022988505746 1.1961538461538461 0.16954022988505746
0 1.1884615384615385 0.6925287356321839 1.1884615384615385 0.6939655172413793 1.1942307692307692 0.6939655172413793 1.1942307692307692 0.6925287356321839 1.1884615384615385 0.6925287356321839
0 0.14423076923076922 0.027298850574712645 0.14423076923076922 0.028735632183908046 0.16153846153846155 0.028735632183908046 0.16153846153846155 0.027298850574712645 0.14423076923076922 0.027298850574712645
0 0.9903846153846154 0.04597701149425287 0.9903846153846154 0.04741379310344827 0.9980769230769231 0.04741379310344827 0.9980769230769231 0.04597701149425287 0.9903846153846154 0.04597701149425287
0 1.2461538461538462 0.39798850574712646 1.2461538461538462 0.3994252873563218 1.25 0.3994252873563218 1.25 0.39798850574712646 1.2461538461538462 0.39798850574712646
0 1.1557692307692307 0.021551724137931036 1.1557692307692307 0.022988505747126436 1.1653846153846155 0.022988505747126436 1.1653846153846155 0.021551724137931036 1.1557692307692307 0.021551724137931036
0 0.6653846153846154 0.3333333333333333 0.6653846153846154 0.33477011494252873 0.6865384615384615 0.33477011494252873 0.6865384615384615 0.3333333333333333 0.6653846153846154 0.3333333333333333
0 0.14038461538461539 0.0 0.14038461538461539 0.0014367816091954023 0.19230769230769232 0.0014367816091954023 0.19230769230769232 0.0 0.14038461538461539 0.0
0 0.013461538461538462 0.6666666666666666 0.013461538461538462 0.6681034482758621 0.028846153846153848 0.6681034482758621 0.028846153846153848 0.6666666666666666 0.013461538461538462 0.6666666666666666
0 1.0115384615384615 0.3204022988505747 1.0115384615384615 0.3218390804597701 1.0269230769230768 0.3218390804597701 1.0269230769230768 0.3204022988505747 1.0115384615384615 0.3204022988505747
0 0.9769230769230769 0.09770114942528736 0.9769230769230769 0.09913793103448276 0.9846153846153847 0.09913793103448276 0.9846153846153847 0.09770114942528736 0.9769230769230769 0.09770114942528736
0 0.5846153846153846 0.20402298850574713 0.5846153846153846 0.20545977011494254 0.5942307692307692 0.20545977011494254 0.5942307692307692 0.20402298850574713 0.5846153846153846 0.20402298850574713
0 0.9557692307692308 0.09770114942528736 0.9557692307692308 0.09913793103448276 0.9711538461538461 0.09913793103448276 0.9711538461538461 0.09770114942528736 0.9557692307692308 0.09770114942528736
0 1.1615384615384616 0.3074712643678161 1.1615384615384616 0.3089080459770115 1.175 0.3089080459770115 1.175 0.3074712643678161 1.1615384615384616 0.3074712643678161
0 1.2557692307692307 0.5862068965517241 1.2557692307692307 0.5876436781609196 1.2961538461538462 0.5876436781609196 1.2961538461538462 0.5862068965517241 1.2557692307692307 0.5862068965517241
0 0.01730769230769231 0.40660919540229884 0.01730769230769231 0.40804597701149425 0.032692307692307694 0.40804597701149425 0.032692307692307694 0.40660919540229884 0.01730769230769231 0.40660919540229884
0 0.38653846153846155 0.0028735632183908046 0.38653846153846155 0.004310344827586207 0.3942307692307692 0.004310344827586207 0.3942307692307692 0.0028735632183908046 0.38653846153846155 0.0028735632183908046
0 0.07692307692307693 0.25 0.07692307692307693 0.2514367816091954 0.09230769230769231 0.2514367816091954 0.09230769230769231 0.25 0.07692307692307693 0.25
0 0.24615384615384617 0.10201149425287356 0.24615384615384617 0.10344827586206896 0.2519230769230769 0.10344827586206896 0.2519230769230769 0.10201149425287356 0.24615384615384617 0.10201149425287356
0 0.525 0.4525862068965517 0.525 0.4540229885057471 0.5326923076923077 0.4540229885057471 0.5326923076923077 0.4525862068965517 0.525 0.4525862068965517
0 0.5076923076923077 0.08908045977011494 0.5076923076923077 0.09051724137931035 0.5192307692307693 0.09051724137931035 0.5192307692307693 0.08908045977011494 0.5076923076923077 0.08908045977011494
0 0.1326923076923077 0.27586206896551724 0.1326923076923077 0.27729885057471265 0.1596153846153846 0.27729885057471265 0.1596153846153846 0.27586206896551724 0.1326923076923077 0.27586206896551724
0 1.0769230769230769 0.375 1.0769230769230769 0.3764367816091954 1.0865384615384615 0.3764367816091954 1.0865384615384615 0.375 1.0769230769230769 0.375
0 0.38846153846153847 0.2514367816091954 0.38846153846153847 0.25287356321839083 0.4096153846153846 0.25287356321839083 0.4096153846153846 0.2514367816091954 0.38846153846153847 0.2514367816091954
0 0.6788461538461539 0.4755747126436782 0.6788461538461539 0.47701149425287354 0.6923076923076923 0.47701149425287354 0.6923076923076923 0.4755747126436782 0.6788461538461539 0.4755747126436782
0 0.7423076923076923 0.03879310344827586 0.7423076923076923 0.040229885057471264 0.75 0.040229885057471264 0.75 0.03879310344827586 0.7423076923076923 0.03879310344827586
0 0.3096153846153846 0.0 0.3096153846153846 0.0014367816091954023 0.33076923076923076 0.0014367816091954023 0.33076923076923076 0.0 0.3096153846153846 0.0
0 0.8269230769230769 0.0 0.8269230769230769 0.0014367816091954023 0.8653846153846154 0.0014367816091954023 0.8653846153846154 0.0 0.8269230769230769 0.0
0 0.8038461538461539 0.7183908045977011 0.8038461538461539 0.7198275862068966 0.8211538461538461 0.7198275862068966 0.8211538461538461 0.7183908045977011 0.8038461538461539 0.7183908045977011
0 1.2980769230769231 0.5531609195402298 1.2980769230769231 0.5545977011494253 1.3057692307692308 0.5545977011494253 1.3057692307692308 0.5531609195402298 1.2980769230769231 0.5531609195402298
0 0.6461538461538462 0.39511494252873564 0.6461538461538462 0.39655172413793105 0.6596153846153846 0.39655172413793105 0.6596153846153846 0.39511494252873564 0.6461538461538462 0.39511494252873564
0 0.46923076923076923 0.1925287356321839 0.46923076923076923 0.1939655172413793 0.4846153846153846 0.1939655172413793 0.4846153846153846 0.1925287356321839 0.46923076923076923 0.1925287356321839
0 0.375 0.21839080459770116 0.375 0.21982758620689655 0.37884615384615383 0.21982758620689655 0.37884615384615383 0.21839080459770116 0.375 0.21839080459770116
0 1.1692307692307693 0.5818965517241379 1.1692307692307693 0.5833333333333334 1.175 0.5833333333333334 1.175 0.5818965517241379 1.1692307692307693 0.5818965517241379
0 1.0076923076923077 0.15660919540229884 1.0076923076923077 0.15804597701149425 1.0288461538461537 0.15804597701149425 1.0288461538461537 0.15660919540229884 1.0076923076923077 0.15660919540229884
0 0.5230769230769231 0.7097701149425287 0.5230769230769231 0.7112068965517241 0.5384615384615384 0.7112068965517241 0.5384615384615384 0.7097701149425287 0.5230769230769231 0.7097701149425287
0 1.2442307692307693 0.47844827586206895 1.2442307692307693 0.47988505747126436 1.25 0.47988505747126436 1.25 0.47844827586206895 1.2442307692307693 0.47844827586206895
0 0.6442307692307693 0.040229885057471264 0.6442307692307693 0.041666666666666664 0.6615384615384615 0.041666666666666664 0.6615384615384615 0.040229885057471264 0.6442307692307693 0.040229885057471264
0 0.775 0.3103448275862069 0.775 0.3117816091954023 0.7903846153846154 0.3117816091954023 0.7903846153846154 0.3103448275862069 0.775 0.3103448275862069
0 1.1442307692307692 0.5876436781609196 1.1442307692307692 0.5890804597701149 1.1557692307692307 0.5890804597701149 1.1557692307692307 0.5876436781609196 1.1442307692307692 0.5876436781609196
0 0.8096153846153846 0.24568965517241378 0.8096153846153846 0.2471264367816092 0.8192307692307692 0.2471264367816092 0.8192307692307692 0.24568965517241378 0.8096153846153846 0.24568965517241378
0 1.1692307692307693 0.3850574712643678 1.1692307692307693 0.3864942528735632 1.176923076923077 0.3864942528735632 1.176923076923077 0.3850574712643678 1.1692307692307693 0.3850574712643678
0 0.9192307692307692 0.3017241379310345 0.9192307692307692 0.3031609195402299 0.9230769230769231 0.3031609195402299 0.9230769230769231 0.3017241379310345 0.9192307692307692 0.3017241379310345
0 0.16538461538461538 0.3879310344827586 0.16538461538461538 0.38936781609195403 0.175 0.38936781609195403 0.175 0.3879310344827586 0.16538461538461538 0.3879310344827586
0 0.34423076923076923 0.30603448275862066 0.34423076923076923 0.3074712643678161 0.36153846153846153 0.3074712643678161 0.36153846153846153 0.30603448275862066 0.34423076923076923 0.30603448275862066
0 0.5403846153846154 0.6752873563218391 0.5403846153846154 0.6767241379310345 0.5557692307692308 0.6767241379310345 0.5557692307692308 0.6752873563218391 0.5403846153846154 0.6752873563218391
0 0.8884615384615384 0.1939655172413793 0.8884615384615384 0.19540229885057472 0.8923076923076924 0.19540229885057472 0.8923076923076924 0.1939655172413793 0.8884615384615384 0.1939655172413793
0 1.025 0.23419540229885058 1.025 0.23563218390804597 1.0326923076923078 0.23563218390804597 1.0326923076923078 0.23419540229885058 1.025 0.23419540229885058
0 0.926923076923077 0.4267241379310345 0.926923076923077 0.4281609195402299 0.9288461538461539 0.4281609195402299 0.9288461538461539 0.4267241379310345 0.926923076923077 0.4267241379310345
0 0.7538461538461538 0.6580459770114943 0.7538461538461538 0.6594827586206896 0.7653846153846153 0.6594827586206896 0.7653846153846153 0.6580459770114943 0.7538461538461538 0.6580459770114943
0 0.4 0.16810344827586207 0.4 0.16954022988505746 0.40384615384615385 0.16954022988505746 0.40384615384615385 0.16810344827586207 0.4 0.16810344827586207
0 0.8576923076923076 0.7270114942528736 0.8576923076923076 0.728448275862069 0.8634615384615385 0.728448275862069 0.8634615384615385 0.7270114942528736 0.8576923076923076 0.7270114942528736
0 0.7115384615384616 0.2686781609195402 0.7115384615384616 0.27011494252873564 0.725 0.27011494252873564 0.725 0.2686781609195402 0.7115384615384616 0.2686781609195402
0 0.21923076923076923 0.6537356321839081 0.21923076923076923 0.6551724137931034 0.22884615384615384 0.6551724137931034 0.22884615384615384 0.6537356321839081 0.21923076923076923 0.6537356321839081
0 0.8269230769230769 0.7341954022988506 0.8269230769230769 0.735632183908046 0.8692307692307693 0.735632183908046 0.8692307692307693 0.7341954022988506 0.8269230769230769 0.7341954022988506
0 0.08653846153846154 0.23563218390804597 0.08653846153846154 0.23706896551724138 0.1 0.23706896551724138 0.1 0.23563218390804597 0.08653846153846154 0.23563218390804597
0 0.5615384615384615 0.005747126436781609 0.5615384615384615 0.007183908045977011 0.5692307692307692 0.007183908045977011 0.5692307692307692 0.005747126436781609 0.5615384615384615 0.005747126436781609
0 0.5980769230769231 0.1278735632183908 0.5980769230769231 0.12931034482758622 0.6076923076923076 0.12931034482758622 0.6076923076923076 0.1278735632183908 0.5980769230769231 0.1278735632183908
0 0.8403846153846154 0.6379310344827587 0.8403846153846154 0.639367816091954 0.8557692307692307 0.639367816091954 0.8557692307692307 0.6379310344827587 0.8403846153846154 0.6379310344827587
0 0.5903846153846154 0.5387931034482759 0.5903846153846154 0.5402298850574713 0.6096153846153847 0.5402298850574713 0.6096153846153847 0.5387931034482759 0.5903846153846154 0.5387931034482759
0 1.3173076923076923 0.5057471264367817 1.3173076923076923 0.507183908045977 1.3384615384615384 0.507183908045977 1.3384615384615384 0.5057471264367817 1.3173076923076923 0.5057471264367817
0 1.0192307692307692 0.639367816091954 1.0192307692307692 0.6408045977011494 1.0346153846153847 0.6408045977011494 1.0346153846153847 0.639367816091954 1.0192307692307692 0.639367816091954
0 0.10961538461538461 0.22557471264367815 0.10961538461538461 0.22701149425287356 0.11346153846153846 0.22701149425287356 0.11346153846153846 0.22557471264367815 0.10961538461538461 0.22557471264367815
0 0.1596153846153846 0.0617816091954023 0.1596153846153846 0.06321839080459771 0.17692307692307693 0.06321839080459771 0.17692307692307693 0.0617816091954023 0.1596153846153846 0.0617816091954023
0 0.41346153846153844 0.005747126436781609 0.41346153846153844 0.007183908045977011 0.4269230769230769 0.007183908045977011 0.4269230769230769 0.005747126436781609 0.41346153846153844 0.005747126436781609
0 0.35384615384615387 0.7054597701149425 0.35384615384615387 0.7068965517241379 0.36346153846153845 0.7068965517241379 0.36346153846153845 0.7054597701149425 0.35384615384615387 0.7054597701149425
0 0.6 0.367816091954023 0.6 0.3692528735632184 0.6211538461538462 0.3692528735632184 0.6211538461538462 0.367816091954023 0.6 0.367816091954023
0 0.8923076923076924 0.49712643678160917 0.8923076923076924 0.4985632183908046 0.8961538461538462 0.4985632183908046 0.8961538461538462 0.49712643678160917 0.8923076923076924 0.49712643678160917
0 0.8038461538461539 0.08333333333333333 0.8038461538461539 0.08477011494252873 0.8288461538461539 0.08477011494252873 0.8288461538461539 0.08333333333333333 0.8038461538461539 0.08333333333333333
0 0.057692307692307696 0.27011494252873564 0.057692307692307696 0.27155172413793105 0.06153846153846154 0.27155172413793105 0.06153846153846154 0.27011494252873564 0.057692307692307696 0.27011494252873564
0 0.5942307692307692 0.6192528735632183 0.5942307692307692 0.6206896551724138 0.6115384615384616 0.6206896551724138 0.6115384615384616 0.6192528735632183 0.5942307692307692 0.6192528735632183
0 0.7192307692307692 0.08333333333333333 0.7192307692307692 0.08477011494252873 0.7269230769230769 0.08477011494252873 0.7269230769230769 0.08333333333333333 0.7192307692307692 0.08333333333333333