0 0.14038461538461539 0.5502873563218391 0.14038461538461539 0.5517241379310345 0.16346153846153846 0.5517241379310345 0.16346153846153846 0.5502873563218391 0.14038461538461539 0.5502873563218391
0 0.4288461538461538 0.47844827586206895 0.4288461538461538 0.47988505747126436 0.43846153846153846 0.47988505747126436 0.43846153846153846 0.47844827586206895 0.4288461538461538 0.47844827586206895
0 1.1903846153846154 0.6925287356321839 1.1903846153846154 0.6939655172413793 1.1961538461538461 0.6939655172413793 1.1961538461538461 0.6925287356321839 1.1903846153846154 0.6925287356321839
0 1.2653846153846153 0.28879310344827586 1.2653846153846153 0.29022988505747127 1.273076923076923 0.29022988505747127 1.273076923076923 0.28879310344827586 1.2653846153846153 0.28879310344827586
0 0.6923076923076923 0.24856321839080459 0.6923076923076923 0.25 0.7019230769230769 0.25 0.7019230769230769 0.24856321839080459 0.6923076923076923 0.24856321839080459
0 1.1346153846153846 0.04310344827586207 1.1346153846153846 0.04454022988505747 1.146153846153846 0.04454022988505747 1.146153846153846 0.04310344827586207 1.1346153846153846 0.04310344827586207
0 0.6673076923076923 0.42528735632183906 0.6673076923076923 0.4267241379310345 0.676923076923077 0.4267241379310345 0.676923076923077 0.42528735632183906 0.6673076923076923 0.42528735632183906
0 0.7019230769230769 0.6594827586206896 0.7019230769230769 0.6609195402298851 0.7134615384615385 0.6609195402298851 0.7134615384615385 0.6594827586206896 0.7019230769230769 0.6594827586206896
0 0.15384615384615385 0.25862068965517243 0.15384615384615385 0.2600574712643678 0.16153846153846155 0.2600574712643678 0.16153846153846155 0.25862068965517243 0.15384615384615385 0.25862068965517243
0 1.3153846153846154 0.09482758620689655 1.3153846153846154 0.09626436781609195 1.3307692307692307 0.09626436781609195 1.3307692307692307 0.09482758620689655 1.3153846153846154 0.09482758620689655
0 1.0076923076923077 0.5100574712643678 1.0076923076923077 0.5114942528735632 1.021153846153846 0.5114942528735632 1.021153846153846 0.5100574712643678 1.0076923076923077 0.5100574712643678
0 1.021153846153846 0.3577586206896552 1.021153846153846 0.35919540229885055 1.0269230769230768 0.35919540229885055 1.0269230769230768 0.3577586206896552 1.021153846153846 0.3577586206896552
0 0.2923076923076923 0.5718390804597702 0.2923076923076923 0.5732758620689655 0.29615384615384616 0.5732758620689655 0.29615384615384616 0.5718390804597702 0.2923076923076923 0.5718390804597702
0 1.1865384615384615 0.13218390804597702 1.1865384615384615 0.1336206896551724 1.1961538461538461 0.1336206896551724 1.1961538461538461 0.13218390804597702 1.1865384615384615 0.13218390804597702
0 0.6115384615384616 0.3879310344827586 0.6115384615384616 0.38936781609195403 0.6153846153846154 0.38936781609195403 0.6153846153846154 0.3879310344827586 0.6115384615384616 0.3879310344827586
0 0.2 0.02442528735632184 0.2 0.02586206896551724 0.21346153846153845 0.02586206896551724 0.21346153846153845 0.02442528735632184 0.2 0.02442528735632184
0 0.09807692307692308 0.617816091954023 0.09807692307692308 0.6192528735632183 0.10576923076923077 0.6192528735632183 0.10576923076923077 0.617816091954023 0.09807692307692308 0.617816091954023
0 0.9134615384615384 0.21408045977011494 0.9134615384615384 0.21551724137931033 0.926923076923077 0.21551724137931033 0.926923076923077 0.21408045977011494 0.9134615384615384 0.21408045977011494
0 0.5692307692307692 0.034482758620689655 0.5692307692307692 0.035919540229885055 0.5884615384615385 0.035919540229885055 0.5884615384615385 0.034482758620689655 0.5692307692307692 0.034482758620689655