0 0.75 0.765625 0.75 0.76875 0.7578125 0.76875 0.7578125 0.765625 0.75 0.765625
0 0.6171875 0.121875 0.6171875 0.125 0.640625 0.125 0.640625 0.121875 0.6171875 0.121875
0 0.0078125 0.4375 0.0078125 0.440625 0.02734375 0.440625 0.02734375 0.4375 0.0078125 0.4375
0 0.06640625 0.703125 0.06640625 0.70625 0.10546875 0.70625 0.10546875 0.703125 0.06640625 0.703125
0 0.1796875 0.759375 0.1796875 0.7625 0.19921875 0.7625 0.19921875 0.759375 0.1796875 0.759375
0 0.07421875 0.75625 0.07421875 0.759375 0.0859375 0.759375 0.0859375 0.75625 0.07421875 0.75625
0 0.20703125 0.26875 0.20703125 0.271875 0.23828125 0.271875 0.23828125 0.26875 0.20703125 0.26875
0 1.05078125 0.478125 1.05078125 0.48125 1.09765625 0.48125 1.09765625 0.478125 1.05078125 0.478125
0 0.9296875 0.26875 0.9296875 0.271875 0.953125 0.271875 0.953125 0.26875 0.9296875 0.26875
0 0.3203125 0.265625 0.3203125 0.26875 0.35546875 0.26875 0.35546875 0.265625 0.3203125 0.265625
0 0.7265625 0.246875 0.7265625 0.25 0.76171875 0.25 0.76171875 0.246875 0.7265625 0.246875
0 1.11328125 0.575 1.11328125 0.578125 1.12890625 0.578125 1.12890625 0.575 1.11328125 0.575
0 0.359375 0.684375 0.359375 0.6875 0.37109375 0.6875 0.37109375 0.684375 0.359375 0.684375
0 0.2109375 0.190625 0.2109375 0.19375 0.23828125 0.19375 0.23828125 0.190625 0.2109375 0.190625
0 1.01171875 0.74375 1.01171875 0.746875 1.03125 0.746875 1.03125 0.74375 1.01171875 0.74375
0 0.12109375 0.159375 0.12109375 0.1625 0.140625 0.1625 0.140625 0.159375 0.12109375 0.159375
0 1.05859375 0.6625 1.05859375 0.665625 1.07421875 0.665625 1.07421875 0.6625 1.05859375 0.6625
0 0.65625 0.29375 0.65625 0.296875 0.68359375 0.296875 0.68359375 0.29375 0.65625 0.29375
0 0.5078125 0.6 0.5078125 0.603125 0.54296875 0.603125 0.54296875 0.6 0.5078125 0.6
0 0.52734375 0.0 0.52734375 0.003125 0.59375 0.003125 0.59375 0.0 0.52734375 0.0
0 0.875 0.090625 0.875 0.09375 0.90234375 0.09375 0.90234375 0.090625 0.875 0.090625
0 0.42578125 0.23125 0.42578125 0.234375 0.4609375 0.234375 0.4609375 0.23125 0.42578125 0.23125
0 0.453125 0.115625 0.453125 0.11875 0.484375 0.11875 0.484375 0.115625 0.453125 0.115625
0 0.28125 0.775 0.28125 0.778125 0.29296875 0.778125 0.29296875 0.775 0.28125 0.775
0 0.41796875 0.190625 0.41796875 0.19375 0.4453125 0.19375 0.4453125 0.190625 0.41796875 0.190625
0 0.015625 0.278125 0.015625 0.28125 0.02734375 0.28125 0.02734375 0.278125 0.015625 0.278125
0 0.0390625 0.071875 0.0390625 0.075 0.06640625 0.075 0.06640625 0.071875 0.0390625 0.071875
0 0.75 0.515625 0.75 0.51875 0.7578125 0.51875 0.7578125 0.515625 0.75 0.515625
0 0.0234375 0.459375 0.0234375 0.4625 0.0546875 0.4625 0.0546875 0.459375 0.0234375 0.459375
0 0.60546875 0.690625 0.60546875 0.69375 0.625 0.69375 0.625 0.690625 0.60546875 0.690625
0 0.63671875 0.665625 0.63671875 0.66875 0.65625 0.66875 0.65625 0.665625 0.63671875 0.665625
0 1.22265625 0.075 1.22265625 0.078125 1.23828125 0.078125 1.23828125 0.075 1.22265625 0.075
0 1.24609375 0.53125 1.24609375 0.534375 1.25 0.534375 1.25 0.53125 1.24609375 0.53125
0 0.109375 0.728125 0.109375 0.73125 0.1328125 0.73125 0.1328125 0.728125 0.109375 0.728125
0 0.6015625 0.6875 0.6015625 0.690625 0.62890625 0.690625 0.62890625 0.6875 0.6015625 0.6875
0 0.86328125 0.721875 0.86328125 0.725 0.875 0.725 0.875 0.721875 0.86328125 0.721875
0 0.59765625 0.375 0.59765625 0.378125 0.62890625 0.378125 0.62890625 0.375 0.59765625 0.375
0 0.0703125 0.634375 0.0703125 0.6375 0.1015625 0.6375 0.1015625 0.634375 0.0703125 0.634375
0 1.21484375 0.60625 1.21484375 0.609375 1.23828125 0.609375 1.23828125 0.60625 1.21484375 0.60625
0 0.890625 0.73125 0.890625 0.734375 0.91796875 0.734375 0.91796875 0.73125 0.890625 0.73125
0 0.25 0.059375 0.25 0.0625 0.28515625 0.0625 0.28515625 0.059375 0.25 0.059375
0 0.48828125 0.390625 0.48828125 0.39375 0.51171875 0.39375 0.51171875 0.390625 0.48828125 0.390625
0 0.22265625 0.528125 0.22265625 0.53125 0.25 0.53125 0.25 0.528125 0.22265625 0.528125
0 0.00390625 0.709375 0.00390625 0.7125 0.0234375 0.7125 0.0234375 0.709375 0.00390625 0.709375
0 0.9921875 0.009375 0.9921875 0.0125 1.0078125 0.0125 1.0078125 0.009375 0.9921875 0.009375
0 1.0546875 0.590625 1.0546875 0.59375 1.078125 0.59375 1.078125 0.590625 1.0546875 0.590625
0 1.09765625 0.6125 1.09765625 0.615625 1.1171875 0.615625 1.1171875 0.6125 1.09765625 0.6125
0 0.546875 0.125 0.546875 0.128125 0.58203125 0.128125 0.58203125 0.125 0.546875 0.125
0 0.62890625 0.5625 0.62890625 0.565625 0.65234375 0.565625 0.65234375 0.5625 0.62890625 0.5625
0 1.07421875 0.215625 1.07421875 0.21875 1.10546875 0.21875 1.10546875 0.215625 1.07421875 0.215625
0 1.08203125 0.259375 1.08203125 0.2625 1.11328125 0.2625 1.11328125 0.259375 1.08203125 0.259375
0 1.0546875 0.425 1.0546875 0.428125 1.140625 0.428125 1.140625 0.425 1.0546875 0.425
0 1.12890625 0.621875 1.12890625 0.625 1.14453125 0.625 1.14453125 0.621875 1.12890625 0.621875
0 0.0859375 0.328125 0.0859375 0.33125 0.109375 0.33125 0.109375 0.328125 0.0859375 0.328125
0 0.24609375 0.596875 0.24609375 0.6 0.25 0.6 0.25 0.596875 0.24609375 0.596875