0 0.9230769230769231 0.09482758620689655 0.9230769230769231 0.09626436781609195 0.926923076923077 0.09626436781609195 0.926923076923077 0.09482758620689655 0.9230769230769231 0.09482758620689655
0 0.08269230769230769 0.7255747126436781 0.08269230769230769 0.7270114942528736 0.09038461538461538 0.7270114942528736 0.09038461538461538 0.7255747126436781 0.08269230769230769 0.7255747126436781
0 0.9019230769230769 0.11925287356321838 0.9019230769230769 0.1206896551724138 0.9076923076923077 0.1206896551724138 0.9076923076923077 0.11925287356321838 0.9019230769230769 0.11925287356321838
0 0.3076923076923077 0.4425287356321839 0.3076923076923077 0.44396551724137934 0.3173076923076923 0.44396551724137934 0.3173076923076923 0.4425287356321839 0.3076923076923077 0.4425287356321839
0 0.9038461538461539 0.4267241379310345 0.9038461538461539 0.4281609195402299 0.9115384615384615 0.4281609195402299 0.9115384615384615 0.4267241379310345 0.9038461538461539 0.4267241379310345
0 1.0538461538461539 0.5387931034482759 1.0538461538461539 0.5402298850574713 1.075 0.5402298850574713 1.075 0.5387931034482759 1.0538461538461539 0.5387931034482759
0 0.13076923076923078 0.23419540229885058 0.13076923076923078 0.23563218390804597 0.14807692307692308 0.23563218390804597 0.14807692307692308 0.23419540229885058 0.13076923076923078 0.23419540229885058
0 1.1115384615384616 0.3390804597701149 1.1115384615384616 0.34051724137931033 1.123076923076923 0.34051724137931033 1.123076923076923 0.3390804597701149 1.1115384615384616 0.3390804597701149
0 1.2403846153846154 0.34626436781609193 1.2403846153846154 0.34770114942528735 1.251923076923077 0.34770114942528735 1.251923076923077 0.34626436781609193 1.2403846153846154 0.34626436781609193
0 0.3730769230769231 0.14224137931034483 0.3730769230769231 0.14367816091954022 0.38461538461538464 0.14367816091954022 0.38461538461538464 0.14224137931034483 0.3730769230769231 0.14224137931034483
0 0.5365384615384615 0.646551724137931 0.5365384615384615 0.6479885057471264 0.5480769230769231 0.6479885057471264 0.5480769230769231 0.646551724137931 0.5365384615384615 0.646551724137931
0 1.2153846153846153 0.3994252873563218 1.2153846153846153 0.40086206896551724 1.2192307692307693 0.40086206896551724 1.2192307692307693 0.3994252873563218 1.2153846153846153 0.3994252873563218
0 1.2211538461538463 0.17385057471264367 1.2211538461538463 0.1752873563218391 1.2423076923076923 0.1752873563218391 1.2423076923076923 0.17385057471264367 1.2211538461538463 0.17385057471264367
0 0.5326923076923077 0.5933908045977011 0.5326923076923077 0.5948275862068966 0.5384615384615384 0.5948275862068966 0.5384615384615384 0.5933908045977011 0.5326923076923077 0.5933908045977011
0 1.1076923076923078 0.47126436781609193 1.1076923076923078 0.47270114942528735 1.1173076923076923 0.47270114942528735 1.1173076923076923 0.47126436781609193 1.1076923076923078 0.47126436781609193
0 0.01730769230769231 0.6494252873563219 0.01730769230769231 0.6508620689655172 0.026923076923076925 0.6508620689655172 0.026923076923076925 0.6494252873563219 0.01730769230769231 0.6494252873563219
0 0.5653846153846154 0.5100574712643678 0.5653846153846154 0.5114942528735632 0.5769230769230769 0.5114942528735632 0.5769230769230769 0.5100574712643678 0.5653846153846154 0.5100574712643678
0 0.7461538461538462 0.6666666666666666 0.7461538461538462 0.6681034482758621 0.7596153846153846 0.6681034482758621 0.7596153846153846 0.6666666666666666 0.7461538461538462 0.6666666666666666
0 1.1634615384615385 0.5129310344827587 1.1634615384615385 0.514367816091954 1.1692307692307693 0.514367816091954 1.1692307692307693 0.5129310344827587 1.1634615384615385 0.5129310344827587
0 0.28076923076923077 0.5833333333333334 0.28076923076923077 0.5847701149425287 0.29423076923076924 0.5847701149425287 0.29423076923076924 0.5833333333333334 0.28076923076923077 0.5833333333333334
0 0.775 0.028735632183908046 0.775 0.03017241379310345 0.7846153846153846 0.03017241379310345 0.7846153846153846 0.028735632183908046 0.775 0.028735632183908046
0 0.9 0.6580459770114943 0.9 0.6594827586206896 0.9115384615384615 0.6594827586206896 0.9115384615384615 0.6580459770114943 0.9 0.6580459770114943
0 0.47115384615384615 0.5790229885057471 0.47115384615384615 0.5804597701149425 0.49038461538461536 0.5804597701149425 0.49038461538461536 0.5790229885057471 0.47115384615384615 0.5790229885057471
0 0.8288461538461539 0.21839080459770116 0.8288461538461539 0.21982758620689655 0.8423076923076923 0.21982758620689655 0.8423076923076923 0.21839080459770116 0.8288461538461539 0.21839080459770116
0 0.5692307692307692 0.6939655172413793 0.5692307692307692 0.6954022988505747 0.5942307692307692 0.6954022988505747 0.5942307692307692 0.6939655172413793 0.5692307692307692 0.6939655172413793
0 1.021153846153846 0.29310344827586204 1.021153846153846 0.29454022988505746 1.025 0.29454022988505746 1.025 0.29310344827586204 1.021153846153846 0.29310344827586204
0 0.9788461538461538 0.257183908045977 0.9788461538461538 0.25862068965517243 0.9903846153846154 0.25862068965517243 0.9903846153846154 0.257183908045977 0.9788461538461538 0.257183908045977
0 1.125 0.5272988505747126 1.125 0.5287356321839081 1.1384615384615384 0.5287356321839081 1.1384615384615384 0.5272988505747126 1.125 0.5272988505747126
0 0.04038461538461539 0.08620689655172414 0.04038461538461539 0.08764367816091954 0.04807692307692308 0.08764367816091954 0.04807692307692308 0.08620689655172414 0.04038461538461539 0.08620689655172414
0 0.3076923076923077 0.06321839080459771 0.3076923076923077 0.06465517241379311 0.3211538461538462 0.06465517241379311 0.3211538461538462 0.06321839080459771 0.3076923076923077 0.06321839080459771
0 1.175 0.34051724137931033 1.175 0.34195402298850575 1.1846153846153846 0.34195402298850575 1.1846153846153846 0.34051724137931033 1.175 0.34051724137931033
0 0.8038461538461539 0.5172413793103449 0.8038461538461539 0.5186781609195402 0.8192307692307692 0.5186781609195402 0.8192307692307692 0.5172413793103449 0.8038461538461539 0.5172413793103449
0 0.27692307692307694 0.5905172413793104 0.27692307692307694 0.5919540229885057 0.2865384615384615 0.5919540229885057 0.2865384615384615 0.5905172413793104 0.27692307692307694 0.5905172413793104
0 1.0115384615384615 0.5833333333333334 1.0115384615384615 0.5847701149425287 1.023076923076923 0.5847701149425287 1.023076923076923 0.5833333333333334 1.0115384615384615 0.5833333333333334
0 0.8480769230769231 0.3922413793103448 0.8480769230769231 0.3936781609195402 0.8576923076923076 0.3936781609195402 0.8576923076923076 0.3922413793103448 0.8480769230769231 0.3922413793103448
0 1.1153846153846154 0.5086206896551724 1.1153846153846154 0.5100574712643678 1.125 0.5100574712643678 1.125 0.5086206896551724 1.1153846153846154 0.5086206896551724
0 0.9615384615384616 0.3864942528735632 0.9615384615384616 0.3879310344827586 0.9673076923076923 0.3879310344827586 0.9673076923076923 0.3864942528735632 0.9615384615384616 0.3864942528735632
0 0.3942307692307692 0.11206896551724138 0.3942307692307692 0.11350574712643678 0.39807692307692305 0.11350574712643678 0.39807692307692305 0.11206896551724138 0.3942307692307692 0.11206896551724138
0 1.1942307692307692 0.5732758620689655 1.1942307692307692 0.5747126436781609 1.2115384615384615 0.5747126436781609 1.2115384615384615 0.5732758620689655 1.1942307692307692 0.5732758620689655
0 0.36153846153846153 0.5747126436781609 0.36153846153846153 0.5761494252873564 0.3730769230769231 0.5761494252873564 0.3730769230769231 0.5747126436781609 0.36153846153846153 0.5747126436781609
0 0.6307692307692307 0.6451149425287356 0.6307692307692307 0.646551724137931 0.6461538461538462 0.646551724137931 0.6461538461538462 0.6451149425287356 0.6307692307692307 0.6451149425287356
0 0.3230769230769231 0.2025862068965517 0.3230769230769231 0.20402298850574713 0.3346153846153846 0.20402298850574713 0.3346153846153846 0.2025862068965517 0.3230769230769231 0.2025862068965517
0 0.16923076923076924 0.22126436781609196 0.16923076923076924 0.22270114942528735 0.17115384615384616 0.22270114942528735 0.17115384615384616 0.22126436781609196 0.16923076923076924 0.22126436781609196
0 0.8576923076923076 0.08333333333333333 0.8576923076923076 0.08477011494252873 0.8692307692307693 0.08477011494252873 0.8692307692307693 0.08333333333333333 0.8576923076923076 0.08333333333333333
0 0.5269230769230769 0.3635057471264368 0.5269230769230769 0.3649425287356322 0.5480769230769231 0.3649425287356322 0.5480769230769231 0.3635057471264368 0.5269230769230769 0.3635057471264368
0 0.12115384615384615 0.2557471264367816 0.12115384615384615 0.257183908045977 0.12884615384615383 0.257183908045977 0.12884615384615383 0.2557471264367816 0.12115384615384615 0.2557471264367816
0 0.5 0.6192528735632183 0.5 0.6206896551724138 0.525 0.6206896551724138 0.525 0.6192528735632183 0.5 0.6192528735632183
0 0.09807692307692308 0.4367816091954023 0.09807692307692308 0.4382183908045977 0.10192307692307692 0.4382183908045977 0.10192307692307692 0.4367816091954023 0.09807692307692308 0.4367816091954023
0 0.07115384615384615 0.6422413793103449 0.07115384615384615 0.6436781609195402 0.07692307692307693 0.6436781609195402 0.07692307692307693 0.6422413793103449 0.07115384615384615 0.6422413793103449
0 0.5365384615384615 0.1336206896551724 0.5365384615384615 0.13505747126436782 0.5557692307692308 0.13505747126436782 0.5557692307692308 0.1336206896551724 0.5365384615384615 0.1336206896551724
0 0.9711538461538461 0.3936781609195402 0.9711538461538461 0.39511494252873564 0.9903846153846154 0.39511494252873564 0.9903846153846154 0.3936781609195402 0.9711538461538461 0.3936781609195402
0 0.9807692307692307 0.25 0.9807692307692307 0.2514367816091954 1.0 0.2514367816091954 1.0 0.25 0.9807692307692307 0.25
0 1.1692307692307693 0.6494252873563219 1.1692307692307693 0.6508620689655172 1.176923076923077 0.6508620689655172 1.176923076923077 0.6494252873563219 1.1692307692307693 0.6494252873563219
0 0.43846153846153846 0.2514367816091954 0.43846153846153846 0.25287356321839083 0.46153846153846156 0.25287356321839083 0.46153846153846156 0.2514367816091954 0.43846153846153846 0.2514367816091954
0 0.6884615384615385 0.09482758620689655 0.6884615384615385 0.09626436781609195 0.698076923076923 0.09626436781609195 0.698076923076923 0.09482758620689655 0.6884615384615385 0.09482758620689655
0 0.009615384615384616 0.4885057471264368 0.009615384615384616 0.4899425287356322 0.015384615384615385 0.4899425287356322 0.015384615384615385 0.4885057471264368 0.009615384615384616 0.4885057471264368
0 0.046153846153846156 0.4698275862068966 0.046153846153846156 0.47126436781609193 0.06153846153846154 0.47126436781609193 0.06153846153846154 0.4698275862068966 0.046153846153846156 0.4698275862068966
0 0.5865384615384616 0.257183908045977 0.5865384615384616 0.25862068965517243 0.6076923076923076 0.25862068965517243 0.6076923076923076 0.257183908045977 0.5865384615384616 0.257183908045977
0 0.9942307692307693 0.5574712643678161 0.9942307692307693 0.5589080459770115 1.001923076923077 0.5589080459770115 1.001923076923077 0.5574712643678161 0.9942307692307693 0.5574712643678161
0 0.10192307692307692 0.40660919540229884 0.10192307692307692 0.40804597701149425 0.1076923076923077 0.40804597701149425 0.1076923076923077 0.40660919540229884 0.10192307692307692 0.40660919540229884
0 1.2769230769230768 0.6810344827586207 1.2769230769230768 0.6824712643678161 1.2903846153846155 0.6824712643678161 1.2903846153846155 0.6810344827586207 1.2769230769230768 0.6810344827586207
0 0.9615384615384616 0.5689655172413793 0.9615384615384616 0.5704022988505747 0.9692307692307692 0.5704022988505747 0.9692307692307692 0.5689655172413793 0.9615384615384616 0.5689655172413793
0 0.25 0.7054597701149425 0.25 0.7068965517241379 0.27884615384615385 0.7068965517241379 0.27884615384615385 0.7054597701149425 0.25 0.7054597701149425
0 0.5134615384615384 0.33620689655172414 0.5134615384615384 0.33764367816091956 0.5288461538461539 0.33764367816091956 0.5288461538461539 0.33620689655172414 0.5134615384615384 0.33620689655172414
0 1.1134615384615385 0.5057471264367817 1.1134615384615385 0.507183908045977 1.1365384615384615 0.507183908045977 1.1365384615384615 0.5057471264367817 1.1134615384615385 0.5057471264367817
0 0.6942307692307692 0.5057471264367817 0.6942307692307692 0.507183908045977 0.698076923076923 0.507183908045977 0.698076923076923 0.5057471264367817 0.6942307692307692 0.5057471264367817
0 0.6230769230769231 0.4396551724137931 0.6230769230769231 0.4410919540229885 0.6365384615384615 0.4410919540229885 0.6365384615384615 0.4396551724137931 0.6230769230769231 0.4396551724137931
0 0.6173076923076923 0.028735632183908046 0.6173076923076923 0.03017241379310345 0.625 0.03017241379310345 0.625 0.028735632183908046 0.6173076923076923 0.028735632183908046
0 0.275 0.0028735632183908046 0.275 0.004310344827586207 0.28076923076923077 0.004310344827586207 0.28076923076923077 0.0028735632183908046 0.275 0.0028735632183908046
0 0.47307692307692306 0.2413793103448276 0.47307692307692306 0.24281609195402298 0.4826923076923077 0.24281609195402298 0.4826923076923077 0.2413793103448276 0.47307692307692306 0.2413793103448276
0 0.14038461538461539 0.5431034482758621 0.14038461538461539 0.5445402298850575 0.14615384615384616 0.5445402298850575 0.14615384615384616 0.5431034482758621 0.14038461538461539 0.5431034482758621
0 1.0884615384615384 0.1853448275862069 1.0884615384615384 0.1867816091954023 1.1096153846153847 0.1867816091954023 1.1096153846153847 0.1853448275862069 1.0884615384615384 0.1853448275862069
0 1.0634615384615385 0.15373563218390804 1.0634615384615385 0.15517241379310345 1.073076923076923 0.15517241379310345 1.073076923076923 0.15373563218390804 1.0634615384615385 0.15373563218390804
0 0.9326923076923077 0.35919540229885055 0.9326923076923077 0.36063218390804597 0.9403846153846154 0.36063218390804597 0.9403846153846154 0.35919540229885055 0.9326923076923077 0.35919540229885055
0 1.2884615384615385 0.2801724137931034 1.2884615384615385 0.28160919540229884 1.3 0.28160919540229884 1.3 0.2801724137931034 1.2884615384615385 0.2801724137931034
0 0.046153846153846156 0.23132183908045978 0.046153846153846156 0.23275862068965517 0.06923076923076923 0.23275862068965517 0.06923076923076923 0.23132183908045978 0.046153846153846156 0.23132183908045978
0 1.2673076923076922 0.6695402298850575 1.2673076923076922 0.6709770114942529 1.2769230769230768 0.6709770114942529 1.2769230769230768 0.6695402298850575 1.2673076923076922 0.6695402298850575
0 0.42115384615384616 0.3218390804597701 0.42115384615384616 0.3232758620689655 0.4442307692307692 0.3232758620689655 0.4442307692307692 0.3218390804597701 0.42115384615384616 0.3218390804597701
0 1.1884615384615385 0.48563218390804597 1.1884615384615385 0.4870689655172414 1.2019230769230769 0.4870689655172414 1.2019230769230769 0.48563218390804597 1.1884615384615385 0.48563218390804597
0 1.1692307692307693 0.5704022988505747 1.1692307692307693 0.5718390804597702 1.1846153846153846 0.5718390804597702 1.1846153846153846 0.5704022988505747 1.1692307692307693 0.5704022988505747
0 0.6653846153846154 0.5043103448275862 0.6653846153846154 0.5057471264367817 0.6730769230769231 0.5057471264367817 0.6730769230769231 0.5043103448275862 0.6653846153846154 0.5043103448275862
0 0.6673076923076923 0.12643678160919541 0.6673076923076923 0.1278735632183908 0.6807692307692308 0.1278735632183908 0.6807692307692308 0.12643678160919541 0.6673076923076923 0.12643678160919541
0 0.8134615384615385 0.6939655172413793 0.8134615384615385 0.6954022988505747 0.825 0.6954022988505747 0.825 0.6939655172413793 0.8134615384615385 0.6939655172413793
0 0.2076923076923077 0.2614942528735632 0.2076923076923077 0.2629310344827586 0.2173076923076923 0.2629310344827586 0.2173076923076923 0.2614942528735632 0.2076923076923077 0.2614942528735632
0 0.025 0.7054597701149425 0.025 0.7068965517241379 0.032692307692307694 0.7068965517241379 0.032692307692307694 0.7054597701149425 0.025 0.7054597701149425
0 0.2153846153846154 0.0 0.2153846153846154 0.0014367816091954023 0.2653846153846154 0.0014367816091954023 0.2653846153846154 0.0 0.2153846153846154 0.0
0 1.2538461538461538 0.5359195402298851 1.2538461538461538 0.5373563218390804 1.2576923076923077 0.5373563218390804 1.2576923076923077 0.5359195402298851 1.2538461538461538 0.5359195402298851
0 0.023076923076923078 0.04454022988505747 0.023076923076923078 0.04597701149425287 0.03076923076923077 0.04597701149425287 0.03076923076923077 0.04454022988505747 0.023076923076923078 0.04454022988505747
0 1.0596153846153846 0.11063218390804598 1.0596153846153846 0.11206896551724138 1.0673076923076923 0.11206896551724138 1.0673076923076923 0.11063218390804598 1.0596153846153846 0.11063218390804598
0 0.34807692307692306 0.6623563218390804 0.34807692307692306 0.6637931034482759 0.36346153846153845 0.6637931034482759 0.36346153846153845 0.6623563218390804 0.34807692307692306 0.6623563218390804
0 0.8384615384615385 0.7385057471264368 0.8384615384615385 0.7399425287356322 0.8596153846153847 0.7399425287356322 0.8596153846153847 0.7385057471264368 0.8384615384615385 0.7385057471264368
0 1.0115384615384615 0.6925287356321839 1.0115384615384615 0.6939655172413793 1.025 0.6939655172413793 1.025 0.6925287356321839 1.0115384615384615 0.6925287356321839
0 0.9230769230769231 0.021551724137931036 0.9230769230769231 0.022988505747126436 0.9288461538461539 0.022988505747126436 0.9288461538461539 0.021551724137931036 0.9230769230769231 0.021551724137931036
0 1.2769230769230768 0.05028735632183908 1.2769230769230768 0.05172413793103448 1.2942307692307693 0.05172413793103448 1.2942307692307693 0.05028735632183908 1.2769230769230768 0.05028735632183908
0 0.7846153846153846 0.5272988505747126 0.7846153846153846 0.5287356321839081 0.7903846153846154 0.5287356321839081 0.7903846153846154 0.5272988505747126 0.7846153846153846 0.5272988505747126
0 1.1865384615384615 0.17959770114942528 1.1865384615384615 0.1810344827586207 1.1942307692307692 0.1810344827586207 1.1942307692307692 0.17959770114942528 1.1865384615384615 0.17959770114942528
0 0.9 0.022988505747126436 0.9 0.02442528735632184 0.9057692307692308 0.02442528735632184 0.9057692307692308 0.022988505747126436 0.9 0.022988505747126436
0 0.16923076923076924 0.1336206896551724 0.16923076923076924 0.13505747126436782 0.17307692307692307 0.13505747126436782 0.17307692307692307 0.1336206896551724 0.16923076923076924 0.1336206896551724
0 0.9673076923076923 0.2916666666666667 0.9673076923076923 0.29310344827586204 0.975 0.29310344827586204 0.975 0.2916666666666667 0.9673076923076923 0.2916666666666667
0 0.9557692307692308 0.603448275862069 0.9557692307692308 0.6048850574712644 0.9865384615384616 0.6048850574712644 0.9865384615384616 0.603448275862069 0.9557692307692308 0.603448275862069
0 0.5634615384615385 0.3290229885057471 0.5634615384615385 0.33045977011494254 0.575 0.33045977011494254 0.575 0.3290229885057471 0.5634615384615385 0.3290229885057471