0 0.27307692307692305 0.6968390804597702 0.27307692307692305 0.6982758620689655 0.2826923076923077 0.6982758620689655 0.2826923076923077 0.6968390804597702 0.27307692307692305 0.6968390804597702
0 0.06923076923076923 0.5502873563218391 0.06923076923076923 0.5517241379310345 0.08653846153846154 0.5517241379310345 0.08653846153846154 0.5502873563218391 0.06923076923076923 0.5502873563218391
0 1.0192307692307692 0.45689655172413796 1.0192307692307692 0.4583333333333333 1.0442307692307693 0.4583333333333333 1.0442307692307693 0.45689655172413796 1.0192307692307692 0.45689655172413796
0 0.698076923076923 0.257183908045977 0.698076923076923 0.25862068965517243 0.7173076923076923 0.25862068965517243 0.7173076923076923 0.257183908045977 0.698076923076923 0.257183908045977
0 0.4442307692307692 0.1235632183908046 0.4442307692307692 0.125 0.4576923076923077 0.125 0.4576923076923077 0.1235632183908046 0.4442307692307692 0.1235632183908046
0 0.8326923076923077 0.17385057471264367 0.8326923076923077 0.1752873563218391 0.8519230769230769 0.1752873563218391 0.8519230769230769 0.17385057471264367 0.8326923076923077 0.17385057471264367
0 1.1076923076923078 0.6005747126436781 1.1076923076923078 0.6020114942528736 1.1192307692307693 0.6020114942528736 1.1192307692307693 0.6005747126436781 1.1076923076923078 0.6005747126436781
0 0.5769230769230769 0.0 0.5769230769230769 0.0014367816091954023 0.6173076923076923 0.0014367816091954023 0.6173076923076923 0.0 0.5769230769230769 0.0
0 1.148076923076923 0.6149425287356322 1.148076923076923 0.6163793103448276 1.1615384615384616 0.6163793103448276 1.1615384615384616 0.6149425287356322 1.148076923076923 0.6149425287356322
0 1.2403846153846154 0.47126436781609193 1.2403846153846154 0.47270114942528735 1.2538461538461538 0.47270114942528735 1.2538461538461538 0.47126436781609193 1.2403846153846154 0.47126436781609193
0 1.1865384615384615 0.44396551724137934 1.1865384615384615 0.4454022988505747 1.2019230769230769 0.4454022988505747 1.2019230769230769 0.44396551724137934 1.1865384615384615 0.44396551724137934
0 0.4115384615384615 0.6810344827586207 0.4115384615384615 0.6824712643678161 0.4307692307692308 0.6824712643678161 0.4307692307692308 0.6810344827586207 0.4115384615384615 0.6810344827586207
0 0.9288461538461539 0.5387931034482759 0.9288461538461539 0.5402298850574713 0.9346153846153846 0.5402298850574713 0.9346153846153846 0.5387931034482759 0.9288461538461539 0.5387931034482759
0 1.0615384615384615 0.5330459770114943 1.0615384615384615 0.5344827586206896 1.0769230769230769 0.5344827586206896 1.0769230769230769 0.5330459770114943 1.0615384615384615 0.5330459770114943
0 0.926923076923077 0.39080459770114945 0.926923076923077 0.3922413793103448 0.9384615384615385 0.3922413793103448 0.9384615384615385 0.39080459770114945 0.926923076923077 0.39080459770114945
0 0.8596153846153847 0.3577586206896552 0.8596153846153847 0.35919540229885055 0.8634615384615385 0.35919540229885055 0.8634615384615385 0.3577586206896552 0.8596153846153847 0.3577586206896552
0 0.7269230769230769 0.5172413793103449 0.7269230769230769 0.5186781609195402 0.7423076923076923 0.5186781609195402 0.7423076923076923 0.5172413793103449 0.7269230769230769 0.5172413793103449
0 1.0153846153846153 0.5344827586206896 1.0153846153846153 0.5359195402298851 1.023076923076923 0.5359195402298851 1.023076923076923 0.5344827586206896 1.0153846153846153 0.5344827586206896
0 0.057692307692307696 0.1235632183908046 0.057692307692307696 0.125 0.06538461538461539 0.125 0.06538461538461539 0.1235632183908046 0.057692307692307696 0.1235632183908046
0 1.3153846153846154 0.08189655172413793 1.3153846153846154 0.08333333333333333 1.3326923076923076 0.08333333333333333 1.3326923076923076 0.08189655172413793 1.3153846153846154 0.08189655172413793
0 1.2326923076923078 0.3994252873563218 1.2326923076923078 0.40086206896551724 1.2461538461538462 0.40086206896551724 1.2461538461538462 0.3994252873563218 1.2326923076923078 0.3994252873563218
0 0.8384615384615385 0.6264367816091954 0.8384615384615385 0.6278735632183908 0.8557692307692307 0.6278735632183908 0.8557692307692307 0.6264367816091954 0.8384615384615385 0.6264367816091954
0 0.9192307692307692 0.23706896551724138 0.9192307692307692 0.23850574712643677 0.926923076923077 0.23850574712643677 0.926923076923077 0.23706896551724138 0.9192307692307692 0.23706896551724138
0 0.6326923076923077 0.6135057471264368 0.6326923076923077 0.6149425287356322 0.6480769230769231 0.6149425287356322 0.6480769230769231 0.6135057471264368 0.6326923076923077 0.6135057471264368
0 0.4576923076923077 0.44971264367816094 0.4576923076923077 0.4511494252873563 0.4673076923076923 0.4511494252873563 0.4673076923076923 0.44971264367816094 0.4576923076923077 0.44971264367816094
0 0.948076923076923 0.6020114942528736 0.948076923076923 0.603448275862069 0.9692307692307692 0.603448275862069 0.9692307692307692 0.6020114942528736 0.948076923076923 0.6020114942528736
0 0.43846153846153846 0.08045977011494253 0.43846153846153846 0.08189655172413793 0.45 0.08189655172413793 0.45 0.08045977011494253 0.43846153846153846 0.08045977011494253
0 1.1826923076923077 0.7255747126436781 1.1826923076923077 0.7270114942528736 1.1942307692307692 0.7270114942528736 1.1942307692307692 0.7255747126436781 1.1826923076923077 0.7255747126436781
0 0.40576923076923077 0.4224137931034483 0.40576923076923077 0.4238505747126437 0.4230769230769231 0.4238505747126437 0.4230769230769231 0.4224137931034483 0.40576923076923077 0.4224137931034483
0 0.2519230769230769 0.22270114942528735 0.2519230769230769 0.22413793103448276 0.25961538461538464 0.22413793103448276 0.25961538461538464 0.22270114942528735 0.2519230769230769 0.22270114942528735
0 1.1134615384615385 0.14367816091954022 1.1134615384615385 0.14511494252873564 1.1326923076923077 0.14511494252873564 1.1326923076923077 0.14367816091954022 1.1134615384615385 0.14367816091954022
0 1.2442307692307693 0.125 1.2442307692307693 0.12643678160919541 1.2615384615384615 0.12643678160919541 1.2615384615384615 0.125 1.2442307692307693 0.125
0 0.6 0.48563218390804597 0.6 0.4870689655172414 0.6038461538461538 0.4870689655172414 0.6038461538461538 0.48563218390804597 0.6 0.48563218390804597
0 1.2173076923076922 0.6709770114942529 1.2173076923076922 0.6724137931034483 1.228846153846154 0.6724137931034483 1.228846153846154 0.6709770114942529 1.2173076923076922 0.6709770114942529
0 0.6423076923076924 0.6853448275862069 0.6423076923076924 0.6867816091954023 0.65 0.6867816091954023 0.65 0.6853448275862069 0.6423076923076924 0.6853448275862069
0 0.10961538461538461 0.3045977011494253 0.10961538461538461 0.30603448275862066 0.14615384615384616 0.30603448275862066 0.14615384615384616 0.3045977011494253 0.10961538461538461 0.3045977011494253
0 0.2846153846153846 0.1939655172413793 0.2846153846153846 0.19540229885057472 0.3076923076923077 0.19540229885057472 0.3076923076923077 0.1939655172413793 0.2846153846153846 0.1939655172413793
0 0.6557692307692308 0.47988505747126436 0.6557692307692308 0.4813218390804598 0.6807692307692308 0.4813218390804598 0.6807692307692308 0.47988505747126436 0.6557692307692308 0.47988505747126436
0 0.45384615384615384 0.021551724137931036 0.45384615384615384 0.022988505747126436 0.4634615384615385 0.022988505747126436 0.4634615384615385 0.021551724137931036 0.45384615384615384 0.021551724137931036
0 0.23653846153846153 0.24281609195402298 0.23653846153846153 0.2442528735632184 0.2403846153846154 0.2442528735632184 0.2403846153846154 0.24281609195402298 0.23653846153846153 0.24281609195402298
0 1.0423076923076924 0.22701149425287356 1.0423076923076924 0.22844827586206898 1.0557692307692308 0.22844827586206898 1.0557692307692308 0.22701149425287356 1.0423076923076924 0.22701149425287356
0 0.3076923076923077 0.5272988505747126 0.3076923076923077 0.5287356321839081 0.31346153846153846 0.5287356321839081 0.31346153846153846 0.5272988505747126 0.3076923076923077 0.5272988505747126
0 0.046153846153846156 0.7341954022988506 0.046153846153846156 0.735632183908046 0.051923076923076926 0.735632183908046 0.051923076923076926 0.7341954022988506 0.046153846153846156 0.7341954022988506
0 1.0846153846153845 0.13218390804597702 1.0846153846153845 0.1336206896551724 1.103846153846154 0.1336206896551724 1.103846153846154 0.13218390804597702 1.0846153846153845 0.13218390804597702
0 0.20384615384615384 0.0 0.20384615384615384 0.0014367816091954023 0.25961538461538464 0.0014367816091954023 0.25961538461538464 0.0 0.20384615384615384 0.0
0 0.11346153846153846 0.39798850574712646 0.11346153846153846 0.3994252873563218 0.125 0.3994252873563218 0.125 0.39798850574712646 0.11346153846153846 0.39798850574712646
0 0.3076923076923077 0.3807471264367816 0.3076923076923077 0.382183908045977 0.3153846153846154 0.382183908045977 0.3153846153846154 0.3807471264367816 0.3076923076923077 0.3807471264367816
0 0.6461538461538462 0.5660919540229885 0.6461538461538462 0.5675287356321839 0.6519230769230769 0.5675287356321839 0.6519230769230769 0.5660919540229885 0.6461538461538462 0.5660919540229885
0 0.625 0.0 0.625 0.0014367816091954023 0.6711538461538461 0.0014367816091954023 0.6711538461538461 0.0 0.625 0.0
0 0.9980769230769231 0.13793103448275862 0.9980769230769231 0.13936781609195403 1.0096153846153846 0.13936781609195403 1.0096153846153846 0.13793103448275862 0.9980769230769231 0.13793103448275862
0 0.7884615384615384 0.3649425287356322 0.7884615384615384 0.36637931034482757 0.801923076923077 0.36637931034482757 0.801923076923077 0.3649425287356322 0.7884615384615384 0.3649425287356322
0 0.7923076923076923 0.24281609195402298 0.7923076923076923 0.2442528735632184 0.8 0.2442528735632184 0.8 0.24281609195402298 0.7923076923076923 0.24281609195402298
0 0.08461538461538462 0.5517241379310345 0.08461538461538462 0.5531609195402298 0.09230769230769231 0.5531609195402298 0.09230769230769231 0.5517241379310345 0.08461538461538462 0.5517241379310345
0 1.0153846153846153 0.6494252873563219 1.0153846153846153 0.6508620689655172 1.0288461538461537 0.6508620689655172 1.0288461538461537 0.6494252873563219 1.0153846153846153 0.6494252873563219
0 1.2153846153846153 0.4238505747126437 1.2153846153846153 0.42528735632183906 1.2403846153846154 0.42528735632183906 1.2403846153846154 0.4238505747126437 1.2153846153846153 0.4238505747126437
0 0.05961538461538462 0.010057471264367816 0.05961538461538462 0.011494252873563218 0.0673076923076923 0.011494252873563218 0.0673076923076923 0.010057471264367816 0.05961538461538462 0.010057471264367816
0 1.2153846153846153 0.46839080459770116 1.2153846153846153 0.4698275862068966 1.226923076923077 0.4698275862068966 1.226923076923077 0.46839080459770116 1.2153846153846153 0.46839080459770116
0 0.2326923076923077 0.4454022988505747 0.2326923076923077 0.4468390804597701 0.2423076923076923 0.4468390804597701 0.2423076923076923 0.4454022988505747 0.2326923076923077 0.4454022988505747
0 1.0673076923076923 0.11350574712643678 1.0673076923076923 0.11494252873563218 1.0807692307692307 0.11494252873563218 1.0807692307692307 0.11350574712643678 1.0673076923076923 0.11350574712643678
0 1.0557692307692308 0.3879310344827586 1.0557692307692308 0.38936781609195403 1.0711538461538461 0.38936781609195403 1.0711538461538461 0.3879310344827586 1.0557692307692308 0.3879310344827586
0 0.5 0.1939655172413793 0.5 0.19540229885057472 0.5326923076923077 0.19540229885057472 0.5326923076923077 0.1939655172413793 0.5 0.1939655172413793
0 0.3596153846153846 0.5028735632183908 0.3596153846153846 0.5043103448275862 0.3769230769230769 0.5043103448275862 0.3769230769230769 0.5028735632183908 0.3596153846153846 0.5028735632183908
0 0.4826923076923077 0.46551724137931033 0.4826923076923077 0.46695402298850575 0.49423076923076925 0.46695402298850575 0.49423076923076925 0.46551724137931033 0.4826923076923077 0.46551724137931033
0 0.09230769230769231 0.46839080459770116 0.09230769230769231 0.4698275862068966 0.10384615384615385 0.4698275862068966 0.10384615384615385 0.46839080459770116 0.09230769230769231 0.46839080459770116
0 0.24807692307692308 0.04885057471264368 0.24807692307692308 0.05028735632183908 0.25384615384615383 0.05028735632183908 0.25384615384615383 0.04885057471264368 0.24807692307692308 0.04885057471264368
0 0.4403846153846154 0.3290229885057471 0.4403846153846154 0.33045977011494254 0.45576923076923076 0.33045977011494254 0.45576923076923076 0.3290229885057471 0.4403846153846154 0.3290229885057471
0 0.37884615384615383 0.3103448275862069 0.37884615384615383 0.3117816091954023 0.38846153846153847 0.3117816091954023 0.38846153846153847 0.3103448275862069 0.37884615384615383 0.3103448275862069
0 0.38846153846153847 0.5201149425287356 0.38846153846153847 0.521551724137931 0.39807692307692305 0.521551724137931 0.39807692307692305 0.5201149425287356 0.38846153846153847 0.5201149425287356
0 0.7134615384615385 0.39511494252873564 0.7134615384615385 0.39655172413793105 0.7307692307692307 0.39655172413793105 0.7307692307692307 0.39511494252873564 0.7134615384615385 0.39511494252873564
0 1.2615384615384615 0.6738505747126436 1.2615384615384615 0.6752873563218391 1.2846153846153847 0.6752873563218391 1.2846153846153847 0.6738505747126436 1.2615384615384615 0.6738505747126436
0 0.18846153846153846 0.26580459770114945 0.18846153846153846 0.2672413793103448 0.20384615384615384 0.2672413793103448 0.20384615384615384 0.26580459770114945 0.18846153846153846 0.26580459770114945
0 0.4 0.3045977011494253 0.4 0.30603448275862066 0.4096153846153846 0.30603448275862066 0.4096153846153846 0.3045977011494253 0.4 0.3045977011494253
0 0.1576923076923077 0.7198275862068966 0.1576923076923077 0.7212643678160919 0.16923076923076924 0.7212643678160919 0.16923076923076924 0.7198275862068966 0.1576923076923077 0.7198275862068966
0 0.825 0.6695402298850575 0.825 0.6709770114942529 0.8288461538461539 0.6709770114942529 0.8288461538461539 0.6695402298850575 0.825 0.6695402298850575
0 0.21346153846153845 0.1724137931034483 0.21346153846153845 0.17385057471264367 0.22692307692307692 0.17385057471264367 0.22692307692307692 0.1724137931034483 0.21346153846153845 0.1724137931034483
0 0.9057692307692308 0.3175287356321839 0.9057692307692308 0.31896551724137934 0.9326923076923077 0.31896551724137934 0.9326923076923077 0.3175287356321839 0.9057692307692308 0.3175287356321839
0 0.948076923076923 0.6566091954022989 0.948076923076923 0.6580459770114943 0.9634615384615385 0.6580459770114943 0.9634615384615385 0.6566091954022989 0.948076923076923 0.6566091954022989
0 0.4673076923076923 0.3850574712643678 0.4673076923076923 0.3864942528735632 0.47115384615384615 0.3864942528735632 0.47115384615384615 0.3850574712643678 0.4673076923076923 0.3850574712643678
0 0.5788461538461539 0.7399425287356322 0.5788461538461539 0.7413793103448276 0.5923076923076923 0.7413793103448276 0.5923076923076923 0.7399425287356322 0.5788461538461539 0.7399425287356322
0 0.7307692307692307 0.3290229885057471 0.7307692307692307 0.33045977011494254 0.7423076923076923 0.33045977011494254 0.7423076923076923 0.3290229885057471 0.7307692307692307 0.3290229885057471
0 0.9365384615384615 0.15804597701149425 0.9365384615384615 0.15948275862068967 0.9423076923076923 0.15948275862068967 0.9423076923076923 0.15804597701149425 0.9365384615384615 0.15804597701149425
0 0.03653846153846154 0.5100574712643678 0.03653846153846154 0.5114942528735632 0.05576923076923077 0.5114942528735632 0.05576923076923077 0.5100574712643678 0.03653846153846154 0.5100574712643678
0 0.8692307692307693 0.14511494252873564 0.8692307692307693 0.14655172413793102 0.9038461538461539 0.14655172413793102 0.9038461538461539 0.14511494252873564 0.8692307692307693 0.14511494252873564
0 0.4673076923076923 0.08477011494252873 0.4673076923076923 0.08620689655172414 0.4807692307692308 0.08620689655172414 0.4807692307692308 0.08477011494252873 0.4673076923076923 0.08477011494252873
0 0.7307692307692307 0.5589080459770115 0.7307692307692307 0.5603448275862069 0.7442307692307693 0.5603448275862069 0.7442307692307693 0.5589080459770115 0.7307692307692307 0.5589080459770115
0 0.5076923076923077 0.32471264367816094 0.5076923076923077 0.3261494252873563 0.5115384615384615 0.3261494252873563 0.5115384615384615 0.32471264367816094 0.5076923076923077 0.32471264367816094
0 1.1923076923076923 0.5689655172413793 1.1923076923076923 0.5704022988505747 1.2019230769230769 0.5704022988505747 1.2019230769230769 0.5689655172413793 1.1923076923076923 0.5689655172413793
0 0.5788461538461539 0.1910919540229885 0.5788461538461539 0.1925287356321839 0.5903846153846154 0.1925287356321839 0.5903846153846154 0.1910919540229885 0.5788461538461539 0.1910919540229885
0 1.2557692307692307 0.5172413793103449 1.2557692307692307 0.5186781609195402 1.2634615384615384 0.5186781609195402 1.2634615384615384 0.5172413793103449 1.2557692307692307 0.5172413793103449
0 0.8980769230769231 0.1867816091954023 0.8980769230769231 0.1882183908045977 0.9153846153846154 0.1882183908045977 0.9153846153846154 0.1867816091954023 0.8980769230769231 0.1867816091954023
0 0.175 0.5272988505747126 0.175 0.5287356321839081 0.19038461538461537 0.5287356321839081 0.19038461538461537 0.5272988505747126 0.175 0.5272988505747126
0 1.2134615384615384 0.6091954022988506 1.2134615384615384 0.610632183908046 1.2192307692307693 0.610632183908046 1.2192307692307693 0.6091954022988506 1.2134615384615384 0.6091954022988506
0 0.9596153846153846 0.4224137931034483 0.9596153846153846 0.4238505747126437 0.9673076923076923 0.4238505747126437 0.9673076923076923 0.4224137931034483 0.9596153846153846 0.4224137931034483
0 0.9211538461538461 0.3850574712643678 0.9211538461538461 0.3864942528735632 0.926923076923077 0.3864942528735632 0.926923076923077 0.3850574712643678 0.9211538461538461 0.3850574712643678
0 1.1961538461538461 0.5028735632183908 1.1961538461538461 0.5043103448275862 1.2115384615384615 0.5043103448275862 1.2115384615384615 0.5028735632183908 1.1961538461538461 0.5028735632183908
0 0.27115384615384613 0.7255747126436781 0.27115384615384613 0.7270114942528736 0.2980769230769231 0.7270114942528736 0.2980769230769231 0.7255747126436781 0.27115384615384613 0.7255747126436781
0 1.0 0.5962643678160919 1.0 0.5977011494252874 1.021153846153846 0.5977011494252874 1.021153846153846 0.5962643678160919 1.0 0.5962643678160919
0 0.8634615384615385 0.14655172413793102 0.8634615384615385 0.14798850574712644 0.8711538461538462 0.14798850574712644 0.8711538461538462 0.14655172413793102 0.8634615384615385 0.14655172413793102
0 0.019230769230769232 0.05459770114942529 0.019230769230769232 0.05603448275862069 0.032692307692307694 0.05603448275862069 0.032692307692307694 0.05459770114942529 0.019230769230769232 0.05459770114942529
0 0.09038461538461538 0.41379310344827586 0.09038461538461538 0.41522988505747127 0.11153846153846154 0.41522988505747127 0.11153846153846154 0.41379310344827586 0.09038461538461538 0.41379310344827586
0 0.08461538461538462 0.3290229885057471 0.08461538461538462 0.33045977011494254 0.09807692307692308 0.33045977011494254 0.09807692307692308 0.3290229885057471 0.08461538461538462 0.3290229885057471