0 0.47265625 0.4625 0.47265625 0.465625 0.484375 0.465625 0.484375 0.4625 0.47265625 0.4625
0 0.859375 0.48125 0.859375 0.484375 0.87109375 0.484375 0.87109375 0.48125 0.859375 0.48125
0 0.0078125 0.078125 0.0078125 0.08125 0.01953125 0.08125 0.01953125 0.078125 0.0078125 0.078125
0 0.61328125 0.0875 0.61328125 0.090625 0.63671875 0.090625 0.63671875 0.0875 0.61328125 0.0875
0 0.890625 0.00625 0.890625 0.009375 0.8984375 0.009375 0.8984375 0.00625 0.890625 0.00625
0 0.62109375 0.746875 0.62109375 0.75 0.6328125 0.75 0.6328125 0.746875 0.62109375 0.746875
0 0.18359375 0.603125 0.18359375 0.60625 0.19921875 0.60625 0.19921875 0.603125 0.18359375 0.603125
0 0.8046875 0.659375 0.8046875 0.6625 0.828125 0.6625 0.828125 0.659375 0.8046875 0.659375
0 0.9609375 0.5125 0.9609375 0.515625 0.984375 0.515625 0.984375 0.5125 0.9609375 0.5125
0 0.6953125 0.4625 0.6953125 0.465625 0.72265625 0.465625 0.72265625 0.4625 0.6953125 0.4625
0 0.4765625 0.053125 0.4765625 0.05625 0.4921875 0.05625 0.4921875 0.053125 0.4765625 0.053125
0 0.01953125 0.190625 0.01953125 0.19375 0.04296875 0.19375 0.04296875 0.190625 0.01953125 0.190625
0 0.9609375 0.209375 0.9609375 0.2125 0.97265625 0.2125 0.97265625 0.209375 0.9609375 0.209375
0 0.203125 0.15625 0.203125 0.159375 0.21875 0.159375 0.21875 0.15625 0.203125 0.15625
0 0.14453125 0.5 0.14453125 0.503125 0.1640625 0.503125 0.1640625 0.5 0.14453125 0.5
0 0.86328125 0.028125 0.86328125 0.03125 0.87890625 0.03125 0.87890625 0.028125 0.86328125 0.028125
0 0.35546875 0.74375 0.35546875 0.746875 0.3828125 0.746875 0.3828125 0.74375 0.35546875 0.74375
0 0.24609375 0.71875 0.24609375 0.721875 0.2578125 0.721875 0.2578125 0.71875 0.24609375 0.71875
0 1.16796875 0.125 1.16796875 0.128125 1.1875 0.128125 1.1875 0.125 1.16796875 0.125
0 0.37109375 0.503125 0.37109375 0.50625 0.3828125 0.50625 0.3828125 0.503125 0.37109375 0.503125
0 0.58203125 0.778125 0.58203125 0.78125 0.59765625 0.78125 0.59765625 0.778125 0.58203125 0.778125
0 0.359375 0.184375 0.359375 0.1875 0.375 0.1875 0.375 0.184375 0.359375 0.184375
0 0.72265625 0.640625 0.72265625 0.64375 0.73046875 0.64375 0.73046875 0.640625 0.72265625 0.640625
0 1.24609375 0.7625 1.24609375 0.765625 1.25 0.765625 1.25 0.7625 1.24609375 0.7625
0 1.09765625 0.684375 1.09765625 0.6875 1.12109375 0.6875 1.12109375 0.684375 1.09765625 0.684375
0 1.1328125 0.721875 1.1328125 0.725 1.15625 0.725 1.15625 0.721875 1.1328125 0.721875
0 0.5390625 0.715625 0.5390625 0.71875 0.57421875 0.71875 0.57421875 0.715625 0.5390625 0.715625
0 0.05078125 0.028125 0.05078125 0.03125 0.06640625 0.03125 0.06640625 0.028125 0.05078125 0.028125
0 1.0625 0.26875 1.0625 0.271875 1.08203125 0.271875 1.08203125 0.26875 1.0625 0.26875
0 0.78515625 0.565625 0.78515625 0.56875 0.796875 0.56875 0.796875 0.565625 0.78515625 0.565625
0 0.9453125 0.521875 0.9453125 0.525 0.9609375 0.525 0.9609375 0.521875 0.9453125 0.521875
0 0.48046875 0.78125 0.48046875 0.784375 0.4921875 0.784375 0.4921875 0.78125 0.48046875 0.78125
0 0.44140625 0.265625 0.44140625 0.26875 0.47265625 0.26875 0.47265625 0.265625 0.44140625 0.265625
0 0.3515625 0.06875 0.3515625 0.071875 0.359375 0.071875 0.359375 0.06875 0.3515625 0.06875
0 1.234375 0.2125 1.234375 0.215625 1.24609375 0.215625 1.24609375 0.2125 1.234375 0.2125
0 0.28515625 0.5 0.28515625 0.503125 0.3046875 0.503125 0.3046875 0.5 0.28515625 0.5
0 0.85546875 0.671875 0.85546875 0.675 0.875 0.675 0.875 0.671875 0.85546875 0.671875
0 0.94921875 0.6 0.94921875 0.603125 0.96875 0.603125 0.96875 0.6 0.94921875 0.6
0 0.0234375 0.290625 0.0234375 0.29375 0.05078125 0.29375 0.05078125 0.290625 0.0234375 0.290625
0 0.8671875 0.775 0.8671875 0.778125 0.8828125 0.778125 0.8828125 0.775 0.8671875 0.775
0 1.15234375 0.515625 1.15234375 0.51875 1.16015625 0.51875 1.16015625 0.515625 1.15234375 0.515625
0 0.046875 0.609375 0.046875 0.6125 0.05859375 0.6125 0.05859375 0.609375 0.046875 0.609375
0 0.14453125 0.071875 0.14453125 0.075 0.15625 0.075 0.15625 0.071875 0.14453125 0.071875
0 1.0390625 0.484375 1.0390625 0.4875 1.0625 0.4875 1.0625 0.484375 1.0390625 0.484375
0 0.28125 0.728125 0.28125 0.73125 0.296875 0.73125 0.296875 0.728125 0.28125 0.728125
0 1.10546875 0.6875 1.10546875 0.690625 1.12109375 0.690625 1.12109375 0.6875 1.10546875 0.6875
0 0.59375 0.240625 0.59375 0.24375 0.625 0.24375 0.625 0.240625 0.59375 0.240625
0 1.09375 0.16875 1.09375 0.171875 1.1328125 0.171875 1.1328125 0.16875 1.09375 0.16875
0 1.01953125 0.571875 1.01953125 0.575 1.03125 0.575 1.03125 0.571875 1.01953125 0.571875
0 1.0234375 0.4625 1.0234375 0.465625 1.03125 0.465625 1.03125 0.4625 1.0234375 0.4625
0 0.578125 0.115625 0.578125 0.11875 0.609375 0.11875 0.609375 0.115625 0.578125 0.115625
0 0.6640625 0.490625 0.6640625 0.49375 0.6796875 0.49375 0.6796875 0.490625 0.6640625 0.490625
0 0.8125 0.6625 0.8125 0.665625 0.8359375 0.665625 0.8359375 0.6625 0.8125 0.6625
0 1.1640625 0.534375 1.1640625 0.5375 1.1875 0.5375 1.1875 0.534375 1.1640625 0.534375
0 0.9609375 0.11875 0.9609375 0.121875 0.96875 0.121875 0.96875 0.11875 0.9609375 0.11875
0 0.0625 0.38125 0.0625 0.384375 0.078125 0.384375 0.078125 0.38125 0.0625 0.38125
0 1.05078125 0.0125 1.05078125 0.015625 1.05859375 0.015625 1.05859375 0.0125 1.05078125 0.0125
0 0.6953125 0.690625 0.6953125 0.69375 0.7109375 0.69375 0.7109375 0.690625 0.6953125 0.690625
0 0.75390625 0.7875 0.75390625 0.790625 0.78125 0.790625 0.78125 0.7875 0.75390625 0.7875
0 0.046875 0.15 0.046875 0.153125 0.05859375 0.153125 0.05859375 0.15 0.046875 0.15
0 0.39453125 0.753125 0.39453125 0.75625 0.40234375 0.75625 0.40234375 0.753125 0.39453125 0.753125
0 0.51953125 0.0 0.51953125 0.003125 0.546875 0.003125 0.546875 0.0 0.51953125 0.0
0 1.0703125 0.615625 1.0703125 0.61875 1.08203125 0.61875 1.08203125 0.615625 1.0703125 0.615625
0 0.40234375 0.003125 0.40234375 0.00625 0.46875 0.00625 0.46875 0.003125 0.40234375 0.003125
0 0.484375 0.23125 0.484375 0.234375 0.4921875 0.234375 0.4921875 0.23125 0.484375 0.23125
0 0.9609375 0.025 0.9609375 0.028125 0.96875 0.028125 0.96875 0.025 0.9609375 0.025
0 0.265625 0.165625 0.265625 0.16875 0.26953125 0.16875 0.26953125 0.165625 0.265625 0.165625
0 0.7578125 0.071875 0.7578125 0.075 0.77734375 0.075 0.77734375 0.071875 0.7578125 0.071875
0 0.54296875 0.109375 0.54296875 0.1125 0.5546875 0.1125 0.5546875 0.109375 0.54296875 0.109375
0 0.65625 0.290625 0.65625 0.29375 0.6875 0.29375 0.6875 0.290625 0.65625 0.290625
0 0.578125 0.51875 0.578125 0.521875 0.59765625 0.521875 0.59765625 0.51875 0.578125 0.51875
0 0.203125 0.025 0.203125 0.028125 0.22265625 0.028125 0.22265625 0.025 0.203125 0.025
0 0.43359375 0.45625 0.43359375 0.459375 0.453125 0.459375 0.453125 0.45625 0.43359375 0.45625
0 0.296875 0.03125 0.296875 0.034375 0.30859375 0.034375 0.30859375 0.03125 0.296875 0.03125
0 0.8515625 0.39375 0.8515625 0.396875 0.86328125 0.396875 0.86328125 0.39375 0.8515625 0.39375
0 0.87890625 0.375 0.87890625 0.378125 0.8984375 0.378125 0.8984375 0.375 0.87890625 0.375
0 0.328125 0.034375 0.328125 0.0375 0.34765625 0.0375 0.34765625 0.034375 0.328125 0.034375
0 0.66796875 0.075 0.66796875 0.078125 0.6875 0.078125 0.6875 0.075 0.66796875 0.075
0 1.0390625 0.11875 1.0390625 0.121875 1.046875 0.121875 1.046875 0.11875 1.0390625 0.11875
0 0.42578125 0.325 0.42578125 0.328125 0.4453125 0.328125 0.4453125 0.325 0.42578125 0.325
0 0.734375 0.58125 0.734375 0.584375 0.7421875 0.584375 0.7421875 0.58125 0.734375 0.58125
0 1.171875 0.0 1.171875 0.003125 1.18359375 0.003125 1.18359375 0.0 1.171875 0.0
0 1.2109375 0.66875 1.2109375 0.671875 1.22265625 0.671875 1.22265625 0.66875 1.2109375 0.66875
0 0.46484375 0.434375 0.46484375 0.4375 0.484375 0.4375 0.484375 0.434375 0.46484375 0.434375
0 1.08203125 0.275 1.08203125 0.278125 1.12890625 0.278125 1.12890625 0.275 1.08203125 0.275
0 0.73046875 0.465625 0.73046875 0.46875 0.7421875 0.46875 0.7421875 0.465625 0.73046875 0.465625
0 0.27734375 0.528125 0.27734375 0.53125 0.29296875 0.53125 0.29296875 0.528125 0.27734375 0.528125
0 0.41796875 0.125 0.41796875 0.128125 0.43359375 0.128125 0.43359375 0.125 0.41796875 0.125
0 1.01171875 0.346875 1.01171875 0.35 1.0234375 0.35 1.0234375 0.346875 1.01171875 0.346875
0 0.64453125 0.575 0.64453125 0.578125 0.65625 0.578125 0.65625 0.575 0.64453125 0.575
0 1.05859375 0.446875 1.05859375 0.45 1.08984375 0.45 1.08984375 0.446875 1.05859375 0.446875
0 0.57421875 0.10625 0.57421875 0.109375 0.59375 0.109375 0.59375 0.10625 0.57421875 0.10625
0 0.38671875 0.66875 0.38671875 0.671875 0.3984375 0.671875 0.3984375 0.66875 0.38671875 0.66875
0 0.48828125 0.565625 0.48828125 0.56875 0.5 0.56875 0.5 0.565625 0.48828125 0.565625
0 0.953125 0.121875 0.953125 0.125 0.97265625 0.125 0.97265625 0.121875 0.953125 0.121875
0 0.05078125 0.33125 0.05078125 0.334375 0.0625 0.334375 0.0625 0.33125 0.05078125 0.33125
0 0.92578125 0.053125 0.92578125 0.05625 0.94140625 0.05625 0.94140625 0.053125 0.92578125 0.053125
0 0.3828125 0.2 0.3828125 0.203125 0.3984375 0.203125 0.3984375 0.2 0.3828125 0.2
0 0.015625 0.60625 0.015625 0.609375 0.03125 0.609375 0.03125 0.60625 0.015625 0.60625
0 1.1796875 0.59375 1.1796875 0.596875 1.19921875 0.596875 1.19921875 0.59375 1.1796875 0.59375
0 0.06640625 0.0 0.06640625 0.003125 0.08984375 0.003125 0.08984375 0.0 0.06640625 0.0
0 0.7578125 0.425 0.7578125 0.428125 0.77734375 0.428125 0.77734375 0.425 0.7578125 0.425
0 0.12109375 0.090625 0.12109375 0.09375 0.125 0.09375 0.125 0.090625 0.12109375 0.090625
0 0.0703125 0.20625 0.0703125 0.209375 0.08984375 0.209375 0.08984375 0.20625 0.0703125 0.20625
0 0.484375 0.58125 0.484375 0.584375 0.4921875 0.584375 0.4921875 0.58125 0.484375 0.58125
0 1.18359375 0.76875 1.18359375 0.771875 1.19140625 0.771875 1.19140625 0.76875 1.18359375 0.76875
0 0.91796875 0.3875 0.91796875 0.390625 0.92578125 0.390625 0.92578125 0.3875 0.91796875 0.3875
0 0.75390625 0.1375 0.75390625 0.140625 0.76953125 0.140625 0.76953125 0.1375 0.75390625 0.1375
0 0.08984375 0.3375 0.08984375 0.340625 0.1015625 0.340625 0.1015625 0.3375 0.08984375 0.3375
0 1.0390625 0.521875 1.0390625 0.525 1.046875 0.525 1.046875 0.521875 1.0390625 0.521875
0 0.921875 0.15 0.921875 0.153125 0.93359375 0.153125 0.93359375 0.15 0.921875 0.15