0 0.91796875 0.521875 0.91796875 0.525 0.9296875 0.525 0.9296875 0.521875 0.91796875 0.521875
0 0.4296875 0.503125 0.4296875 0.50625 0.4453125 0.50625 0.4453125 0.503125 0.4296875 0.503125
0 0.0625 0.1625 0.0625 0.165625 0.078125 0.165625 0.078125 0.1625 0.0625 0.1625
0 0.36328125 0.540625 0.36328125 0.54375 0.37890625 0.54375 0.37890625 0.540625 0.36328125 0.540625
0 0.36328125 0.259375 0.36328125 0.2625 0.3828125 0.2625 0.3828125 0.259375 0.36328125 0.259375
0 0.6640625 0.665625 0.6640625 0.66875 0.67578125 0.66875 0.67578125 0.665625 0.6640625 0.665625
0 0.91015625 0.434375 0.91015625 0.4375 0.91796875 0.4375 0.91796875 0.434375 0.91015625 0.434375
0 0.203125 0.5625 0.203125 0.565625 0.21875 0.565625 0.21875 0.5625 0.203125 0.5625
0 1.171875 0.253125 1.171875 0.25625 1.18359375 0.25625 1.18359375 0.253125 1.171875 0.253125
0 0.8125 0.346875 0.8125 0.35 0.828125 0.35 0.828125 0.346875 0.8125 0.346875
0 0.5390625 0.415625 0.5390625 0.41875 0.546875 0.41875 0.546875 0.415625 0.5390625 0.415625
0 1.0859375 0.109375 1.0859375 0.1125 1.09765625 0.1125 1.09765625 0.109375 1.0859375 0.109375
0 1.01953125 0.196875 1.01953125 0.2 1.0390625 0.2 1.0390625 0.196875 1.01953125 0.196875
0 0.47265625 0.371875 0.47265625 0.375 0.51171875 0.375 0.51171875 0.371875 0.47265625 0.371875
0 0.96484375 0.284375 0.96484375 0.2875 0.98046875 0.2875 0.98046875 0.284375 0.96484375 0.284375
0 0.25390625 0.51875 0.25390625 0.521875 0.26953125 0.521875 0.26953125 0.51875 0.25390625 0.51875
0 0.48046875 0.665625 0.48046875 0.66875 0.49609375 0.66875 0.49609375 0.665625 0.48046875 0.665625
0 0.0859375 0.175 0.0859375 0.178125 0.1171875 0.178125 0.1171875 0.175 0.0859375 0.175