0 0.59765625 0.3125 0.59765625 0.315625 0.61328125 0.315625 0.61328125 0.3125 0.59765625 0.3125
0 0.359375 0.0 0.359375 0.003125 0.51171875 0.003125 0.51171875 0.0 0.359375 0.0
0 0.50390625 0.653125 0.50390625 0.65625 0.5390625 0.65625 0.5390625 0.653125 0.50390625 0.653125
0 1.20703125 0.584375 1.20703125 0.5875 1.2265625 0.5875 1.2265625 0.584375 1.20703125 0.584375
0 0.40234375 0.53125 0.40234375 0.534375 0.4375 0.534375 0.4375 0.53125 0.40234375 0.53125
0 1.02734375 0.3125 1.02734375 0.315625 1.0703125 0.315625 1.0703125 0.3125 1.02734375 0.3125
0 0.93359375 0.0 0.93359375 0.003125 0.99609375 0.003125 0.99609375 0.0 0.93359375 0.0
0 0.25 0.521875 0.25 0.525 0.2578125 0.525 0.2578125 0.521875 0.25 0.521875
0 0.62109375 0.484375 0.62109375 0.4875 0.640625 0.4875 0.640625 0.484375 0.62109375 0.484375
0 1.0 0.2 1.0 0.203125 1.00390625 0.203125 1.00390625 0.2 1.0 0.2
0 0.52734375 0.728125 0.52734375 0.73125 0.546875 0.73125 0.546875 0.728125 0.52734375 0.728125
0 0.671875 0.384375 0.671875 0.3875 0.70703125 0.3875 0.70703125 0.384375 0.671875 0.384375
0 1.1484375 0.025 1.1484375 0.028125 1.1796875 0.028125 1.1796875 0.025 1.1484375 0.025
0 0.88671875 0.11875 0.88671875 0.121875 0.91015625 0.121875 0.91015625 0.11875 0.88671875 0.11875
0 0.2578125 0.175 0.2578125 0.178125 0.2734375 0.178125 0.2734375 0.175 0.2578125 0.175
0 0.5859375 0.0 0.5859375 0.003125 0.71484375 0.003125 0.71484375 0.0 0.5859375 0.0
0 0.02734375 0.46875 0.02734375 0.471875 0.0390625 0.471875 0.0390625 0.46875 0.02734375 0.46875
0 0.71875 0.54375 0.71875 0.546875 0.76953125 0.546875 0.76953125 0.54375 0.71875 0.54375
0 0.44921875 0.359375 0.44921875 0.3625 0.484375 0.3625 0.484375 0.359375 0.44921875 0.359375
0 1.2109375 0.11875 1.2109375 0.121875 1.23046875 0.121875 1.23046875 0.11875 1.2109375 0.11875