0 1.0076923076923077 0.4454022988505747 1.0076923076923077 0.4468390804597701 1.021153846153846 0.4468390804597701 1.021153846153846 0.4454022988505747 1.0076923076923077 0.4454022988505747
0 0.9596153846153846 0.33189655172413796 0.9596153846153846 0.3333333333333333 0.975 0.3333333333333333 0.975 0.33189655172413796 0.9596153846153846 0.33189655172413796
0 0.10576923076923077 0.4755747126436782 0.10576923076923077 0.47701149425287354 0.11730769230769231 0.47701149425287354 0.11730769230769231 0.4755747126436782 0.10576923076923077 0.4755747126436782
0 0.36153846153846153 0.11781609195402298 0.36153846153846153 0.11925287356321838 0.36730769230769234 0.11925287356321838 0.36730769230769234 0.11781609195402298 0.36153846153846153 0.11781609195402298
0 1.0846153846153845 0.5272988505747126 1.0846153846153845 0.5287356321839081 1.1 0.5287356321839081 1.1 0.5272988505747126 1.0846153846153845 0.5272988505747126
0 1.1134615384615385 0.6422413793103449 1.1134615384615385 0.6436781609195402 1.1288461538461538 0.6436781609195402 1.1288461538461538 0.6422413793103449 1.1134615384615385 0.6422413793103449
0 1.0057692307692307 0.10632183908045977 1.0057692307692307 0.10775862068965517 1.0153846153846153 0.10775862068965517 1.0153846153846153 0.10632183908045977 1.0057692307692307 0.10632183908045977
0 0.9442307692307692 0.2686781609195402 0.9442307692307692 0.27011494252873564 0.9673076923076923 0.27011494252873564 0.9673076923076923 0.2686781609195402 0.9442307692307692 0.2686781609195402
0 0.42115384615384616 0.0 0.42115384615384616 0.0014367816091954023 0.4673076923076923 0.0014367816091954023 0.4673076923076923 0.0 0.42115384615384616 0.0
0 0.9884615384615385 0.26580459770114945 0.9884615384615385 0.2672413793103448 0.9903846153846154 0.2672413793103448 0.9903846153846154 0.26580459770114945 0.9884615384615385 0.26580459770114945
0 0.4596153846153846 0.16091954022988506 0.4596153846153846 0.16235632183908047 0.475 0.16235632183908047 0.475 0.16091954022988506 0.4596153846153846 0.16091954022988506
0 1.2211538461538463 0.09770114942528736 1.2211538461538463 0.09913793103448276 1.2403846153846154 0.09913793103448276 1.2403846153846154 0.09770114942528736 1.2211538461538463 0.09770114942528736
0 1.3096153846153846 0.14942528735632185 1.3096153846153846 0.15086206896551724 1.3288461538461538 0.15086206896551724 1.3288461538461538 0.14942528735632185 1.3096153846153846 0.14942528735632185
0 0.8846153846153846 0.07471264367816093 0.8846153846153846 0.07614942528735633 0.8923076923076924 0.07614942528735633 0.8923076923076924 0.07471264367816093 0.8846153846153846 0.07471264367816093
0 0.31153846153846154 0.040229885057471264 0.31153846153846154 0.041666666666666664 0.3153846153846154 0.041666666666666664 0.3153846153846154 0.040229885057471264 0.31153846153846154 0.040229885057471264
0 0.5384615384615384 0.6652298850574713 0.5384615384615384 0.6666666666666666 0.5461538461538461 0.6666666666666666 0.5461538461538461 0.6652298850574713 0.5384615384615384 0.6652298850574713
0 0.8384615384615385 0.29310344827586204 0.8384615384615385 0.29454022988505746 0.8480769230769231 0.29454022988505746 0.8480769230769231 0.29310344827586204 0.8384615384615385 0.29310344827586204
0 0.5230769230769231 0.0 0.5230769230769231 0.0014367816091954023 0.5692307692307692 0.0014367816091954023 0.5692307692307692 0.0 0.5230769230769231 0.0
0 1.0711538461538461 0.7341954022988506 1.0711538461538461 0.735632183908046 1.0865384615384615 0.735632183908046 1.0865384615384615 0.7341954022988506 1.0711538461538461 0.7341954022988506
0 0.8730769230769231 0.7212643678160919 0.8730769230769231 0.7227011494252874 0.875 0.7227011494252874 0.875 0.7212643678160919 0.8730769230769231 0.7212643678160919
0 0.8384615384615385 0.14080459770114942 0.8384615384615385 0.14224137931034483 0.8480769230769231 0.14224137931034483 0.8480769230769231 0.14080459770114942 0.8384615384615385 0.14080459770114942
0 0.0 0.28160919540229884 0.0 0.28304597701149425 0.015384615384615385 0.28304597701149425 0.015384615384615385 0.28160919540229884 0.0 0.28160919540229884
0 0.023076923076923078 0.7083333333333334 0.023076923076923078 0.7097701149425287 0.03461538461538462 0.7097701149425287 0.03461538461538462 0.7083333333333334 0.023076923076923078 0.7083333333333334
0 0.7019230769230769 0.0603448275862069 0.7019230769230769 0.0617816091954023 0.7134615384615385 0.0617816091954023 0.7134615384615385 0.0603448275862069 0.7019230769230769 0.0603448275862069
0 1.2692307692307692 0.3132183908045977 1.2692307692307692 0.3146551724137931 1.2826923076923078 0.3146551724137931 1.2826923076923078 0.3132183908045977 1.2692307692307692 0.3132183908045977
0 1.075 0.4942528735632184 1.075 0.4956896551724138 1.0846153846153845 0.4956896551724138 1.0846153846153845 0.4942528735632184 1.075 0.4942528735632184
0 0.35384615384615387 0.3577586206896552 0.35384615384615387 0.35919540229885055 0.36538461538461536 0.35919540229885055 0.36538461538461536 0.3577586206896552 0.35384615384615387 0.3577586206896552
0 0.40384615384615385 0.028735632183908046 0.40384615384615385 0.03017241379310345 0.41923076923076924 0.03017241379310345 0.41923076923076924 0.028735632183908046 0.40384615384615385 0.028735632183908046
0 1.271153846153846 0.4482758620689655 1.271153846153846 0.44971264367816094 1.275 0.44971264367816094 1.275 0.4482758620689655 1.271153846153846 0.4482758620689655
0 0.7230769230769231 0.07327586206896551 0.7230769230769231 0.07471264367816093 0.7326923076923076 0.07471264367816093 0.7326923076923076 0.07327586206896551 0.7230769230769231 0.07327586206896551
0 1.2807692307692307 0.6997126436781609 1.2807692307692307 0.7011494252873564 1.2923076923076924 0.7011494252873564 1.2923076923076924 0.6997126436781609 1.2807692307692307 0.6997126436781609
0 0.9192307692307692 0.3922413793103448 0.9192307692307692 0.3936781609195402 0.9211538461538461 0.3936781609195402 0.9211538461538461 0.3922413793103448 0.9192307692307692 0.3922413793103448
0 0.7384615384615385 0.4468390804597701 0.7384615384615385 0.4482758620689655 0.7403846153846154 0.4482758620689655 0.7403846153846154 0.4468390804597701 0.7384615384615385 0.4468390804597701
0 0.7615384615384615 0.0 0.7615384615384615 0.0014367816091954023 0.8076923076923077 0.0014367816091954023 0.8076923076923077 0.0 0.7615384615384615 0.0
0 0.9923076923076923 0.6738505747126436 0.9923076923076923 0.6752873563218391 1.0192307692307692 0.6752873563218391 1.0192307692307692 0.6738505747126436 0.9923076923076923 0.6738505747126436
0 0.08653846153846154 0.33620689655172414 0.08653846153846154 0.33764367816091956 0.08846153846153847 0.33764367816091956 0.08846153846153847 0.33620689655172414 0.08653846153846154 0.33620689655172414
0 0.0057692307692307696 0.13649425287356323 0.0057692307692307696 0.13793103448275862 0.019230769230769232 0.13793103448275862 0.019230769230769232 0.13649425287356323 0.0057692307692307696 0.13649425287356323
0 0.6442307692307693 0.4885057471264368 0.6442307692307693 0.4899425287356322 0.6596153846153846 0.4899425287356322 0.6596153846153846 0.4885057471264368 0.6442307692307693 0.4885057471264368
0 0.3942307692307692 0.4382183908045977 0.3942307692307692 0.4396551724137931 0.4076923076923077 0.4396551724137931 0.4076923076923077 0.4382183908045977 0.3942307692307692 0.4382183908045977
0 0.6307692307692307 0.06465517241379311 0.6307692307692307 0.06609195402298851 0.6442307692307693 0.06609195402298851 0.6442307692307693 0.06465517241379311 0.6307692307692307 0.06465517241379311
0 0.18461538461538463 0.1939655172413793 0.18461538461538463 0.19540229885057472 0.19423076923076923 0.19540229885057472 0.19423076923076923 0.1939655172413793 0.18461538461538463 0.1939655172413793
0 1.0403846153846155 0.6077586206896551 1.0403846153846155 0.6091954022988506 1.0461538461538462 0.6091954022988506 1.0461538461538462 0.6077586206896551 1.0403846153846155 0.6077586206896551
0 0.8903846153846153 0.3706896551724138 0.8903846153846153 0.37212643678160917 0.9019230769230769 0.37212643678160917 0.9019230769230769 0.3706896551724138 0.8903846153846153 0.3706896551724138
0 0.6230769230769231 0.2859195402298851 0.6230769230769231 0.28735632183908044 0.6442307692307693 0.28735632183908044 0.6442307692307693 0.2859195402298851 0.6230769230769231 0.2859195402298851
0 0.7596153846153846 0.20977011494252873 0.7596153846153846 0.21120689655172414 0.7615384615384615 0.21120689655172414 0.7615384615384615 0.20977011494252873 0.7596153846153846 0.20977011494252873
0 1.0596153846153846 0.3031609195402299 1.0596153846153846 0.3045977011494253 1.073076923076923 0.3045977011494253 1.073076923076923 0.3031609195402299 1.0596153846153846 0.3031609195402299
0 0.43653846153846154 0.3275862068965517 0.43653846153846154 0.3290229885057471 0.4519230769230769 0.3290229885057471 0.4519230769230769 0.3275862068965517 0.43653846153846154 0.3275862068965517
0 0.45384615384615384 0.24856321839080459 0.45384615384615384 0.25 0.45576923076923076 0.25 0.45576923076923076 0.24856321839080459 0.45384615384615384 0.24856321839080459
0 0.7173076923076923 0.3793103448275862 0.7173076923076923 0.3807471264367816 0.7346153846153847 0.3807471264367816 0.7346153846153847 0.3793103448275862 0.7173076923076923 0.3793103448275862
0 0.5807692307692308 0.19827586206896552 0.5807692307692308 0.1997126436781609 0.5826923076923077 0.1997126436781609 0.5826923076923077 0.19827586206896552 0.5807692307692308 0.19827586206896552
0 0.6153846153846154 0.031609195402298854 0.6153846153846154 0.033045977011494254 0.6403846153846153 0.033045977011494254 0.6403846153846153 0.031609195402298854 0.6153846153846154 0.031609195402298854
0 0.8884615384615384 0.15086206896551724 0.8884615384615384 0.15229885057471265 0.9019230769230769 0.15229885057471265 0.9019230769230769 0.15086206896551724 0.8884615384615384 0.15086206896551724
0 1.1903846153846154 0.2514367816091954 1.1903846153846154 0.25287356321839083 1.198076923076923 0.25287356321839083 1.198076923076923 0.2514367816091954 1.1903846153846154 0.2514367816091954
0 0.6307692307692307 0.7255747126436781 0.6307692307692307 0.7270114942528736 0.6596153846153846 0.7270114942528736 0.6596153846153846 0.7255747126436781 0.6307692307692307 0.7255747126436781
0 0.2076923076923077 0.04885057471264368 0.2076923076923077 0.05028735632183908 0.21346153846153845 0.05028735632183908 0.21346153846153845 0.04885057471264368 0.2076923076923077 0.04885057471264368
0 1.225 0.125 1.225 0.12643678160919541 1.2365384615384616 0.12643678160919541 1.2365384615384616 0.125 1.225 0.125
0 0.4826923076923077 0.0 0.4826923076923077 0.0014367816091954023 0.5173076923076924 0.0014367816091954023 0.5173076923076924 0.0 0.4826923076923077 0.0
0 0.49423076923076925 0.39080459770114945 0.49423076923076925 0.3922413793103448 0.5038461538461538 0.3922413793103448 0.5038461538461538 0.39080459770114945 0.49423076923076925 0.39080459770114945
0 0.8346153846153846 0.2629310344827586 0.8346153846153846 0.26436781609195403 0.8461538461538461 0.26436781609195403 0.8461538461538461 0.2629310344827586 0.8346153846153846 0.2629310344827586
0 0.9634615384615385 0.2514367816091954 0.9634615384615385 0.25287356321839083 0.9730769230769231 0.25287356321839083 0.9730769230769231 0.2514367816091954 0.9634615384615385 0.2514367816091954
0 0.01730769230769231 0.09482758620689655 0.01730769230769231 0.09626436781609195 0.028846153846153848 0.09626436781609195 0.028846153846153848 0.09482758620689655 0.01730769230769231 0.09482758620689655
0 1.2442307692307693 0.19827586206896552 1.2442307692307693 0.1997126436781609 1.2538461538461538 0.1997126436781609 1.2538461538461538 0.19827586206896552 1.2442307692307693 0.19827586206896552
0 0.9134615384615384 0.0 0.9134615384615384 0.0014367816091954023 0.9807692307692307 0.0014367816091954023 0.9807692307692307 0.0 0.9134615384615384 0.0
0 0.4634615384615385 0.3563218390804598 0.4634615384615385 0.3577586206896552 0.47692307692307695 0.3577586206896552 0.47692307692307695 0.3563218390804598 0.4634615384615385 0.3563218390804598
0 1.0884615384615384 0.6637931034482759 1.0884615384615384 0.6652298850574713 1.0980769230769232 0.6652298850574713 1.0980769230769232 0.6637931034482759 1.0884615384615384 0.6637931034482759
0 0.8538461538461538 0.14367816091954022 0.8538461538461538 0.14511494252873564 0.8596153846153847 0.14511494252873564 0.8596153846153847 0.14367816091954022 0.8538461538461538 0.14367816091954022
0 0.8461538461538461 0.3117816091954023 0.8461538461538461 0.3132183908045977 0.8538461538461538 0.3132183908045977 0.8538461538461538 0.3117816091954023 0.8461538461538461 0.3117816091954023
0 0.6692307692307692 0.6005747126436781 0.6692307692307692 0.6020114942528736 0.6846153846153846 0.6020114942528736 0.6846153846153846 0.6005747126436781 0.6692307692307692 0.6005747126436781
0 0.23461538461538461 0.37212643678160917 0.23461538461538461 0.3735632183908046 0.25769230769230766 0.3735632183908046 0.25769230769230766 0.37212643678160917 0.23461538461538461 0.37212643678160917
0 0.06346153846153846 0.028735632183908046 0.06346153846153846 0.03017241379310345 0.06923076923076923 0.03017241379310345 0.06923076923076923 0.028735632183908046 0.06346153846153846 0.028735632183908046
0 0.8923076923076924 0.29022988505747127 0.8923076923076924 0.2916666666666667 0.9096153846153846 0.2916666666666667 0.9096153846153846 0.29022988505747127 0.8923076923076924 0.29022988505747127
0 0.5711538461538461 0.05028735632183908 0.5711538461538461 0.05172413793103448 0.5788461538461539 0.05172413793103448 0.5788461538461539 0.05028735632183908 0.5711538461538461 0.05028735632183908
0 0.823076923076923 0.27729885057471265 0.823076923076923 0.27873563218390807 0.8423076923076923 0.27873563218390807 0.8423076923076923 0.27729885057471265 0.823076923076923 0.27729885057471265
0 1.3269230769230769 0.4899425287356322 1.3269230769230769 0.49137931034482757 1.3384615384615384 0.49137931034482757 1.3384615384615384 0.4899425287356322 1.3269230769230769 0.4899425287356322
0 0.8961538461538462 0.14942528735632185 0.8961538461538462 0.15086206896551724 0.9115384615384615 0.15086206896551724 0.9115384615384615 0.14942528735632185 0.8961538461538462 0.14942528735632185
0 0.3057692307692308 0.08333333333333333 0.3057692307692308 0.08477011494252873 0.31153846153846154 0.08477011494252873 0.31153846153846154 0.08333333333333333 0.3057692307692308 0.08333333333333333
0 0.41923076923076924 0.09195402298850575 0.41923076923076924 0.09339080459770115 0.4269230769230769 0.09339080459770115 0.4269230769230769 0.09195402298850575 0.41923076923076924 0.09195402298850575
0 0.3211538461538462 0.20402298850574713 0.3211538461538462 0.20545977011494254 0.3230769230769231 0.20545977011494254 0.3230769230769231 0.20402298850574713 0.3211538461538462 0.20402298850574713
0 1.0384615384615385 0.5502873563218391 1.0384615384615385 0.5517241379310345 1.0480769230769231 0.5517241379310345 1.0480769230769231 0.5502873563218391 1.0384615384615385 0.5502873563218391
0 0.8769230769230769 0.004310344827586207 0.8769230769230769 0.005747126436781609 0.9019230769230769 0.005747126436781609 0.9019230769230769 0.004310344827586207 0.8769230769230769 0.004310344827586207
0 0.7634615384615384 0.2974137931034483 0.7634615384615384 0.2988505747126437 0.7884615384615384 0.2988505747126437 0.7884615384615384 0.2974137931034483 0.7634615384615384 0.2974137931034483
0 1.0942307692307693 0.7270114942528736 1.0942307692307693 0.728448275862069 1.101923076923077 0.728448275862069 1.101923076923077 0.7270114942528736 1.0942307692307693 0.7270114942528736
0 1.2211538461538463 0.4109195402298851 1.2211538461538463 0.41235632183908044 1.225 0.41235632183908044 1.225 0.4109195402298851 1.2211538461538463 0.4109195402298851
0 0.07884615384615384 0.040229885057471264 0.07884615384615384 0.041666666666666664 0.09230769230769231 0.041666666666666664 0.09230769230769231 0.040229885057471264 0.07884615384615384 0.040229885057471264
0 0.5673076923076923 0.6293103448275862 0.5673076923076923 0.6307471264367817 0.5942307692307692 0.6307471264367817 0.5942307692307692 0.6293103448275862 0.5673076923076923 0.6293103448275862
0 1.0 0.5258620689655172 1.0 0.5272988505747126 1.0115384615384615 0.5272988505747126 1.0115384615384615 0.5258620689655172 1.0 0.5258620689655172
0 0.7480769230769231 0.035919540229885055 0.7480769230769231 0.03735632183908046 0.7615384615384615 0.03735632183908046 0.7615384615384615 0.035919540229885055 0.7480769230769231 0.035919540229885055
0 1.0538461538461539 0.022988505747126436 1.0538461538461539 0.02442528735632184 1.0807692307692307 0.02442528735632184 1.0807692307692307 0.022988505747126436 1.0538461538461539 0.022988505747126436
0 0.3346153846153846 0.007183908045977011 0.3346153846153846 0.008620689655172414 0.34423076923076923 0.008620689655172414 0.34423076923076923 0.007183908045977011 0.3346153846153846 0.007183908045977011
0 0.4115384615384615 0.17385057471264367 0.4115384615384615 0.1752873563218391 0.41346153846153844 0.1752873563218391 0.41346153846153844 0.17385057471264367 0.4115384615384615 0.17385057471264367
0 0.011538461538461539 0.23994252873563218 0.011538461538461539 0.2413793103448276 0.021153846153846155 0.2413793103448276 0.021153846153846155 0.23994252873563218 0.011538461538461539 0.23994252873563218
0 1.3211538461538461 0.47126436781609193 1.3211538461538461 0.47270114942528735 1.3384615384615384 0.47270114942528735 1.3384615384615384 0.47126436781609193 1.3211538461538461 0.47126436781609193
0 0.5307692307692308 0.23132183908045978 0.5307692307692308 0.23275862068965517 0.5442307692307692 0.23275862068965517 0.5442307692307692 0.23132183908045978 0.5307692307692308 0.23132183908045978
0 1.1692307692307693 0.7183908045977011 1.1692307692307693 0.7198275862068966 1.1788461538461539 0.7198275862068966 1.1788461538461539 0.7183908045977011 1.1692307692307693 0.7183908045977011
0 0.573076923076923 0.035919540229885055 0.573076923076923 0.03735632183908046 0.5923076923076923 0.03735632183908046 0.5923076923076923 0.035919540229885055 0.573076923076923 0.035919540229885055
0 0.7057692307692308 0.45545977011494254 0.7057692307692308 0.45689655172413796 0.7076923076923077 0.45689655172413796 0.7076923076923077 0.45545977011494254 0.7057692307692308 0.45545977011494254
0 0.8673076923076923 0.4224137931034483 0.8673076923076923 0.4238505747126437 0.8865384615384615 0.4238505747126437 0.8865384615384615 0.4224137931034483 0.8673076923076923 0.4224137931034483
0 0.9076923076923077 0.011494252873563218 0.9076923076923077 0.01293103448275862 0.9211538461538461 0.01293103448275862 0.9211538461538461 0.011494252873563218 0.9076923076923077 0.011494252873563218
0 0.19230769230769232 0.5474137931034483 0.19230769230769232 0.5488505747126436 0.2076923076923077 0.5488505747126436 0.2076923076923077 0.5474137931034483 0.19230769230769232 0.5474137931034483
0 0.019230769230769232 0.1910919540229885 0.019230769230769232 0.1925287356321839 0.03653846153846154 0.1925287356321839 0.03653846153846154 0.1910919540229885 0.019230769230769232 0.1910919540229885
0 0.5384615384615384 0.4166666666666667 0.5384615384615384 0.41810344827586204 0.5442307692307692 0.41810344827586204 0.5442307692307692 0.4166666666666667 0.5384615384615384 0.4166666666666667
0 1.0884615384615384 0.6752873563218391 1.0884615384615384 0.6767241379310345 1.0961538461538463 0.6767241379310345 1.0961538461538463 0.6752873563218391 1.0884615384615384 0.6752873563218391
0 0.023076923076923078 0.6422413793103449 0.023076923076923078 0.6436781609195402 0.03076923076923077 0.6436781609195402 0.03076923076923077 0.6422413793103449 0.023076923076923078 0.6422413793103449
0 0.6365384615384615 0.0028735632183908046 0.6365384615384615 0.004310344827586207 0.6538461538461539 0.004310344827586207 0.6538461538461539 0.0028735632183908046 0.6365384615384615 0.0028735632183908046
0 0.9384615384615385 0.1896551724137931 0.9384615384615385 0.1910919540229885 0.9442307692307692 0.1910919540229885 0.9442307692307692 0.1896551724137931 0.9384615384615385 0.1896551724137931
0 0.95 0.5632183908045977 0.95 0.5646551724137931 0.9692307692307692 0.5646551724137931 0.9692307692307692 0.5632183908045977 0.95 0.5632183908045977
0 1.301923076923077 0.4813218390804598 1.301923076923077 0.4827586206896552 1.3153846153846154 0.4827586206896552 1.3153846153846154 0.4813218390804598 1.301923076923077 0.4813218390804598
0 0.5596153846153846 0.646551724137931 0.5596153846153846 0.6479885057471264 0.5692307692307692 0.6479885057471264 0.5692307692307692 0.646551724137931 0.5596153846153846 0.646551724137931
0 0.7384615384615385 0.2413793103448276 0.7384615384615385 0.24281609195402298 0.7538461538461538 0.24281609195402298 0.7538461538461538 0.2413793103448276 0.7384615384615385 0.2413793103448276
0 0.9692307692307692 0.28879310344827586 0.9692307692307692 0.29022988505747127 0.9711538461538461 0.29022988505747127 0.9711538461538461 0.28879310344827586 0.9692307692307692 0.28879310344827586
0 0.9961538461538462 0.3218390804597701 0.9961538461538462 0.3232758620689655 1.0038461538461538 0.3232758620689655 1.0038461538461538 0.3218390804597701 0.9961538461538462 0.3218390804597701
0 0.8384615384615385 0.1824712643678161 0.8384615384615385 0.1839080459770115 0.8442307692307692 0.1839080459770115 0.8442307692307692 0.1824712643678161 0.8384615384615385 0.1824712643678161
0 0.08269230769230769 0.3850574712643678 0.08269230769230769 0.3864942528735632 0.09615384615384616 0.3864942528735632 0.09615384615384616 0.3850574712643678 0.08269230769230769 0.3850574712643678
0 0.05384615384615385 0.0 0.05384615384615385 0.0014367816091954023 0.08653846153846154 0.0014367816091954023 0.08653846153846154 0.0 0.05384615384615385 0.0
0 0.8 0.6968390804597702 0.8 0.6982758620689655 0.8134615384615385 0.6982758620689655 0.8134615384615385 0.6968390804597702 0.8 0.6968390804597702
0 0.9346153846153846 0.6479885057471264 0.9346153846153846 0.6494252873563219 0.9403846153846154 0.6494252873563219 0.9403846153846154 0.6479885057471264 0.9346153846153846 0.6479885057471264
0 0.29615384615384616 0.5704022988505747 0.29615384615384616 0.5718390804597702 0.2980769230769231 0.5718390804597702 0.2980769230769231 0.5704022988505747 0.29615384615384616 0.5704022988505747
0 0.7711538461538462 0.20114942528735633 0.7711538461538462 0.2025862068965517 0.775 0.2025862068965517 0.775 0.20114942528735633 0.7711538461538462 0.20114942528735633
0 0.4634615384615385 0.14655172413793102 0.4634615384615385 0.14798850574712644 0.47692307692307695 0.14798850574712644 0.47692307692307695 0.14655172413793102 0.4634615384615385 0.14655172413793102
0 0.6826923076923077 0.44396551724137934 0.6826923076923077 0.4454022988505747 0.6903846153846154 0.4454022988505747 0.6903846153846154 0.44396551724137934 0.6826923076923077 0.44396551724137934
0 0.801923076923077 0.2629310344827586 0.801923076923077 0.26436781609195403 0.8115384615384615 0.26436781609195403 0.8115384615384615 0.2629310344827586 0.801923076923077 0.2629310344827586
0 1.0538461538461539 0.10632183908045977 1.0538461538461539 0.10775862068965517 1.0596153846153846 0.10775862068965517 1.0596153846153846 0.10632183908045977 1.0538461538461539 0.10632183908045977
0 0.2692307692307692 0.015804597701149427 0.2692307692307692 0.017241379310344827 0.27692307692307694 0.017241379310344827 0.27692307692307694 0.015804597701149427 0.2692307692307692 0.015804597701149427
0 0.4288461538461538 0.5560344827586207 0.4288461538461538 0.5574712643678161 0.43846153846153846 0.5574712643678161 0.43846153846153846 0.5560344827586207 0.4288461538461538 0.5560344827586207
0 1.2 0.03735632183908046 1.2 0.03879310344827586 1.2115384615384615 0.03879310344827586 1.2115384615384615 0.03735632183908046 1.2 0.03735632183908046
0 0.11538461538461539 0.0 0.11538461538461539 0.0014367816091954023 0.14423076923076922 0.0014367816091954023 0.14423076923076922 0.0 0.11538461538461539 0.0
0 0.40576923076923077 0.10488505747126436 0.40576923076923077 0.10632183908045977 0.4230769230769231 0.10632183908045977 0.4230769230769231 0.10488505747126436 0.40576923076923077 0.10488505747126436
0 0.057692307692307696 0.21839080459770116 0.057692307692307696 0.21982758620689655 0.0673076923076923 0.21982758620689655 0.0673076923076923 0.21839080459770116 0.057692307692307696 0.21839080459770116
0 0.7576923076923077 0.005747126436781609 0.7576923076923077 0.007183908045977011 0.7673076923076924 0.007183908045977011 0.7673076923076924 0.005747126436781609 0.7576923076923077 0.005747126436781609
0 0.2153846153846154 0.5258620689655172 0.2153846153846154 0.5272988505747126 0.22115384615384615 0.5272988505747126 0.22115384615384615 0.5258620689655172 0.2153846153846154 0.5258620689655172
0 0.14038461538461539 0.10919540229885058 0.14038461538461539 0.11063218390804598 0.14423076923076922 0.11063218390804598 0.14423076923076922 0.10919540229885058 0.14038461538461539 0.10919540229885058
0 0.7365384615384616 0.16666666666666666 0.7365384615384616 0.16810344827586207 0.7384615384615385 0.16810344827586207 0.7384615384615385 0.16666666666666666 0.7365384615384616 0.16666666666666666
0 1.1153846153846154 0.06321839080459771 1.1153846153846154 0.06465517241379311 1.1192307692307693 0.06465517241379311 1.1192307692307693 0.06321839080459771 1.1153846153846154 0.06321839080459771
0 0.4096153846153846 0.21408045977011494 0.4096153846153846 0.21551724137931033 0.4115384615384615 0.21551724137931033 0.4115384615384615 0.21408045977011494 0.4096153846153846 0.21408045977011494
0 1.0826923076923076 0.6192528735632183 1.0826923076923076 0.6206896551724138 1.0923076923076922 0.6206896551724138 1.0923076923076922 0.6192528735632183 1.0826923076923076 0.6192528735632183
0 0.4288461538461538 0.11350574712643678 0.4288461538461538 0.11494252873563218 0.4307692307692308 0.11494252873563218 0.4307692307692308 0.11350574712643678 0.4288461538461538 0.11350574712643678
0 0.775 0.16810344827586207 0.775 0.16954022988505746 0.7846153846153846 0.16954022988505746 0.7846153846153846 0.16810344827586207 0.775 0.16810344827586207
0 0.9134615384615384 0.22701149425287356 0.9134615384615384 0.22844827586206898 0.9153846153846154 0.22844827586206898 0.9153846153846154 0.22701149425287356 0.9134615384615384 0.22701149425287356
0 0.49230769230769234 0.07471264367816093 0.49230769230769234 0.07614942528735633 0.5076923076923077 0.07614942528735633 0.5076923076923077 0.07471264367816093 0.49230769230769234 0.07471264367816093
0 0.2692307692307692 0.20833333333333334 0.2692307692307692 0.20977011494252873 0.2826923076923077 0.20977011494252873 0.2826923076923077 0.20833333333333334 0.2692307692307692 0.20833333333333334
0 1.3115384615384615 0.01293103448275862 1.3115384615384615 0.014367816091954023 1.3153846153846154 0.014367816091954023 1.3153846153846154 0.01293103448275862 1.3115384615384615 0.01293103448275862
0 0.26346153846153847 0.49712643678160917 0.26346153846153847 0.4985632183908046 0.2673076923076923 0.4985632183908046 0.2673076923076923 0.49712643678160917 0.26346153846153847 0.49712643678160917
0 0.11538461538461539 0.15086206896551724 0.11538461538461539 0.15229885057471265 0.12307692307692308 0.15229885057471265 0.12307692307692308 0.15086206896551724 0.11538461538461539 0.15086206896551724
0 0.25576923076923075 0.09913793103448276 0.25576923076923075 0.10057471264367816 0.27692307692307694 0.10057471264367816 0.27692307692307694 0.09913793103448276 0.25576923076923075 0.09913793103448276
0 0.37115384615384617 0.7169540229885057 0.37115384615384617 0.7183908045977011 0.3769230769230769 0.7183908045977011 0.3769230769230769 0.7169540229885057 0.37115384615384617 0.7169540229885057
0 0.9692307692307692 0.22844827586206898 0.9692307692307692 0.22988505747126436 0.9711538461538461 0.22988505747126436 0.9711538461538461 0.22844827586206898 0.9692307692307692 0.22844827586206898
0 0.35192307692307695 0.4238505747126437 0.35192307692307695 0.42528735632183906 0.35384615384615387 0.42528735632183906 0.35384615384615387 0.4238505747126437 0.35192307692307695 0.4238505747126437
0 0.7711538461538462 0.6867816091954023 0.7711538461538462 0.6882183908045977 0.7730769230769231 0.6882183908045977 0.7730769230769231 0.6867816091954023 0.7711538461538462 0.6867816091954023
0 1.3269230769230769 0.21551724137931033 1.3269230769230769 0.21695402298850575 1.3384615384615384 0.21695402298850575 1.3384615384615384 0.21551724137931033 1.3269230769230769 0.21551724137931033
0 0.6 0.5991379310344828 0.6 0.6005747126436781 0.6269230769230769 0.6005747126436781 0.6269230769230769 0.5991379310344828 0.6 0.5991379310344828
0 1.0 0.0 1.0 0.0014367816091954023 1.0057692307692307 0.0014367816091954023 1.0057692307692307 0.0 1.0 0.0
0 0.4480769230769231 0.007183908045977011 0.4480769230769231 0.008620689655172414 0.4596153846153846 0.008620689655172414 0.4596153846153846 0.007183908045977011 0.4480769230769231 0.007183908045977011
0 0.7557692307692307 0.08908045977011494 0.7557692307692307 0.09051724137931035 0.7634615384615384 0.09051724137931035 0.7634615384615384 0.08908045977011494 0.7557692307692307 0.08908045977011494
0 0.3557692307692308 0.5948275862068966 0.3557692307692308 0.5962643678160919 0.375 0.5962643678160919 0.375 0.5948275862068966 0.3557692307692308 0.5948275862068966
0 0.15 0.22413793103448276 0.15 0.22557471264367815 0.1519230769230769 0.22557471264367815 0.1519230769230769 0.22413793103448276 0.15 0.22413793103448276
0 0.8711538461538462 0.42528735632183906 0.8711538461538462 0.4267241379310345 0.8769230769230769 0.4267241379310345 0.8769230769230769 0.42528735632183906 0.8711538461538462 0.42528735632183906
0 0.65 0.5545977011494253 0.65 0.5560344827586207 0.6711538461538461 0.5560344827586207 0.6711538461538461 0.5545977011494253 0.65 0.5545977011494253
0 0.7 0.08620689655172414 0.7 0.08764367816091954 0.7096153846153846 0.08764367816091954 0.7096153846153846 0.08620689655172414 0.7 0.08620689655172414