0 0.6884615384615385 0.27729885057471265 0.6884615384615385 0.27873563218390807 0.698076923076923 0.27873563218390807 0.698076923076923 0.27729885057471265 0.6884615384615385 0.27729885057471265
0 0.5153846153846153 0.0 0.5153846153846153 0.0014367816091954023 0.573076923076923 0.0014367816091954023 0.573076923076923 0.0 0.5153846153846153 0.0
0 0.36730769230769234 0.24856321839080459 0.36730769230769234 0.25 0.38269230769230766 0.25 0.38269230769230766 0.24856321839080459 0.36730769230769234 0.24856321839080459
0 0.8865384615384615 0.36637931034482757 0.8865384615384615 0.367816091954023 0.8942307692307693 0.367816091954023 0.8942307692307693 0.36637931034482757 0.8865384615384615 0.36637931034482757
0 1.2538461538461538 0.16235632183908047 1.2538461538461538 0.16379310344827586 1.273076923076923 0.16379310344827586 1.273076923076923 0.16235632183908047 1.2538461538461538 0.16235632183908047
0 1.15 0.29022988505747127 1.15 0.2916666666666667 1.1692307692307693 0.2916666666666667 1.1692307692307693 0.29022988505747127 1.15 0.29022988505747127
0 0.7192307692307692 0.14798850574712644 0.7192307692307692 0.14942528735632185 0.7346153846153847 0.14942528735632185 0.7346153846153847 0.14798850574712644 0.7192307692307692 0.14798850574712644
0 0.5384615384615384 0.017241379310344827 0.5384615384615384 0.01867816091954023 0.5634615384615385 0.01867816091954023 0.5634615384615385 0.017241379310344827 0.5384615384615384 0.017241379310344827
0 0.9846153846153847 0.28160919540229884 0.9846153846153847 0.28304597701149425 1.0 0.28304597701149425 1.0 0.28160919540229884 0.9846153846153847 0.28160919540229884
0 1.3192307692307692 0.31896551724137934 1.3192307692307692 0.3204022988505747 1.3269230769230769 0.3204022988505747 1.3269230769230769 0.31896551724137934 1.3192307692307692 0.31896551724137934
0 0.8596153846153847 0.34339080459770116 0.8596153846153847 0.3448275862068966 0.8807692307692307 0.3448275862068966 0.8807692307692307 0.34339080459770116 0.8596153846153847 0.34339080459770116
0 1.2057692307692307 0.39655172413793105 1.2057692307692307 0.39798850574712646 1.2096153846153845 0.39798850574712646 1.2096153846153845 0.39655172413793105 1.2057692307692307 0.39655172413793105
0 0.22692307692307692 0.11063218390804598 0.22692307692307692 0.11206896551724138 0.24807692307692308 0.11206896551724138 0.24807692307692308 0.11063218390804598 0.22692307692307692 0.11063218390804598
0 0.12307692307692308 0.0 0.12307692307692308 0.0014367816091954023 0.17115384615384616 0.0014367816091954023 0.17115384615384616 0.0 0.12307692307692308 0.0
0 1.2596153846153846 0.34913793103448276 1.2596153846153846 0.3505747126436782 1.2788461538461537 0.3505747126436782 1.2788461538461537 0.34913793103448276 1.2596153846153846 0.34913793103448276
0 1.0826923076923076 0.16235632183908047 1.0826923076923076 0.16379310344827586 1.0884615384615384 0.16379310344827586 1.0884615384615384 0.16235632183908047 1.0826923076923076 0.16235632183908047
0 0.06346153846153846 0.06465517241379311 0.06346153846153846 0.06609195402298851 0.1 0.06609195402298851 0.1 0.06465517241379311 0.06346153846153846 0.06465517241379311
0 0.7365384615384616 0.12643678160919541 0.7365384615384616 0.1278735632183908 0.75 0.1278735632183908 0.75 0.12643678160919541 0.7365384615384616 0.12643678160919541
0 0.15576923076923077 0.08477011494252873 0.15576923076923077 0.08620689655172414 0.175 0.08620689655172414 0.175 0.08477011494252873 0.15576923076923077 0.08477011494252873
0 1.3096153846153846 0.29310344827586204 1.3096153846153846 0.29454022988505746 1.3269230769230769 0.29454022988505746 1.3269230769230769 0.29310344827586204 1.3096153846153846 0.29310344827586204
0 0.6134615384615385 0.12643678160919541 0.6134615384615385 0.1278735632183908 0.6288461538461538 0.1278735632183908 0.6288461538461538 0.12643678160919541 0.6134615384615385 0.12643678160919541
0 1.075 0.17097701149425287 1.075 0.1724137931034483 1.0903846153846153 0.1724137931034483 1.0903846153846153 0.17097701149425287 1.075 0.17097701149425287
0 0.011538461538461539 0.2959770114942529 0.011538461538461539 0.2974137931034483 0.026923076923076925 0.2974137931034483 0.026923076923076925 0.2959770114942529 0.011538461538461539 0.2959770114942529
0 0.22115384615384615 0.1882183908045977 0.22115384615384615 0.1896551724137931 0.23846153846153847 0.1896551724137931 0.23846153846153847 0.1882183908045977 0.22115384615384615 0.1882183908045977
0 0.8153846153846154 0.40086206896551724 0.8153846153846154 0.40229885057471265 0.8269230769230769 0.40229885057471265 0.8269230769230769 0.40086206896551724 0.8153846153846154 0.40086206896551724
0 0.6365384615384615 0.37787356321839083 0.6365384615384615 0.3793103448275862 0.6576923076923077 0.3793103448275862 0.6576923076923077 0.37787356321839083 0.6365384615384615 0.37787356321839083
0 0.47307692307692306 0.10344827586206896 0.47307692307692306 0.10488505747126436 0.47692307692307695 0.10488505747126436 0.47692307692307695 0.10344827586206896 0.47307692307692306 0.10344827586206896
0 0.18653846153846154 0.0 0.18653846153846154 0.0014367816091954023 0.2326923076923077 0.0014367816091954023 0.2326923076923077 0.0 0.18653846153846154 0.0
0 0.5192307692307693 0.6724137931034483 0.5192307692307693 0.6738505747126436 0.525 0.6738505747126436 0.525 0.6724137931034483 0.5192307692307693 0.6724137931034483
0 0.17115384615384616 0.257183908045977 0.17115384615384616 0.25862068965517243 0.19423076923076923 0.25862068965517243 0.19423076923076923 0.257183908045977 0.17115384615384616 0.257183908045977
0 0.40192307692307694 0.0 0.40192307692307694 0.0014367816091954023 0.43653846153846154 0.0014367816091954023 0.43653846153846154 0.0 0.40192307692307694 0.0
0 0.7711538461538462 0.6925287356321839 0.7711538461538462 0.6939655172413793 0.7769230769230769 0.6939655172413793 0.7769230769230769 0.6925287356321839 0.7711538461538462 0.6925287356321839
0 1.3134615384615385 0.05603448275862069 1.3134615384615385 0.05747126436781609 1.3346153846153845 0.05747126436781609 1.3346153846153845 0.05603448275862069 1.3134615384615385 0.05603448275862069
0 0.3019230769230769 0.0 0.3019230769230769 0.0014367816091954023 0.33653846153846156 0.0014367816091954023 0.33653846153846156 0.0 0.3019230769230769 0.0
0 0.20961538461538462 0.1781609195402299 0.20961538461538462 0.17959770114942528 0.22115384615384615 0.17959770114942528 0.22115384615384615 0.1781609195402299 0.20961538461538462 0.1781609195402299
0 0.9076923076923077 0.7385057471264368 0.9076923076923077 0.7399425287356322 0.9192307692307692 0.7399425287356322 0.9192307692307692 0.7385057471264368 0.9076923076923077 0.7385057471264368
0 0.7596153846153846 0.25862068965517243 0.7596153846153846 0.2600574712643678 0.775 0.2600574712643678 0.775 0.25862068965517243 0.7596153846153846 0.25862068965517243
0 1.0596153846153846 0.41954022988505746 1.0596153846153846 0.4209770114942529 1.0788461538461538 0.4209770114942529 1.0788461538461538 0.41954022988505746 1.0596153846153846 0.41954022988505746
0 1.1653846153846155 0.41235632183908044 1.1653846153846155 0.41379310344827586 1.175 0.41379310344827586 1.175 0.41235632183908044 1.1653846153846155 0.41235632183908044
0 0.4634615384615385 0.29022988505747127 0.4634615384615385 0.2916666666666667 0.4846153846153846 0.2916666666666667 0.4846153846153846 0.29022988505747127 0.4634615384615385 0.29022988505747127
0 0.8865384615384615 0.23132183908045978 0.8865384615384615 0.23275862068965517 0.8980769230769231 0.23275862068965517 0.8980769230769231 0.23132183908045978 0.8865384615384615 0.23132183908045978
0 1.2346153846153847 0.367816091954023 1.2346153846153847 0.3692528735632184 1.2634615384615384 0.3692528735632184 1.2634615384615384 0.367816091954023 1.2346153846153847 0.367816091954023
0 0.9961538461538462 0.07471264367816093 0.9961538461538462 0.07614942528735633 1.0038461538461538 0.07614942528735633 1.0038461538461538 0.07471264367816093 0.9961538461538462 0.07471264367816093
0 0.4153846153846154 0.6307471264367817 0.4153846153846154 0.632183908045977 0.4230769230769231 0.632183908045977 0.4230769230769231 0.6307471264367817 0.4153846153846154 0.6307471264367817
0 1.1634615384615385 0.3692528735632184 1.1634615384615385 0.3706896551724138 1.1865384615384615 0.3706896551724138 1.1865384615384615 0.3692528735632184 1.1634615384615385 0.3692528735632184
0 0.20576923076923076 0.05172413793103448 0.20576923076923076 0.05316091954022988 0.21923076923076923 0.05316091954022988 0.21923076923076923 0.05172413793103448 0.20576923076923076 0.05172413793103448
0 1.1115384615384616 0.43103448275862066 1.1115384615384616 0.4324712643678161 1.1288461538461538 0.4324712643678161 1.1288461538461538 0.43103448275862066 1.1115384615384616 0.43103448275862066
0 0.1519230769230769 0.22270114942528735 0.1519230769230769 0.22413793103448276 0.17307692307692307 0.22413793103448276 0.17307692307692307 0.22270114942528735 0.1519230769230769 0.22270114942528735
0 0.6 0.3017241379310345 0.6 0.3031609195402299 0.6115384615384616 0.3031609195402299 0.6115384615384616 0.3017241379310345 0.6 0.3017241379310345
0 0.6596153846153846 0.3160919540229885 0.6596153846153846 0.3175287356321839 0.676923076923077 0.3175287356321839 0.676923076923077 0.3160919540229885 0.6596153846153846 0.3160919540229885
0 0.7173076923076923 0.2974137931034483 0.7173076923076923 0.2988505747126437 0.7307692307692307 0.2988505747126437 0.7307692307692307 0.2974137931034483 0.7173076923076923 0.2974137931034483
0 1.0269230769230768 0.4583333333333333 1.0269230769230768 0.45977011494252873 1.0307692307692307 0.45977011494252873 1.0307692307692307 0.4583333333333333 1.0269230769230768 0.4583333333333333
0 0.175 0.041666666666666664 0.175 0.04310344827586207 0.18461538461538463 0.04310344827586207 0.18461538461538463 0.041666666666666664 0.175 0.041666666666666664
0 0.3192307692307692 0.27873563218390807 0.3192307692307692 0.2801724137931034 0.3230769230769231 0.2801724137931034 0.3230769230769231 0.27873563218390807 0.3192307692307692 0.27873563218390807
0 0.36153846153846153 0.40086206896551724 0.36153846153846153 0.40229885057471265 0.38461538461538464 0.40229885057471265 0.38461538461538464 0.40086206896551724 0.36153846153846153 0.40086206896551724
0 0.34615384615384615 0.7413793103448276 0.34615384615384615 0.742816091954023 0.35384615384615387 0.742816091954023 0.35384615384615387 0.7413793103448276 0.34615384615384615 0.7413793103448276
0 0.46153846153846156 0.0 0.46153846153846156 0.0014367816091954023 0.5 0.0014367816091954023 0.5 0.0 0.46153846153846156 0.0
0 0.7211538461538461 0.04597701149425287 0.7211538461538461 0.04741379310344827 0.7423076923076923 0.04741379310344827 0.7423076923076923 0.04597701149425287 0.7211538461538461 0.04597701149425287
0 0.2846153846153846 0.2514367816091954 0.2846153846153846 0.25287356321839083 0.3153846153846154 0.25287356321839083 0.3153846153846154 0.2514367816091954 0.2846153846153846 0.2514367816091954
0 0.7192307692307692 0.26436781609195403 0.7192307692307692 0.26580459770114945 0.7230769230769231 0.26580459770114945 0.7230769230769231 0.26436781609195403 0.7192307692307692 0.26436781609195403
0 0.8519230769230769 0.08764367816091954 0.8519230769230769 0.08908045977011494 0.8692307692307693 0.08908045977011494 0.8692307692307693 0.08764367816091954 0.8519230769230769 0.08764367816091954