0 0.23846153846153847 0.3232758620689655 0.23846153846153847 0.32471264367816094 0.24807692307692308 0.32471264367816094 0.24807692307692308 0.3232758620689655 0.23846153846153847 0.3232758620689655
0 0.7326923076923076 0.5617816091954023 0.7326923076923076 0.5632183908045977 0.7480769230769231 0.5632183908045977 0.7480769230769231 0.5617816091954023 0.7326923076923076 0.5617816091954023
0 1.2576923076923077 0.28735632183908044 1.2576923076923077 0.28879310344827586 1.2615384615384615 0.28879310344827586 1.2615384615384615 0.28735632183908044 1.2576923076923077 0.28735632183908044
0 1.3307692307692307 0.32471264367816094 1.3307692307692307 0.3261494252873563 1.3384615384615384 0.3261494252873563 1.3384615384615384 0.32471264367816094 1.3307692307692307 0.32471264367816094
0 0.525 0.16810344827586207 0.525 0.16954022988505746 0.5365384615384615 0.16954022988505746 0.5365384615384615 0.16810344827586207 0.525 0.16810344827586207
0 0.8365384615384616 0.514367816091954 0.8365384615384616 0.5158045977011494 0.8538461538461538 0.5158045977011494 0.8538461538461538 0.514367816091954 0.8365384615384616 0.514367816091954
0 1.0538461538461539 0.1925287356321839 1.0538461538461539 0.1939655172413793 1.0596153846153846 0.1939655172413793 1.0596153846153846 0.1925287356321839 1.0538461538461539 0.1925287356321839
0 0.4596153846153846 0.47701149425287354 0.4596153846153846 0.47844827586206895 0.47307692307692306 0.47844827586206895 0.47307692307692306 0.47701149425287354 0.4596153846153846 0.47701149425287354
0 0.09615384615384616 0.09339080459770115 0.09615384615384616 0.09482758620689655 0.1076923076923077 0.09482758620689655 0.1076923076923077 0.09339080459770115 0.09615384615384616 0.09339080459770115
0 0.13076923076923078 0.34195402298850575 0.13076923076923078 0.34339080459770116 0.13653846153846153 0.34339080459770116 0.13653846153846153 0.34195402298850575 0.13076923076923078 0.34195402298850575
0 0.40576923076923077 0.47844827586206895 0.40576923076923077 0.47988505747126436 0.4173076923076923 0.47988505747126436 0.4173076923076923 0.47844827586206895 0.40576923076923077 0.47844827586206895
0 0.9634615384615385 0.4454022988505747 0.9634615384615385 0.4468390804597701 0.9923076923076923 0.4468390804597701 0.9923076923076923 0.4454022988505747 0.9634615384615385 0.4454022988505747
0 0.4326923076923077 0.1278735632183908 0.4326923076923077 0.12931034482758622 0.43846153846153846 0.12931034482758622 0.43846153846153846 0.1278735632183908 0.4326923076923077 0.1278735632183908
0 0.3230769230769231 0.17385057471264367 0.3230769230769231 0.1752873563218391 0.32884615384615384 0.1752873563218391 0.32884615384615384 0.17385057471264367 0.3230769230769231 0.17385057471264367
0 0.43653846153846154 0.4051724137931034 0.43653846153846154 0.40660919540229884 0.45 0.40660919540229884 0.45 0.4051724137931034 0.43653846153846154 0.4051724137931034
0 1.0365384615384616 0.30603448275862066 1.0365384615384616 0.3074712643678161 1.0442307692307693 0.3074712643678161 1.0442307692307693 0.30603448275862066 1.0365384615384616 0.30603448275862066
0 1.0442307692307693 0.6623563218390804 1.0442307692307693 0.6637931034482759 1.0461538461538462 0.6637931034482759 1.0461538461538462 0.6623563218390804 1.0442307692307693 0.6623563218390804
0 0.9384615384615385 0.21551724137931033 0.9384615384615385 0.21695402298850575 0.9519230769230769 0.21695402298850575 0.9519230769230769 0.21551724137931033 0.9384615384615385 0.21551724137931033
0 0.29615384615384616 0.4985632183908046 0.29615384615384616 0.5 0.3192307692307692 0.5 0.3192307692307692 0.4985632183908046 0.29615384615384616 0.4985632183908046
0 0.14038461538461539 0.4540229885057471 0.14038461538461539 0.45545977011494254 0.14615384615384616 0.45545977011494254 0.14615384615384616 0.4540229885057471 0.14038461538461539 0.4540229885057471
0 0.9442307692307692 0.6494252873563219 0.9442307692307692 0.6508620689655172 0.9519230769230769 0.6508620689655172 0.9519230769230769 0.6494252873563219 0.9442307692307692 0.6494252873563219
0 0.6346153846153846 0.632183908045977 0.6346153846153846 0.6336206896551724 0.6480769230769231 0.6336206896551724 0.6480769230769231 0.632183908045977 0.6346153846153846 0.632183908045977
0 0.9384615384615385 0.21408045977011494 0.9384615384615385 0.21551724137931033 0.948076923076923 0.21551724137931033 0.948076923076923 0.21408045977011494 0.9384615384615385 0.21408045977011494
0 0.8365384615384616 0.46839080459770116 0.8365384615384616 0.4698275862068966 0.8480769230769231 0.4698275862068966 0.8480769230769231 0.46839080459770116 0.8365384615384616 0.46839080459770116
0 0.9326923076923077 0.6336206896551724 0.9326923076923077 0.6350574712643678 0.9365384615384615 0.6350574712643678 0.9365384615384615 0.6336206896551724 0.9326923076923077 0.6336206896551724
0 0.6673076923076923 0.05890804597701149 0.6673076923076923 0.0603448275862069 0.6807692307692308 0.0603448275862069 0.6807692307692308 0.05890804597701149 0.6673076923076923 0.05890804597701149
0 0.7673076923076924 0.5732758620689655 0.7673076923076924 0.5747126436781609 0.7846153846153846 0.5747126436781609 0.7846153846153846 0.5732758620689655 0.7673076923076924 0.5732758620689655
0 0.22692307692307692 0.41810344827586204 0.22692307692307692 0.41954022988505746 0.24423076923076922 0.41954022988505746 0.24423076923076922 0.41810344827586204 0.22692307692307692 0.41810344827586204
0 0.6461538461538462 0.07902298850574713 0.6461538461538462 0.08045977011494253 0.675 0.08045977011494253 0.675 0.07902298850574713 0.6461538461538462 0.07902298850574713
0 0.2923076923076923 0.22126436781609196 0.2923076923076923 0.22270114942528735 0.3211538461538462 0.22270114942528735 0.3211538461538462 0.22126436781609196 0.2923076923076923 0.22126436781609196
0 0.12884615384615383 0.0 0.12884615384615383 0.0014367816091954023 0.18076923076923077 0.0014367816091954023 0.18076923076923077 0.0 0.12884615384615383 0.0
0 0.8692307692307693 0.14367816091954022 0.8692307692307693 0.14511494252873564 0.8865384615384615 0.14511494252873564 0.8865384615384615 0.14367816091954022 0.8692307692307693 0.14367816091954022
0 0.7884615384615384 0.0 0.7884615384615384 0.0014367816091954023 0.8211538461538461 0.0014367816091954023 0.8211538461538461 0.0 0.7884615384615384 0.0
0 1.146153846153846 0.632183908045977 1.146153846153846 0.6336206896551724 1.15 0.6336206896551724 1.15 0.632183908045977 1.146153846153846 0.632183908045977
0 1.0788461538461538 0.022988505747126436 1.0788461538461538 0.02442528735632184 1.101923076923077 0.02442528735632184 1.101923076923077 0.022988505747126436 1.0788461538461538 0.022988505747126436
0 0.6115384615384616 0.25862068965517243 0.6115384615384616 0.2600574712643678 0.625 0.2600574712643678 0.625 0.25862068965517243 0.6115384615384616 0.25862068965517243
0 0.4153846153846154 0.6752873563218391 0.4153846153846154 0.6767241379310345 0.4288461538461538 0.6767241379310345 0.4288461538461538 0.6752873563218391 0.4153846153846154 0.6752873563218391
0 0.5 0.5258620689655172 0.5 0.5272988505747126 0.5076923076923077 0.5272988505747126 0.5076923076923077 0.5258620689655172 0.5 0.5258620689655172
0 1.0134615384615384 0.5517241379310345 1.0134615384615384 0.5531609195402298 1.0269230769230768 0.5531609195402298 1.0269230769230768 0.5517241379310345 1.0134615384615384 0.5517241379310345
0 1.2923076923076924 0.10919540229885058 1.2923076923076924 0.11063218390804598 1.3 0.11063218390804598 1.3 0.10919540229885058 1.2923076923076924 0.10919540229885058
0 0.4673076923076923 0.375 0.4673076923076923 0.3764367816091954 0.475 0.3764367816091954 0.475 0.375 0.4673076923076923 0.375
0 0.4 0.6364942528735632 0.4 0.6379310344827587 0.41346153846153844 0.6379310344827587 0.41346153846153844 0.6364942528735632 0.4 0.6364942528735632
0 0.47115384615384615 0.5589080459770115 0.47115384615384615 0.5603448275862069 0.4846153846153846 0.5603448275862069 0.4846153846153846 0.5589080459770115 0.47115384615384615 0.5589080459770115
0 1.2673076923076922 0.6063218390804598 1.2673076923076922 0.6077586206896551 1.2769230769230768 0.6077586206896551 1.2769230769230768 0.6063218390804598 1.2673076923076922 0.6063218390804598
0 0.5115384615384615 0.0 0.5115384615384615 0.0014367816091954023 0.5538461538461539 0.0014367816091954023 0.5538461538461539 0.0 0.5115384615384615 0.0
0 0.8519230769230769 0.6336206896551724 0.8519230769230769 0.6350574712643678 0.8634615384615385 0.6350574712643678 0.8634615384615385 0.6336206896551724 0.8519230769230769 0.6336206896551724
0 0.5019230769230769 0.7183908045977011 0.5019230769230769 0.7198275862068966 0.5115384615384615 0.7198275862068966 0.5115384615384615 0.7183908045977011 0.5019230769230769 0.7183908045977011
0 1.2942307692307693 0.41379310344827586 1.2942307692307693 0.41522988505747127 1.3076923076923077 0.41522988505747127 1.3076923076923077 0.41379310344827586 1.2942307692307693 0.41379310344827586
0 0.4846153846153846 0.34626436781609193 0.4846153846153846 0.34770114942528735 0.4980769230769231 0.34770114942528735 0.4980769230769231 0.34626436781609193 0.4846153846153846 0.34626436781609193
0 0.11923076923076924 0.09482758620689655 0.11923076923076924 0.09626436781609195 0.1326923076923077 0.09626436781609195 0.1326923076923077 0.09482758620689655 0.11923076923076924 0.09482758620689655
0 1.1807692307692308 0.5732758620689655 1.1807692307692308 0.5747126436781609 1.1903846153846154 0.5747126436781609 1.1903846153846154 0.5732758620689655 1.1807692307692308 0.5732758620689655
0 1.0269230769230768 0.1824712643678161 1.0269230769230768 0.1839080459770115 1.0423076923076924 0.1839080459770115 1.0423076923076924 0.1824712643678161 1.0269230769230768 0.1824712643678161
0 0.20961538461538462 0.36063218390804597 0.20961538461538462 0.3620689655172414 0.22692307692307692 0.3620689655172414 0.22692307692307692 0.36063218390804597 0.20961538461538462 0.36063218390804597
0 0.8442307692307692 0.09482758620689655 0.8442307692307692 0.09626436781609195 0.8576923076923076 0.09626436781609195 0.8576923076923076 0.09482758620689655 0.8442307692307692 0.09482758620689655
0 0.625 0.0603448275862069 0.625 0.0617816091954023 0.6346153846153846 0.0617816091954023 0.6346153846153846 0.0603448275862069 0.625 0.0603448275862069
0 0.6211538461538462 0.6738505747126436 0.6211538461538462 0.6752873563218391 0.6346153846153846 0.6752873563218391 0.6346153846153846 0.6738505747126436 0.6211538461538462 0.6738505747126436
0 0.7653846153846153 0.1278735632183908 0.7653846153846153 0.12931034482758622 0.7692307692307693 0.12931034482758622 0.7692307692307693 0.1278735632183908 0.7653846153846153 0.1278735632183908
0 0.9884615384615385 0.28304597701149425 0.9884615384615385 0.28448275862068967 0.9961538461538462 0.28448275862068967 0.9961538461538462 0.28304597701149425 0.9884615384615385 0.28304597701149425
0 0.45 0.13218390804597702 0.45 0.1336206896551724 0.45576923076923076 0.1336206896551724 0.45576923076923076 0.13218390804597702 0.45 0.13218390804597702
0 0.27115384615384613 0.09195402298850575 0.27115384615384613 0.09339080459770115 0.2826923076923077 0.09339080459770115 0.2826923076923077 0.09195402298850575 0.27115384615384613 0.09195402298850575
0 0.0038461538461538464 0.22270114942528735 0.0038461538461538464 0.22413793103448276 0.011538461538461539 0.22413793103448276 0.011538461538461539 0.22270114942528735 0.0038461538461538464 0.22270114942528735
0 0.22692307692307692 0.46695402298850575 0.22692307692307692 0.46839080459770116 0.2519230769230769 0.46839080459770116 0.2519230769230769 0.46695402298850575 0.22692307692307692 0.46695402298850575
0 1.0192307692307692 0.3031609195402299 1.0192307692307692 0.3045977011494253 1.025 0.3045977011494253 1.025 0.3031609195402299 1.0192307692307692 0.3031609195402299
0 1.0673076923076923 0.6968390804597702 1.0673076923076923 0.6982758620689655 1.0711538461538461 0.6982758620689655 1.0711538461538461 0.6968390804597702 1.0673076923076923 0.6968390804597702
0 0.275 0.0 0.275 0.0014367816091954023 0.3153846153846154 0.0014367816091954023 0.3153846153846154 0.0 0.275 0.0
0 1.0423076923076924 0.01867816091954023 1.0423076923076924 0.020114942528735632 1.0596153846153846 0.020114942528735632 1.0596153846153846 0.01867816091954023 1.0423076923076924 0.01867816091954023
0 0.23461538461538461 0.6695402298850575 0.23461538461538461 0.6709770114942529 0.24423076923076922 0.6709770114942529 0.24423076923076922 0.6695402298850575 0.23461538461538461 0.6695402298850575
0 0.8692307692307693 0.2442528735632184 0.8692307692307693 0.24568965517241378 0.8769230769230769 0.24568965517241378 0.8769230769230769 0.2442528735632184 0.8692307692307693 0.2442528735632184
0 0.12692307692307692 0.5847701149425287 0.12692307692307692 0.5862068965517241 0.14615384615384616 0.5862068965517241 0.14615384615384616 0.5847701149425287 0.12692307692307692 0.5847701149425287
0 1.0192307692307692 0.28448275862068967 1.0192307692307692 0.2859195402298851 1.0384615384615385 0.2859195402298851 1.0384615384615385 0.28448275862068967 1.0192307692307692 0.28448275862068967
0 0.698076923076923 0.0 0.698076923076923 0.0014367816091954023 0.7192307692307692 0.0014367816091954023 0.7192307692307692 0.0 0.698076923076923 0.0
0 0.47884615384615387 0.4942528735632184 0.47884615384615387 0.4956896551724138 0.4846153846153846 0.4956896551724138 0.4846153846153846 0.4942528735632184 0.47884615384615387 0.4942528735632184
0 0.5423076923076923 0.6293103448275862 0.5423076923076923 0.6307471264367817 0.5596153846153846 0.6307471264367817 0.5596153846153846 0.6293103448275862 0.5423076923076923 0.6293103448275862
0 1.1211538461538462 0.015804597701149427 1.1211538461538462 0.017241379310344827 1.1384615384615384 0.017241379310344827 1.1384615384615384 0.015804597701149427 1.1211538461538462 0.015804597701149427
0 0.9865384615384616 0.2686781609195402 0.9865384615384616 0.27011494252873564 1.0 0.27011494252873564 1.0 0.2686781609195402 0.9865384615384616 0.2686781609195402
0 1.1096153846153847 0.6192528735632183 1.1096153846153847 0.6206896551724138 1.1153846153846154 0.6206896551724138 1.1153846153846154 0.6192528735632183 1.1096153846153847 0.6192528735632183
0 0.21153846153846154 0.2442528735632184 0.21153846153846154 0.24568965517241378 0.21923076923076923 0.24568965517241378 0.21923076923076923 0.2442528735632184 0.21153846153846154 0.2442528735632184
0 0.8 0.29022988505747127 0.8 0.2916666666666667 0.8192307692307692 0.2916666666666667 0.8192307692307692 0.29022988505747127 0.8 0.29022988505747127
0 0.36153846153846153 0.27586206896551724 0.36153846153846153 0.27729885057471265 0.38269230769230766 0.27729885057471265 0.38269230769230766 0.27586206896551724 0.36153846153846153 0.27586206896551724
0 0.04230769230769231 0.0 0.04230769230769231 0.0014367816091954023 0.09615384615384616 0.0014367816091954023 0.09615384615384616 0.0 0.04230769230769231 0.0
0 1.0673076923076923 0.6824712643678161 1.0673076923076923 0.6839080459770115 1.073076923076923 0.6839080459770115 1.073076923076923 0.6824712643678161 1.0673076923076923 0.6824712643678161
0 0.6153846153846154 0.34770114942528735 0.6153846153846154 0.34913793103448276 0.6269230769230769 0.34913793103448276 0.6269230769230769 0.34770114942528735 0.6153846153846154 0.34770114942528735
0 1.2230769230769232 0.031609195402298854 1.2230769230769232 0.033045977011494254 1.2346153846153847 0.033045977011494254 1.2346153846153847 0.031609195402298854 1.2230769230769232 0.031609195402298854
0 1.323076923076923 0.09482758620689655 1.323076923076923 0.09626436781609195 1.3384615384615384 0.09626436781609195 1.3384615384615384 0.09482758620689655 1.323076923076923 0.09482758620689655
0 0.9384615384615385 0.14655172413793102 0.9384615384615385 0.14798850574712644 0.9519230769230769 0.14798850574712644 0.9519230769230769 0.14655172413793102 0.9384615384615385 0.14655172413793102
0 0.775 0.29310344827586204 0.775 0.29454022988505746 0.7826923076923077 0.29454022988505746 0.7826923076923077 0.29310344827586204 0.775 0.29310344827586204
0 0.47307692307692306 0.2514367816091954 0.47307692307692306 0.25287356321839083 0.4826923076923077 0.25287356321839083 0.4826923076923077 0.2514367816091954 0.47307692307692306 0.2514367816091954
0 1.0769230769230769 0.0617816091954023 1.0769230769230769 0.06321839080459771 1.0865384615384615 0.06321839080459771 1.0865384615384615 0.0617816091954023 1.0769230769230769 0.0617816091954023
0 1.1288461538461538 0.30603448275862066 1.1288461538461538 0.3074712643678161 1.1346153846153846 0.3074712643678161 1.1346153846153846 0.30603448275862066 1.1288461538461538 0.30603448275862066
0 0.2673076923076923 0.5933908045977011 0.2673076923076923 0.5948275862068966 0.27884615384615385 0.5948275862068966 0.27884615384615385 0.5933908045977011 0.2673076923076923 0.5933908045977011
0 1.2846153846153847 0.007183908045977011 1.2846153846153847 0.008620689655172414 1.3 0.008620689655172414 1.3 0.007183908045977011 1.2846153846153847 0.007183908045977011
0 1.0307692307692307 0.08908045977011494 1.0307692307692307 0.09051724137931035 1.0384615384615385 0.09051724137931035 1.0384615384615385 0.08908045977011494 1.0307692307692307 0.08908045977011494
0 0.09615384615384616 0.4885057471264368 0.09615384615384616 0.4899425287356322 0.10192307692307692 0.4899425287356322 0.10192307692307692 0.4885057471264368 0.09615384615384616 0.4885057471264368
0 1.3076923076923077 0.4827586206896552 1.3076923076923077 0.48419540229885055 1.3211538461538461 0.48419540229885055 1.3211538461538461 0.4827586206896552 1.3076923076923077 0.4827586206896552
0 0.975 0.1278735632183908 0.975 0.12931034482758622 0.9903846153846154 0.12931034482758622 0.9903846153846154 0.1278735632183908 0.975 0.1278735632183908
0 0.23076923076923078 0.3089080459770115 0.23076923076923078 0.3103448275862069 0.23653846153846153 0.3103448275862069 0.23653846153846153 0.3089080459770115 0.23076923076923078 0.3089080459770115
0 0.5346153846153846 0.1810344827586207 0.5346153846153846 0.1824712643678161 0.5384615384615384 0.1824712643678161 0.5384615384615384 0.1810344827586207 0.5346153846153846 0.1810344827586207
0 1.1884615384615385 0.6005747126436781 1.1884615384615385 0.6020114942528736 1.1961538461538461 0.6020114942528736 1.1961538461538461 0.6005747126436781 1.1884615384615385 0.6005747126436781
0 0.4653846153846154 0.16522988505747127 0.4653846153846154 0.16666666666666666 0.475 0.16666666666666666 0.475 0.16522988505747127 0.4653846153846154 0.16522988505747127
0 0.32884615384615384 0.0 0.32884615384615384 0.0014367816091954023 0.36923076923076925 0.0014367816091954023 0.36923076923076925 0.0 0.32884615384615384 0.0
0 0.4115384615384615 0.49712643678160917 0.4115384615384615 0.4985632183908046 0.4230769230769231 0.4985632183908046 0.4230769230769231 0.49712643678160917 0.4115384615384615 0.49712643678160917
0 1.1288461538461538 0.5876436781609196 1.1288461538461538 0.5890804597701149 1.1346153846153846 0.5890804597701149 1.1346153846153846 0.5876436781609196 1.1288461538461538 0.5876436781609196
0 0.43846153846153846 0.7097701149425287 0.43846153846153846 0.7112068965517241 0.4461538461538462 0.7112068965517241 0.4461538461538462 0.7097701149425287 0.43846153846153846 0.7097701149425287
0 1.0384615384615385 0.5704022988505747 1.0384615384615385 0.5718390804597702 1.0576923076923077 0.5718390804597702 1.0576923076923077 0.5704022988505747 1.0384615384615385 0.5704022988505747
0 0.49038461538461536 0.034482758620689655 0.49038461538461536 0.035919540229885055 0.4980769230769231 0.035919540229885055 0.4980769230769231 0.034482758620689655 0.49038461538461536 0.034482758620689655
0 1.103846153846154 0.6867816091954023 1.103846153846154 0.6882183908045977 1.1192307692307693 0.6882183908045977 1.1192307692307693 0.6867816091954023 1.103846153846154 0.6867816091954023
0 0.9307692307692308 0.31896551724137934 0.9307692307692308 0.3204022988505747 0.95 0.3204022988505747 0.95 0.31896551724137934 0.9307692307692308 0.31896551724137934
0 0.8038461538461539 0.735632183908046 0.8038461538461539 0.7370689655172413 0.8115384615384615 0.7370689655172413 0.8115384615384615 0.735632183908046 0.8038461538461539 0.735632183908046
0 1.0711538461538461 0.23275862068965517 1.0711538461538461 0.23419540229885058 1.0865384615384615 0.23419540229885058 1.0865384615384615 0.23275862068965517 1.0711538461538461 0.23275862068965517
0 1.2634615384615384 0.5732758620689655 1.2634615384615384 0.5747126436781609 1.273076923076923 0.5747126436781609 1.273076923076923 0.5732758620689655 1.2634615384615384 0.5732758620689655
0 1.301923076923077 0.5258620689655172 1.301923076923077 0.5272988505747126 1.3134615384615385 0.5272988505747126 1.3134615384615385 0.5258620689655172 1.301923076923077 0.5258620689655172
0 0.33653846153846156 0.7140804597701149 0.33653846153846156 0.7155172413793104 0.34423076923076923 0.7155172413793104 0.34423076923076923 0.7140804597701149 0.33653846153846156 0.7140804597701149
0 0.7634615384615384 0.2442528735632184 0.7634615384615384 0.24568965517241378 0.7769230769230769 0.24568965517241378 0.7769230769230769 0.2442528735632184 0.7634615384615384 0.2442528735632184
0 0.7615384615384615 0.1910919540229885 0.7615384615384615 0.1925287356321839 0.7692307692307693 0.1925287356321839 0.7692307692307693 0.1910919540229885 0.7615384615384615 0.1910919540229885
0 0.3730769230769231 0.34913793103448276 0.3730769230769231 0.3505747126436782 0.38076923076923075 0.3505747126436782 0.38076923076923075 0.34913793103448276 0.3730769230769231 0.34913793103448276
0 0.7326923076923076 0.1724137931034483 0.7326923076923076 0.17385057471264367 0.7365384615384616 0.17385057471264367 0.7365384615384616 0.1724137931034483 0.7326923076923076 0.1724137931034483
0 0.3403846153846154 0.014367816091954023 0.3403846153846154 0.015804597701149427 0.3576923076923077 0.015804597701149427 0.3576923076923077 0.014367816091954023 0.3403846153846154 0.014367816091954023
0 0.7076923076923077 0.5574712643678161 0.7076923076923077 0.5589080459770115 0.7173076923076923 0.5589080459770115 0.7173076923076923 0.5574712643678161 0.7076923076923077 0.5574712643678161
0 0.9846153846153847 0.125 0.9846153846153847 0.12643678160919541 1.0076923076923077 0.12643678160919541 1.0076923076923077 0.125 0.9846153846153847 0.125
0 1.3115384615384615 0.10775862068965517 1.3115384615384615 0.10919540229885058 1.3307692307692307 0.10919540229885058 1.3307692307692307 0.10775862068965517 1.3115384615384615 0.10775862068965517
0 1.0884615384615384 0.6709770114942529 1.0884615384615384 0.6724137931034483 1.1 0.6724137931034483 1.1 0.6709770114942529 1.0884615384615384 0.6709770114942529
0 1.0326923076923078 0.20833333333333334 1.0326923076923078 0.20977011494252873 1.0442307692307693 0.20977011494252873 1.0442307692307693 0.20833333333333334 1.0326923076923078 0.20833333333333334
0 1.228846153846154 0.040229885057471264 1.228846153846154 0.041666666666666664 1.2384615384615385 0.041666666666666664 1.2384615384615385 0.040229885057471264 1.228846153846154 0.040229885057471264
0 0.14807692307692308 0.45689655172413796 0.14807692307692308 0.4583333333333333 0.1673076923076923 0.4583333333333333 0.1673076923076923 0.45689655172413796 0.14807692307692308 0.45689655172413796
0 0.8211538461538461 0.005747126436781609 0.8211538461538461 0.007183908045977011 0.823076923076923 0.007183908045977011 0.823076923076923 0.005747126436781609 0.8211538461538461 0.005747126436781609
0 0.6884615384615385 0.23563218390804597 0.6884615384615385 0.23706896551724138 0.7038461538461539 0.23706896551724138 0.7038461538461539 0.23563218390804597 0.6884615384615385 0.23563218390804597
0 0.9826923076923076 0.4396551724137931 0.9826923076923076 0.4410919540229885 0.9980769230769231 0.4410919540229885 0.9980769230769231 0.4396551724137931 0.9826923076923076 0.4396551724137931
0 0.125 0.07614942528735633 0.125 0.07758620689655173 0.13846153846153847 0.07758620689655173 0.13846153846153847 0.07614942528735633 0.125 0.07614942528735633
0 0.6153846153846154 0.04454022988505747 0.6153846153846154 0.04597701149425287 0.6288461538461538 0.04597701149425287 0.6288461538461538 0.04454022988505747 0.6153846153846154 0.04454022988505747
0 1.2076923076923076 0.01293103448275862 1.2076923076923076 0.014367816091954023 1.2134615384615384 0.014367816091954023 1.2134615384615384 0.01293103448275862 1.2076923076923076 0.01293103448275862
0 0.41346153846153844 0.5 0.41346153846153844 0.5014367816091954 0.4269230769230769 0.5014367816091954 0.4269230769230769 0.5 0.41346153846153844 0.5
0 1.2615384615384615 0.6307471264367817 1.2615384615384615 0.632183908045977 1.271153846153846 0.632183908045977 1.271153846153846 0.6307471264367817 1.2615384615384615 0.6307471264367817
0 0.8365384615384616 0.09770114942528736 0.8365384615384616 0.09913793103448276 0.8461538461538461 0.09913793103448276 0.8461538461538461 0.09770114942528736 0.8365384615384616 0.09770114942528736
0 0.5865384615384616 0.0 0.5865384615384616 0.0014367816091954023 0.6230769230769231 0.0014367816091954023 0.6230769230769231 0.0 0.5865384615384616 0.0
0 0.09038461538461538 0.21551724137931033 0.09038461538461538 0.21695402298850575 0.09615384615384616 0.21695402298850575 0.09615384615384616 0.21551724137931033 0.09038461538461538 0.21551724137931033
0 1.1711538461538462 0.41522988505747127 1.1711538461538462 0.4166666666666667 1.176923076923077 0.4166666666666667 1.176923076923077 0.41522988505747127 1.1711538461538462 0.41522988505747127
0 0.8384615384615385 0.7385057471264368 0.8384615384615385 0.7399425287356322 0.8480769230769231 0.7399425287356322 0.8480769230769231 0.7385057471264368 0.8384615384615385 0.7385057471264368
0 0.676923076923077 0.3706896551724138 0.676923076923077 0.37212643678160917 0.6807692307692308 0.37212643678160917 0.6807692307692308 0.3706896551724138 0.676923076923077 0.3706896551724138
0 0.5653846153846154 0.632183908045977 0.5653846153846154 0.6336206896551724 0.5807692307692308 0.6336206896551724 0.5807692307692308 0.632183908045977 0.5653846153846154 0.632183908045977
0 0.9403846153846154 0.01867816091954023 0.9403846153846154 0.020114942528735632 0.9519230769230769 0.020114942528735632 0.9519230769230769 0.01867816091954023 0.9403846153846154 0.01867816091954023
0 1.3134615384615385 0.06609195402298851 1.3134615384615385 0.06752873563218391 1.3346153846153845 0.06752873563218391 1.3346153846153845 0.06609195402298851 1.3134615384615385 0.06609195402298851
0 0.551923076923077 0.5201149425287356 0.551923076923077 0.521551724137931 0.5615384615384615 0.521551724137931 0.5615384615384615 0.5201149425287356 0.551923076923077 0.5201149425287356
0 0.9923076923076923 0.13649425287356323 0.9923076923076923 0.13793103448275862 1.0038461538461538 0.13793103448275862 1.0038461538461538 0.13649425287356323 0.9923076923076923 0.13649425287356323
0 1.2057692307692307 0.6997126436781609 1.2057692307692307 0.7011494252873564 1.2134615384615384 0.7011494252873564 1.2134615384615384 0.6997126436781609 1.2057692307692307 0.6997126436781609
0 0.25576923076923075 0.492816091954023 0.25576923076923075 0.4942528735632184 0.2673076923076923 0.4942528735632184 0.2673076923076923 0.492816091954023 0.25576923076923075 0.492816091954023
0 0.9326923076923077 0.08333333333333333 0.9326923076923077 0.08477011494252873 0.9461538461538461 0.08477011494252873 0.9461538461538461 0.08333333333333333 0.9326923076923077 0.08333333333333333
0 0.9730769230769231 0.1853448275862069 0.9730769230769231 0.1867816091954023 0.9826923076923076 0.1867816091954023 0.9826923076923076 0.1853448275862069 0.9730769230769231 0.1853448275862069
0 0.6365384615384615 0.05459770114942529 0.6365384615384615 0.05603448275862069 0.6596153846153846 0.05603448275862069 0.6596153846153846 0.05459770114942529 0.6365384615384615 0.05459770114942529
0 0.6076923076923076 0.39511494252873564 0.6076923076923076 0.39655172413793105 0.6173076923076923 0.39655172413793105 0.6173076923076923 0.39511494252873564 0.6076923076923076 0.39511494252873564
0 0.6826923076923077 0.3793103448275862 0.6826923076923077 0.3807471264367816 0.6865384615384615 0.3807471264367816 0.6865384615384615 0.3793103448275862 0.6826923076923077 0.3793103448275862
0 0.05961538461538462 0.7126436781609196 0.05961538461538462 0.7140804597701149 0.07307692307692308 0.7140804597701149 0.07307692307692308 0.7126436781609196 0.05961538461538462 0.7126436781609196
0 1.1826923076923077 0.007183908045977011 1.1826923076923077 0.008620689655172414 1.1923076923076923 0.008620689655172414 1.1923076923076923 0.007183908045977011 1.1826923076923077 0.007183908045977011
0 0.09230769230769231 0.06752873563218391 0.09230769230769231 0.06896551724137931 0.09615384615384616 0.06896551724137931 0.09615384615384616 0.06752873563218391 0.09230769230769231 0.06752873563218391
0 0.4461538461538462 0.05459770114942529 0.4461538461538462 0.05603448275862069 0.45384615384615384 0.05603448275862069 0.45384615384615384 0.05459770114942529 0.4461538461538462 0.05459770114942529
0 0.3730769230769231 0.0 0.3730769230769231 0.0014367816091954023 0.4269230769230769 0.0014367816091954023 0.4269230769230769 0.0 0.3730769230769231 0.0
0 1.1692307692307693 0.23275862068965517 1.1692307692307693 0.23419540229885058 1.1730769230769231 0.23419540229885058 1.1730769230769231 0.23275862068965517 1.1692307692307693 0.23275862068965517
0 0.38846153846153847 0.4511494252873563 0.38846153846153847 0.4525862068965517 0.39615384615384613 0.4525862068965517 0.39615384615384613 0.4511494252873563 0.38846153846153847 0.4511494252873563
0 0.35192307692307695 0.3649425287356322 0.35192307692307695 0.36637931034482757 0.36346153846153845 0.36637931034482757 0.36346153846153845 0.3649425287356322 0.35192307692307695 0.3649425287356322
0 1.3134615384615385 0.125 1.3134615384615385 0.12643678160919541 1.325 0.12643678160919541 1.325 0.125 1.3134615384615385 0.125
0 0.40576923076923077 0.23850574712643677 0.40576923076923077 0.23994252873563218 0.4115384615384615 0.23994252873563218 0.4115384615384615 0.23850574712643677 0.40576923076923077 0.23850574712643677
0 1.2230769230769232 0.39655172413793105 1.2230769230769232 0.39798850574712646 1.2384615384615385 0.39798850574712646 1.2384615384615385 0.39655172413793105 1.2230769230769232 0.39655172413793105
0 0.25 0.1235632183908046 0.25 0.125 0.2653846153846154 0.125 0.2653846153846154 0.1235632183908046 0.25 0.1235632183908046
0 0.19615384615384615 0.14367816091954022 0.19615384615384615 0.14511494252873564 0.2076923076923077 0.14511494252873564 0.2076923076923077 0.14367816091954022 0.19615384615384615 0.14367816091954022
0 0.3942307692307692 0.15948275862068967 0.3942307692307692 0.16091954022988506 0.40384615384615385 0.16091954022988506 0.40384615384615385 0.15948275862068967 0.3942307692307692 0.15948275862068967
0 0.4173076923076923 0.3936781609195402 0.4173076923076923 0.39511494252873564 0.4346153846153846 0.39511494252873564 0.4346153846153846 0.3936781609195402 0.4173076923076923 0.3936781609195402
0 0.6134615384615385 0.5445402298850575 0.6134615384615385 0.5459770114942529 0.6288461538461538 0.5459770114942529 0.6288461538461538 0.5445402298850575 0.6134615384615385 0.5445402298850575
0 0.10576923076923077 0.7054597701149425 0.10576923076923077 0.7068965517241379 0.12307692307692308 0.7068965517241379 0.12307692307692308 0.7054597701149425 0.10576923076923077 0.7054597701149425
0 0.9538461538461539 0.3649425287356322 0.9538461538461539 0.36637931034482757 0.9884615384615385 0.36637931034482757 0.9884615384615385 0.3649425287356322 0.9538461538461539 0.3649425287356322
0 0.12692307692307692 0.3922413793103448 0.12692307692307692 0.3936781609195402 0.14038461538461539 0.3936781609195402 0.14038461538461539 0.3922413793103448 0.12692307692307692 0.3922413793103448
0 0.21923076923076923 0.2672413793103448 0.21923076923076923 0.2686781609195402 0.23461538461538461 0.2686781609195402 0.23461538461538461 0.2672413793103448 0.21923076923076923 0.2672413793103448
0 0.7288461538461538 0.21839080459770116 0.7288461538461538 0.21982758620689655 0.75 0.21982758620689655 0.75 0.21839080459770116 0.7288461538461538 0.21839080459770116
0 1.0903846153846153 0.3204022988505747 1.0903846153846153 0.3218390804597701 1.0942307692307693 0.3218390804597701 1.0942307692307693 0.3204022988505747 1.0903846153846153 0.3204022988505747
0 0.6307692307692307 0.29022988505747127 0.6307692307692307 0.2916666666666667 0.6346153846153846 0.2916666666666667 0.6346153846153846 0.29022988505747127 0.6307692307692307 0.29022988505747127
0 0.6173076923076923 0.7097701149425287 0.6173076923076923 0.7112068965517241 0.6211538461538462 0.7112068965517241 0.6211538461538462 0.7097701149425287 0.6173076923076923 0.7097701149425287
0 0.8 0.4295977011494253 0.8 0.43103448275862066 0.8076923076923077 0.43103448275862066 0.8076923076923077 0.4295977011494253 0.8 0.4295977011494253
0 1.2461538461538462 0.4109195402298851 1.2461538461538462 0.41235632183908044 1.2653846153846153 0.41235632183908044 1.2653846153846153 0.4109195402298851 1.2461538461538462 0.4109195402298851
0 0.7557692307692307 0.507183908045977 0.7557692307692307 0.5086206896551724 0.7942307692307692 0.5086206896551724 0.7942307692307692 0.507183908045977 0.7557692307692307 0.507183908045977
0 0.015384615384615385 0.7140804597701149 0.015384615384615385 0.7155172413793104 0.026923076923076925 0.7155172413793104 0.026923076923076925 0.7140804597701149 0.015384615384615385 0.7140804597701149
0 0.5153846153846153 0.3160919540229885 0.5153846153846153 0.3175287356321839 0.5326923076923077 0.3175287356321839 0.5326923076923077 0.3160919540229885 0.5153846153846153 0.3160919540229885
0 0.3019230769230769 0.46551724137931033 0.3019230769230769 0.46695402298850575 0.31346153846153846 0.46695402298850575 0.31346153846153846 0.46551724137931033 0.3019230769230769 0.46551724137931033
0 1.1673076923076924 0.06465517241379311 1.1673076923076924 0.06609195402298851 1.175 0.06609195402298851 1.175 0.06465517241379311 1.1673076923076924 0.06465517241379311
0 0.12115384615384615 0.5172413793103449 0.12115384615384615 0.5186781609195402 0.12884615384615383 0.5186781609195402 0.12884615384615383 0.5172413793103449 0.12115384615384615 0.5172413793103449
0 0.25576923076923075 0.05316091954022988 0.25576923076923075 0.05459770114942529 0.26153846153846155 0.05459770114942529 0.26153846153846155 0.05316091954022988 0.25576923076923075 0.05316091954022988
0 0.1076923076923077 0.1968390804597701 0.1076923076923077 0.19827586206896552 0.11730769230769231 0.19827586206896552 0.11730769230769231 0.1968390804597701 0.1076923076923077 0.1968390804597701
0 0.5807692307692308 0.11637931034482758 0.5807692307692308 0.11781609195402298 0.5846153846153846 0.11781609195402298 0.5846153846153846 0.11637931034482758 0.5807692307692308 0.11637931034482758
0 0.4980769230769231 0.14080459770114942 0.4980769230769231 0.14224137931034483 0.5096153846153846 0.14224137931034483 0.5096153846153846 0.14080459770114942 0.4980769230769231 0.14080459770114942
0 0.4423076923076923 0.0 0.4423076923076923 0.0014367816091954023 0.47692307692307695 0.0014367816091954023 0.47692307692307695 0.0 0.4423076923076923 0.0
0 0.5230769230769231 0.4238505747126437 0.5230769230769231 0.42528735632183906 0.5384615384615384 0.42528735632183906 0.5384615384615384 0.4238505747126437 0.5230769230769231 0.4238505747126437
0 0.9923076923076923 0.007183908045977011 0.9923076923076923 0.008620689655172414 1.0038461538461538 0.008620689655172414 1.0038461538461538 0.007183908045977011 0.9923076923076923 0.007183908045977011
0 1.2923076923076924 0.375 1.2923076923076924 0.3764367816091954 1.3076923076923077 0.3764367816091954 1.3076923076923077 0.375 1.2923076923076924 0.375
0 1.075 0.17672413793103448 1.075 0.1781609195402299 1.0826923076923076 0.1781609195402299 1.0826923076923076 0.17672413793103448 1.075 0.17672413793103448