0 0.25390625 0.753125 0.25390625 0.75625 0.265625 0.75625 0.265625 0.753125 0.25390625 0.753125
0 0.078125 0.465625 0.078125 0.46875 0.1328125 0.46875 0.1328125 0.465625 0.078125 0.465625
0 1.1484375 0.36875 1.1484375 0.371875 1.17578125 0.371875 1.17578125 0.36875 1.1484375 0.36875
0 0.44921875 0.3375 0.44921875 0.340625 0.46484375 0.340625 0.46484375 0.3375 0.44921875 0.3375
0 0.4453125 0.5625 0.4453125 0.565625 0.46875 0.565625 0.46875 0.5625 0.4453125 0.5625
0 1.15625 0.59375 1.15625 0.596875 1.1640625 0.596875 1.1640625 0.59375 1.15625 0.59375
0 1.1953125 0.421875 1.1953125 0.425 1.20703125 0.425 1.20703125 0.421875 1.1953125 0.421875
0 0.2890625 0.39375 0.2890625 0.396875 0.328125 0.396875 0.328125 0.39375 0.2890625 0.39375
0 0.328125 0.196875 0.328125 0.2 0.359375 0.2 0.359375 0.196875 0.328125 0.196875
0 0.58203125 0.271875 0.58203125 0.275 0.609375 0.275 0.609375 0.271875 0.58203125 0.271875
0 1.07421875 0.28125 1.07421875 0.284375 1.0859375 0.284375 1.0859375 0.28125 1.07421875 0.28125
0 1.19140625 0.246875 1.19140625 0.25 1.20703125 0.25 1.20703125 0.246875 1.19140625 0.246875
0 0.35546875 0.775 0.35546875 0.778125 0.37109375 0.778125 0.37109375 0.775 0.35546875 0.775
0 1.1796875 0.63125 1.1796875 0.634375 1.1875 0.634375 1.1875 0.63125 1.1796875 0.63125
0 0.74609375 0.140625 0.74609375 0.14375 0.75 0.14375 0.75 0.140625 0.74609375 0.140625
0 1.08984375 0.70625 1.08984375 0.709375 1.09765625 0.709375 1.09765625 0.70625 1.08984375 0.70625
0 0.3125 0.50625 0.3125 0.509375 0.3203125 0.509375 0.3203125 0.50625 0.3125 0.50625
0 0.90234375 0.15 0.90234375 0.153125 0.93359375 0.153125 0.93359375 0.15 0.90234375 0.15
0 0.73828125 0.575 0.73828125 0.578125 0.74609375 0.578125 0.74609375 0.575 0.73828125 0.575
0 1.0625 0.10625 1.0625 0.109375 1.078125 0.109375 1.078125 0.10625 1.0625 0.10625
0 1.18359375 0.115625 1.18359375 0.11875 1.19921875 0.11875 1.19921875 0.115625 1.18359375 0.115625
0 0.30859375 0.0 0.30859375 0.003125 0.3359375 0.003125 0.3359375 0.0 0.30859375 0.0
0 0.1875 0.4625 0.1875 0.465625 0.21875 0.465625 0.21875 0.4625 0.1875 0.4625
0 1.234375 0.703125 1.234375 0.70625 1.24609375 0.70625 1.24609375 0.703125 1.234375 0.703125
0 0.3125 0.26875 0.3125 0.271875 0.3671875 0.271875 0.3671875 0.26875 0.3125 0.26875
0 0.703125 0.0625 0.703125 0.065625 0.71875 0.065625 0.71875 0.0625 0.703125 0.0625
0 0.0 0.0 0.0 0.003125 0.03515625 0.003125 0.03515625 0.0 0.0 0.0
0 0.51953125 0.05625 0.51953125 0.059375 0.546875 0.059375 0.546875 0.05625 0.51953125 0.05625
0 0.84765625 0.49375 0.84765625 0.496875 0.8671875 0.496875 0.8671875 0.49375 0.84765625 0.49375
0 0.05859375 0.1375 0.05859375 0.140625 0.09765625 0.140625 0.09765625 0.1375 0.05859375 0.1375
0 0.421875 0.7625 0.421875 0.765625 0.43359375 0.765625 0.43359375 0.7625 0.421875 0.7625
0 0.55078125 0.15 0.55078125 0.153125 0.55859375 0.153125 0.55859375 0.15 0.55078125 0.15
0 0.26953125 0.4125 0.26953125 0.415625 0.2890625 0.415625 0.2890625 0.4125 0.26953125 0.4125
0 1.10546875 0.415625 1.10546875 0.41875 1.140625 0.41875 1.140625 0.415625 1.10546875 0.415625
0 0.078125 0.75625 0.078125 0.759375 0.09375 0.759375 0.09375 0.75625 0.078125 0.75625
0 0.26953125 0.5 0.26953125 0.503125 0.29296875 0.503125 0.29296875 0.5 0.26953125 0.5
0 0.38671875 0.075 0.38671875 0.078125 0.39453125 0.078125 0.39453125 0.075 0.38671875 0.075
0 0.3671875 0.125 0.3671875 0.128125 0.38671875 0.128125 0.38671875 0.125 0.3671875 0.125
0 0.65234375 0.453125 0.65234375 0.45625 0.66015625 0.45625 0.66015625 0.453125 0.65234375 0.453125
0 0.40234375 0.653125 0.40234375 0.65625 0.41015625 0.65625 0.41015625 0.653125 0.40234375 0.653125
0 1.05078125 0.084375 1.05078125 0.0875 1.06640625 0.0875 1.06640625 0.084375 1.05078125 0.084375
0 0.58203125 0.090625 0.58203125 0.09375 0.6015625 0.09375 0.6015625 0.090625 0.58203125 0.090625
0 0.19921875 0.209375 0.19921875 0.2125 0.25 0.2125 0.25 0.209375 0.19921875 0.209375
0 0.7421875 0.6875 0.7421875 0.690625 0.75390625 0.690625 0.75390625 0.6875 0.7421875 0.6875
0 0.6171875 0.7 0.6171875 0.703125 0.62890625 0.703125 0.62890625 0.7 0.6171875 0.7
0 0.55078125 0.3125 0.55078125 0.315625 0.57421875 0.315625 0.57421875 0.3125 0.55078125 0.3125
0 1.02734375 0.684375 1.02734375 0.6875 1.03515625 0.6875 1.03515625 0.684375 1.02734375 0.684375
0 1.16796875 0.640625 1.16796875 0.64375 1.1796875 0.64375 1.1796875 0.640625 1.16796875 0.640625
0 1.0078125 0.2625 1.0078125 0.265625 1.0625 0.265625 1.0625 0.2625 1.0078125 0.2625
0 0.19140625 0.73125 0.19140625 0.734375 0.203125 0.734375 0.203125 0.73125 0.19140625 0.73125
0 1.14453125 0.73125 1.14453125 0.734375 1.15234375 0.734375 1.15234375 0.73125 1.14453125 0.73125
0 1.16796875 0.465625 1.16796875 0.46875 1.1953125 0.46875 1.1953125 0.465625 1.16796875 0.465625
0 0.58984375 0.215625 0.58984375 0.21875 0.59765625 0.21875 0.59765625 0.215625 0.58984375 0.215625
0 0.109375 0.028125 0.109375 0.03125 0.12109375 0.03125 0.12109375 0.028125 0.109375 0.028125
0 0.99609375 0.10625 0.99609375 0.109375 1.01171875 0.109375 1.01171875 0.10625 0.99609375 0.10625
0 0.51953125 0.1875 0.51953125 0.190625 0.52734375 0.190625 0.52734375 0.1875 0.51953125 0.1875
0 1.10546875 0.09375 1.10546875 0.096875 1.125 0.096875 1.125 0.09375 1.10546875 0.09375
0 0.9453125 0.16875 0.9453125 0.171875 0.953125 0.171875 0.953125 0.16875 0.9453125 0.16875
0 0.0078125 0.08125 0.0078125 0.084375 0.01953125 0.084375 0.01953125 0.08125 0.0078125 0.08125
0 0.6484375 0.33125 0.6484375 0.334375 0.671875 0.334375 0.671875 0.33125 0.6484375 0.33125
0 0.69140625 0.059375 0.69140625 0.0625 0.69921875 0.0625 0.69921875 0.059375 0.69140625 0.059375
0 0.453125 0.603125 0.453125 0.60625 0.4609375 0.60625 0.4609375 0.603125 0.453125 0.603125
0 0.6953125 0.709375 0.6953125 0.7125 0.703125 0.7125 0.703125 0.709375 0.6953125 0.709375
0 0.6875 0.084375 0.6875 0.0875 0.70703125 0.0875 0.70703125 0.084375 0.6875 0.084375
0 0.79296875 0.56875 0.79296875 0.571875 0.828125 0.571875 0.828125 0.56875 0.79296875 0.56875
0 0.3671875 0.115625 0.3671875 0.11875 0.37890625 0.11875 0.37890625 0.115625 0.3671875 0.115625
0 0.76171875 0.45625 0.76171875 0.459375 0.8203125 0.459375 0.8203125 0.45625 0.76171875 0.45625
0 0.203125 0.375 0.203125 0.378125 0.2421875 0.378125 0.2421875 0.375 0.203125 0.375
0 0.24609375 0.259375 0.24609375 0.2625 0.25 0.2625 0.25 0.259375 0.24609375 0.259375
0 0.71875 0.075 0.71875 0.078125 0.7578125 0.078125 0.7578125 0.075 0.71875 0.075
0 0.27734375 0.0 0.27734375 0.003125 0.3046875 0.003125 0.3046875 0.0 0.27734375 0.0
0 1.01171875 0.31875 1.01171875 0.321875 1.0234375 0.321875 1.0234375 0.31875 1.01171875 0.31875
0 1.24609375 0.096875 1.24609375 0.1 1.25 0.1 1.25 0.096875 1.24609375 0.096875
0 0.21875 0.4 0.21875 0.403125 0.31640625 0.403125 0.31640625 0.4 0.21875 0.4
0 0.34375 0.296875 0.34375 0.3 0.37109375 0.3 0.37109375 0.296875 0.34375 0.296875
0 0.0 0.1125 0.0 0.115625 0.01953125 0.115625 0.01953125 0.1125 0.0 0.1125
0 0.27734375 0.703125 0.27734375 0.70625 0.28515625 0.70625 0.28515625 0.703125 0.27734375 0.703125
0 0.94921875 0.434375 0.94921875 0.4375 0.96484375 0.4375 0.96484375 0.434375 0.94921875 0.434375
0 0.03125 0.075 0.03125 0.078125 0.046875 0.078125 0.046875 0.075 0.03125 0.075
0 0.66796875 0.35625 0.66796875 0.359375 0.6875 0.359375 0.6875 0.35625 0.66796875 0.35625
0 0.34375 0.178125 0.34375 0.18125 0.3515625 0.18125 0.3515625 0.178125 0.34375 0.178125
0 0.12109375 0.41875 0.12109375 0.421875 0.12890625 0.421875 0.12890625 0.41875 0.12109375 0.41875
0 0.09375 0.515625 0.09375 0.51875 0.11328125 0.51875 0.11328125 0.515625 0.09375 0.515625
0 0.52734375 0.578125 0.52734375 0.58125 0.5390625 0.58125 0.5390625 0.578125 0.52734375 0.578125
0 0.18359375 0.334375 0.18359375 0.3375 0.20703125 0.3375 0.20703125 0.334375 0.18359375 0.334375
0 0.9765625 0.634375 0.9765625 0.6375 0.984375 0.6375 0.984375 0.634375 0.9765625 0.634375
0 0.38671875 0.39375 0.38671875 0.396875 0.40625 0.396875 0.40625 0.39375 0.38671875 0.39375
0 0.41015625 0.5375 0.41015625 0.540625 0.44140625 0.540625 0.44140625 0.5375 0.41015625 0.5375
0 0.3046875 0.715625 0.3046875 0.71875 0.3125 0.71875 0.3125 0.715625 0.3046875 0.715625
0 0.359375 0.490625 0.359375 0.49375 0.3671875 0.49375 0.3671875 0.490625 0.359375 0.490625
0 0.29296875 0.16875 0.29296875 0.171875 0.31640625 0.171875 0.31640625 0.16875 0.29296875 0.16875
0 0.3046875 0.36875 0.3046875 0.371875 0.32421875 0.371875 0.32421875 0.36875 0.3046875 0.36875
0 0.86328125 0.5 0.86328125 0.503125 0.87109375 0.503125 0.87109375 0.5 0.86328125 0.5
0 0.4140625 0.115625 0.4140625 0.11875 0.4296875 0.11875 0.4296875 0.115625 0.4140625 0.115625
0 0.82421875 0.5375 0.82421875 0.540625 0.83203125 0.540625 0.83203125 0.5375 0.82421875 0.5375
0 0.00390625 0.296875 0.00390625 0.3 0.05078125 0.3 0.05078125 0.296875 0.00390625 0.296875
0 0.55859375 0.034375 0.55859375 0.0375 0.57421875 0.0375 0.57421875 0.034375 0.55859375 0.034375
0 1.01953125 0.175 1.01953125 0.178125 1.03515625 0.178125 1.03515625 0.175 1.01953125 0.175
0 0.54296875 0.628125 0.54296875 0.63125 0.546875 0.63125 0.546875 0.628125 0.54296875 0.628125
0 0.4375 0.303125 0.4375 0.30625 0.47265625 0.30625 0.47265625 0.303125 0.4375 0.303125
0 0.86328125 0.2375 0.86328125 0.240625 0.90625 0.240625 0.90625 0.2375 0.86328125 0.2375
0 0.9375 0.671875 0.9375 0.675 0.9453125 0.675 0.9453125 0.671875 0.9375 0.671875
0 0.1875 0.2375 0.1875 0.240625 0.2265625 0.240625 0.2265625 0.2375 0.1875 0.2375
0 1.06640625 0.609375 1.06640625 0.6125 1.08203125 0.6125 1.08203125 0.609375 1.06640625 0.609375
0 0.5859375 0.084375 0.5859375 0.0875 0.59765625 0.0875 0.59765625 0.084375 0.5859375 0.084375
0 0.88671875 0.28125 0.88671875 0.284375 0.90625 0.284375 0.90625 0.28125 0.88671875 0.28125
0 0.44921875 0.034375 0.44921875 0.0375 0.4609375 0.0375 0.4609375 0.034375 0.44921875 0.034375
0 0.1953125 0.096875 0.1953125 0.1 0.21875 0.1 0.21875 0.096875 0.1953125 0.096875
0 0.99609375 0.4 0.99609375 0.403125 1.0 0.403125 1.0 0.4 0.99609375 0.4
0 0.27734375 0.08125 0.27734375 0.084375 0.2890625 0.084375 0.2890625 0.08125 0.27734375 0.08125
0 0.6484375 0.590625 0.6484375 0.59375 0.6640625 0.59375 0.6640625 0.590625 0.6484375 0.590625