0 0.3828125 0.203125 0.3828125 0.20625 0.39453125 0.20625 0.39453125 0.203125 0.3828125 0.203125
0 0.078125 0.234375 0.078125 0.2375 0.11328125 0.2375 0.11328125 0.234375 0.078125 0.234375
0 1.09765625 0.70625 1.09765625 0.709375 1.1484375 0.709375 1.1484375 0.70625 1.09765625 0.70625
0 1.05078125 0.51875 1.05078125 0.521875 1.0703125 0.521875 1.0703125 0.51875 1.05078125 0.51875
0 0.20703125 0.340625 0.20703125 0.34375 0.2265625 0.34375 0.2265625 0.340625 0.20703125 0.340625
0 0.32421875 0.603125 0.32421875 0.60625 0.35546875 0.60625 0.35546875 0.603125 0.32421875 0.603125
0 0.171875 0.025 0.171875 0.028125 0.1875 0.028125 0.1875 0.025 0.171875 0.025
0 0.88671875 0.278125 0.88671875 0.28125 0.8984375 0.28125 0.8984375 0.278125 0.88671875 0.278125
0 0.1484375 0.265625 0.1484375 0.26875 0.16015625 0.26875 0.16015625 0.265625 0.1484375 0.265625
0 0.44921875 0.0 0.44921875 0.003125 0.48046875 0.003125 0.48046875 0.0 0.44921875 0.0
0 1.20703125 0.00625 1.20703125 0.009375 1.25 0.009375 1.25 0.00625 1.20703125 0.00625
0 0.96875 0.0625 0.96875 0.065625 0.9921875 0.065625 0.9921875 0.0625 0.96875 0.0625
0 0.73828125 0.315625 0.73828125 0.31875 0.7421875 0.31875 0.7421875 0.315625 0.73828125 0.315625
0 0.8359375 0.11875 0.8359375 0.121875 0.84765625 0.121875 0.84765625 0.11875 0.8359375 0.11875
0 0.56640625 0.26875 0.56640625 0.271875 0.58203125 0.271875 0.58203125 0.26875 0.56640625 0.26875
0 0.96484375 0.1875 0.96484375 0.190625 0.98046875 0.190625 0.98046875 0.1875 0.96484375 0.1875
0 0.6875 0.528125 0.6875 0.53125 0.734375 0.53125 0.734375 0.528125 0.6875 0.528125