0 0.9211538461538461 0.6091954022988506 0.9211538461538461 0.610632183908046 0.9365384615384615 0.610632183908046 0.9365384615384615 0.6091954022988506 0.9211538461538461 0.6091954022988506
0 0.7673076923076924 0.36637931034482757 0.7673076923076924 0.367816091954023 0.7942307692307692 0.367816091954023 0.7942307692307692 0.36637931034482757 0.7673076923076924 0.36637931034482757
0 0.3076923076923077 0.5933908045977011 0.3076923076923077 0.5948275862068966 0.3192307692307692 0.5948275862068966 0.3192307692307692 0.5933908045977011 0.3076923076923077 0.5933908045977011
0 0.49615384615384617 0.04597701149425287 0.49615384615384617 0.04741379310344827 0.5038461538461538 0.04741379310344827 0.5038461538461538 0.04597701149425287 0.49615384615384617 0.04597701149425287
0 1.3 0.3204022988505747 1.3 0.3218390804597701 1.3038461538461539 0.3218390804597701 1.3038461538461539 0.3204022988505747 1.3 0.3204022988505747
0 0.1326923076923077 0.0 0.1326923076923077 0.0014367816091954023 0.20961538461538462 0.0014367816091954023 0.20961538461538462 0.0 0.1326923076923077 0.0
0 0.7980769230769231 0.4755747126436782 0.7980769230769231 0.47701149425287354 0.8153846153846154 0.47701149425287354 0.8153846153846154 0.4755747126436782 0.7980769230769231 0.4755747126436782
0 0.3326923076923077 0.1939655172413793 0.3326923076923077 0.19540229885057472 0.35192307692307695 0.19540229885057472 0.35192307692307695 0.1939655172413793 0.3326923076923077 0.1939655172413793
0 0.8730769230769231 0.5948275862068966 0.8730769230769231 0.5962643678160919 0.8769230769230769 0.5962643678160919 0.8769230769230769 0.5948275862068966 0.8730769230769231 0.5948275862068966
0 1.3326923076923076 0.514367816091954 1.3326923076923076 0.5158045977011494 1.3365384615384615 0.5158045977011494 1.3365384615384615 0.514367816091954 1.3326923076923076 0.514367816091954
0 0.5480769230769231 0.742816091954023 0.5480769230769231 0.7442528735632183 0.5711538461538461 0.7442528735632183 0.5711538461538461 0.742816091954023 0.5480769230769231 0.742816091954023
0 0.3269230769230769 0.22557471264367815 0.3269230769230769 0.22701149425287356 0.34807692307692306 0.22701149425287356 0.34807692307692306 0.22557471264367815 0.3269230769230769 0.22557471264367815
0 1.2961538461538462 0.022988505747126436 1.2961538461538462 0.02442528735632184 1.3288461538461538 0.02442528735632184 1.3288461538461538 0.022988505747126436 1.2961538461538462 0.022988505747126436
0 0.33076923076923076 0.10488505747126436 0.33076923076923076 0.10632183908045977 0.34615384615384615 0.10632183908045977 0.34615384615384615 0.10488505747126436 0.33076923076923076 0.10488505747126436
0 0.2173076923076923 0.15517241379310345 0.2173076923076923 0.15660919540229884 0.24423076923076922 0.15660919540229884 0.24423076923076922 0.15517241379310345 0.2173076923076923 0.15517241379310345
0 0.9365384615384615 0.0 0.9365384615384615 0.0014367816091954023 1.0 0.0014367816091954023 1.0 0.0 0.9365384615384615 0.0
0 0.8192307692307692 0.3074712643678161 0.8192307692307692 0.3089080459770115 0.8288461538461539 0.3089080459770115 0.8288461538461539 0.3074712643678161 0.8192307692307692 0.3074712643678161
0 1.0788461538461538 0.5186781609195402 1.0788461538461538 0.5201149425287356 1.1 0.5201149425287356 1.1 0.5186781609195402 1.0788461538461538 0.5186781609195402
0 0.49423076923076925 0.4755747126436782 0.49423076923076925 0.47701149425287354 0.49615384615384617 0.47701149425287354 0.49615384615384617 0.4755747126436782 0.49423076923076925 0.4755747126436782
0 0.20192307692307693 0.36637931034482757 0.20192307692307693 0.367816091954023 0.225 0.367816091954023 0.225 0.36637931034482757 0.20192307692307693 0.36637931034482757