0 0.46923076923076923 0.2025862068965517 0.46923076923076923 0.20402298850574713 0.47692307692307695 0.20402298850574713 0.47692307692307695 0.2025862068965517 0.46923076923076923 0.2025862068965517
0 0.8307692307692308 0.5014367816091954 0.8307692307692308 0.5028735632183908 0.8384615384615385 0.5028735632183908 0.8384615384615385 0.5014367816091954 0.8307692307692308 0.5014367816091954
0 1.3365384615384615 0.3232758620689655 1.3365384615384615 0.32471264367816094 1.3384615384615384 0.32471264367816094 1.3384615384615384 0.3232758620689655 1.3365384615384615 0.3232758620689655
0 0.3019230769230769 0.2543103448275862 0.3019230769230769 0.2557471264367816 0.31346153846153846 0.2557471264367816 0.31346153846153846 0.2543103448275862 0.3019230769230769 0.2543103448275862
0 0.19038461538461537 0.47126436781609193 0.19038461538461537 0.47270114942528735 0.19807692307692307 0.47270114942528735 0.19807692307692307 0.47126436781609193 0.19038461538461537 0.47126436781609193
0 0.7211538461538461 0.4956896551724138 0.7211538461538461 0.49712643678160917 0.725 0.49712643678160917 0.725 0.4956896551724138 0.7211538461538461 0.4956896551724138
0 0.6038461538461538 0.13218390804597702 0.6038461538461538 0.1336206896551724 0.6173076923076923 0.1336206896551724 0.6173076923076923 0.13218390804597702 0.6038461538461538 0.13218390804597702
0 0.4076923076923077 0.41954022988505746 0.4076923076923077 0.4209770114942529 0.4230769230769231 0.4209770114942529 0.4230769230769231 0.41954022988505746 0.4076923076923077 0.41954022988505746
0 0.5692307692307692 0.3074712643678161 0.5692307692307692 0.3089080459770115 0.575 0.3089080459770115 0.575 0.3074712643678161 0.5692307692307692 0.3074712643678161
0 1.271153846153846 0.7112068965517241 1.271153846153846 0.7126436781609196 1.2865384615384616 0.7126436781609196 1.2865384615384616 0.7112068965517241 1.271153846153846 0.7112068965517241
0 0.5442307692307692 0.28448275862068967 0.5442307692307692 0.2859195402298851 0.5596153846153846 0.2859195402298851 0.5596153846153846 0.28448275862068967 0.5442307692307692 0.28448275862068967
0 0.4596153846153846 0.5862068965517241 0.4596153846153846 0.5876436781609196 0.47115384615384615 0.5876436781609196 0.47115384615384615 0.5862068965517241 0.4596153846153846 0.5862068965517241
0 0.8615384615384616 0.22557471264367815 0.8615384615384616 0.22701149425287356 0.8653846153846154 0.22701149425287356 0.8653846153846154 0.22557471264367815 0.8615384615384616 0.22557471264367815
0 0.8634615384615385 0.2543103448275862 0.8634615384615385 0.2557471264367816 0.875 0.2557471264367816 0.875 0.2543103448275862 0.8634615384615385 0.2543103448275862
0 0.625 0.639367816091954 0.625 0.6408045977011494 0.6346153846153846 0.6408045977011494 0.6346153846153846 0.639367816091954 0.625 0.639367816091954
0 0.13653846153846153 0.5560344827586207 0.13653846153846153 0.5574712643678161 0.1673076923076923 0.5574712643678161 0.1673076923076923 0.5560344827586207 0.13653846153846153 0.5560344827586207
0 0.8942307692307693 0.5416666666666666 0.8942307692307693 0.5431034482758621 0.9057692307692308 0.5431034482758621 0.9057692307692308 0.5416666666666666 0.8942307692307693 0.5416666666666666
0 0.7307692307692307 0.5718390804597702 0.7307692307692307 0.5732758620689655 0.7423076923076923 0.5732758620689655 0.7423076923076923 0.5718390804597702 0.7307692307692307 0.5718390804597702
0 0.9307692307692308 0.10632183908045977 0.9307692307692308 0.10775862068965517 0.9365384615384615 0.10775862068965517 0.9365384615384615 0.10632183908045977 0.9307692307692308 0.10632183908045977
0 0.9057692307692308 0.20689655172413793 0.9057692307692308 0.20833333333333334 0.9192307692307692 0.20833333333333334 0.9192307692307692 0.20689655172413793 0.9057692307692308 0.20689655172413793
0 1.001923076923077 0.23419540229885058 1.001923076923077 0.23563218390804597 1.0096153846153846 0.23563218390804597 1.0096153846153846 0.23419540229885058 1.001923076923077 0.23419540229885058
0 1.1076923076923078 0.49137931034482757 1.1076923076923078 0.492816091954023 1.1153846153846154 0.492816091954023 1.1153846153846154 0.49137931034482757 1.1076923076923078 0.49137931034482757
0 1.3057692307692308 0.11494252873563218 1.3057692307692308 0.11637931034482758 1.3211538461538461 0.11637931034482758 1.3211538461538461 0.11494252873563218 1.3057692307692308 0.11494252873563218
0 1.2846153846153847 0.0603448275862069 1.2846153846153847 0.0617816091954023 1.301923076923077 0.0617816091954023 1.301923076923077 0.0603448275862069 1.2846153846153847 0.0603448275862069
0 0.1519230769230769 0.4339080459770115 0.1519230769230769 0.4353448275862069 0.16538461538461538 0.4353448275862069 0.16538461538461538 0.4339080459770115 0.1519230769230769 0.4339080459770115
0 0.9384615384615385 0.39080459770114945 0.9384615384615385 0.3922413793103448 0.9461538461538461 0.3922413793103448 0.9461538461538461 0.39080459770114945 0.9384615384615385 0.39080459770114945
0 0.6903846153846154 0.6451149425287356 0.6903846153846154 0.646551724137931 0.7 0.646551724137931 0.7 0.6451149425287356 0.6903846153846154 0.6451149425287356
0 0.6884615384615385 0.22988505747126436 0.6884615384615385 0.23132183908045978 0.7057692307692308 0.23132183908045978 0.7057692307692308 0.22988505747126436 0.6884615384615385 0.22988505747126436
0 0.3384615384615385 0.5459770114942529 0.3384615384615385 0.5474137931034483 0.34615384615384615 0.5474137931034483 0.34615384615384615 0.5459770114942529 0.3384615384615385 0.5459770114942529
0 1.2615384615384615 0.3103448275862069 1.2615384615384615 0.3117816091954023 1.271153846153846 0.3117816091954023 1.271153846153846 0.3103448275862069 1.2615384615384615 0.3103448275862069
0 0.8961538461538462 0.28448275862068967 0.8961538461538462 0.2859195402298851 0.9076923076923077 0.2859195402298851 0.9076923076923077 0.28448275862068967 0.8961538461538462 0.28448275862068967
0 0.8769230769230769 0.3103448275862069 0.8769230769230769 0.3117816091954023 0.8884615384615384 0.3117816091954023 0.8884615384615384 0.3103448275862069 0.8769230769230769 0.3103448275862069
0 0.8634615384615385 0.10632183908045977 0.8634615384615385 0.10775862068965517 0.8673076923076923 0.10775862068965517 0.8673076923076923 0.10632183908045977 0.8634615384615385 0.10632183908045977
0 0.15384615384615385 0.11206896551724138 0.15384615384615385 0.11350574712643678 0.1576923076923077 0.11350574712643678 0.1576923076923077 0.11206896551724138 0.15384615384615385 0.11206896551724138
0 0.9634615384615385 0.4870689655172414 0.9634615384615385 0.4885057471264368 0.9730769230769231 0.4885057471264368 0.9730769230769231 0.4870689655172414 0.9634615384615385 0.4870689655172414
0 0.6307692307692307 0.36063218390804597 0.6307692307692307 0.3620689655172414 0.6403846153846153 0.3620689655172414 0.6403846153846153 0.36063218390804597 0.6307692307692307 0.36063218390804597
0 1.1538461538461537 0.4238505747126437 1.1538461538461537 0.42528735632183906 1.1596153846153847 0.42528735632183906 1.1596153846153847 0.4238505747126437 1.1538461538461537 0.4238505747126437
0 0.4 0.5747126436781609 0.4 0.5761494252873564 0.4096153846153846 0.5761494252873564 0.4096153846153846 0.5747126436781609 0.4 0.5747126436781609
0 0.7134615384615385 0.4899425287356322 0.7134615384615385 0.49137931034482757 0.7269230769230769 0.49137931034482757 0.7269230769230769 0.4899425287356322 0.7134615384615385 0.4899425287356322
0 1.0480769230769231 0.46264367816091956 1.0480769230769231 0.4640804597701149 1.0557692307692308 0.4640804597701149 1.0557692307692308 0.46264367816091956 1.0480769230769231 0.46264367816091956
0 1.125 0.603448275862069 1.125 0.6048850574712644 1.1365384615384615 0.6048850574712644 1.1365384615384615 0.603448275862069 1.125 0.603448275862069
0 0.49038461538461536 0.41522988505747127 0.49038461538461536 0.4166666666666667 0.5019230769230769 0.4166666666666667 0.5019230769230769 0.41522988505747127 0.49038461538461536 0.41522988505747127
0 1.0307692307692307 0.6652298850574713 1.0307692307692307 0.6666666666666666 1.0346153846153847 0.6666666666666666 1.0346153846153847 0.6652298850574713 1.0307692307692307 0.6652298850574713
0 0.39807692307692305 0.1235632183908046 0.39807692307692305 0.125 0.4076923076923077 0.125 0.4076923076923077 0.1235632183908046 0.39807692307692305 0.1235632183908046
0 1.1307692307692307 0.2672413793103448 1.1307692307692307 0.2686781609195402 1.1423076923076922 0.2686781609195402 1.1423076923076922 0.2672413793103448 1.1307692307692307 0.2672413793103448
0 0.41346153846153844 0.14224137931034483 0.41346153846153844 0.14367816091954022 0.4442307692307692 0.14367816091954022 0.4442307692307692 0.14224137931034483 0.41346153846153844 0.14224137931034483
0 0.5692307692307692 0.6896551724137931 0.5692307692307692 0.6910919540229885 0.5769230769230769 0.6910919540229885 0.5769230769230769 0.6896551724137931 0.5692307692307692 0.6896551724137931
0 0.6019230769230769 0.6005747126436781 0.6019230769230769 0.6020114942528736 0.6173076923076923 0.6020114942528736 0.6173076923076923 0.6005747126436781 0.6019230769230769 0.6005747126436781
0 1.2557692307692307 0.34195402298850575 1.2557692307692307 0.34339080459770116 1.2769230769230768 0.34339080459770116 1.2769230769230768 0.34195402298850575 1.2557692307692307 0.34195402298850575
0 0.22884615384615384 0.7112068965517241 0.22884615384615384 0.7126436781609196 0.2403846153846154 0.7126436781609196 0.2403846153846154 0.7112068965517241 0.22884615384615384 0.7112068965517241
0 0.7269230769230769 0.40229885057471265 0.7269230769230769 0.40373563218390807 0.7365384615384616 0.40373563218390807 0.7365384615384616 0.40229885057471265 0.7269230769230769 0.40229885057471265
0 0.9980769230769231 0.27873563218390807 0.9980769230769231 0.2801724137931034 1.0057692307692307 0.2801724137931034 1.0057692307692307 0.27873563218390807 0.9980769230769231 0.27873563218390807
0 0.5923076923076923 0.5057471264367817 0.5923076923076923 0.507183908045977 0.6096153846153847 0.507183908045977 0.6096153846153847 0.5057471264367817 0.5923076923076923 0.5057471264367817
0 0.6846153846153846 0.1867816091954023 0.6846153846153846 0.1882183908045977 0.6903846153846154 0.1882183908045977 0.6903846153846154 0.1867816091954023 0.6846153846153846 0.1867816091954023
0 1.2057692307692307 0.41810344827586204 1.2057692307692307 0.41954022988505746 1.2153846153846153 0.41954022988505746 1.2153846153846153 0.41810344827586204 1.2057692307692307 0.41810344827586204
0 1.1288461538461538 0.21120689655172414 1.1288461538461538 0.21264367816091953 1.1326923076923077 0.21264367816091953 1.1326923076923077 0.21120689655172414 1.1288461538461538 0.21120689655172414
0 0.551923076923077 0.6149425287356322 0.551923076923077 0.6163793103448276 0.5557692307692308 0.6163793103448276 0.5557692307692308 0.6149425287356322 0.551923076923077 0.6149425287356322
0 0.18461538461538463 0.1781609195402299 0.18461538461538463 0.17959770114942528 0.19615384615384615 0.17959770114942528 0.19615384615384615 0.1781609195402299 0.18461538461538463 0.1781609195402299
0 1.0903846153846153 0.4353448275862069 1.0903846153846153 0.4367816091954023 1.1 0.4367816091954023 1.1 0.4353448275862069 1.0903846153846153 0.4353448275862069
0 0.6365384615384615 0.022988505747126436 0.6365384615384615 0.02442528735632184 0.6480769230769231 0.02442528735632184 0.6480769230769231 0.022988505747126436 0.6365384615384615 0.022988505747126436
0 1.2903846153846155 0.0014367816091954023 1.2903846153846155 0.0028735632183908046 1.3038461538461539 0.0028735632183908046 1.3038461538461539 0.0014367816091954023 1.2903846153846155 0.0014367816091954023
0 0.09230769230769231 0.5344827586206896 0.09230769230769231 0.5359195402298851 0.09615384615384616 0.5359195402298851 0.09615384615384616 0.5344827586206896 0.09230769230769231 0.5344827586206896
0 0.55 0.5574712643678161 0.55 0.5589080459770115 0.5692307692307692 0.5589080459770115 0.5692307692307692 0.5574712643678161 0.55 0.5574712643678161
0 0.39807692307692305 0.11350574712643678 0.39807692307692305 0.11494252873563218 0.4096153846153846 0.11494252873563218 0.4096153846153846 0.11350574712643678 0.39807692307692305 0.11350574712643678
0 0.1423076923076923 0.16235632183908047 0.1423076923076923 0.16379310344827586 0.17115384615384616 0.16379310344827586 0.17115384615384616 0.16235632183908047 0.1423076923076923 0.16235632183908047
0 0.4826923076923077 0.5416666666666666 0.4826923076923077 0.5431034482758621 0.49038461538461536 0.5431034482758621 0.49038461538461536 0.5416666666666666 0.4826923076923077 0.5416666666666666
0 0.8057692307692308 0.7270114942528736 0.8057692307692308 0.728448275862069 0.8096153846153846 0.728448275862069 0.8096153846153846 0.7270114942528736 0.8057692307692308 0.7270114942528736
0 1.0423076923076924 0.20402298850574713 1.0423076923076924 0.20545977011494254 1.051923076923077 0.20545977011494254 1.051923076923077 0.20402298850574713 1.0423076923076924 0.20402298850574713
0 1.0057692307692307 0.3017241379310345 1.0057692307692307 0.3031609195402299 1.0096153846153846 0.3031609195402299 1.0096153846153846 0.3017241379310345 1.0057692307692307 0.3017241379310345
0 0.14807692307692308 0.14942528735632185 0.14807692307692308 0.15086206896551724 0.1596153846153846 0.15086206896551724 0.1596153846153846 0.14942528735632185 0.14807692307692308 0.14942528735632185
0 0.9865384615384616 0.5919540229885057 0.9865384615384616 0.5933908045977011 1.0096153846153846 0.5933908045977011 1.0096153846153846 0.5919540229885057 0.9865384615384616 0.5919540229885057
0 0.2923076923076923 0.6522988505747126 0.2923076923076923 0.6537356321839081 0.3038461538461538 0.6537356321839081 0.3038461538461538 0.6522988505747126 0.2923076923076923 0.6522988505747126
0 1.1596153846153847 0.5201149425287356 1.1596153846153847 0.521551724137931 1.175 0.521551724137931 1.175 0.5201149425287356 1.1596153846153847 0.5201149425287356
0 0.4326923076923077 0.2859195402298851 0.4326923076923077 0.28735632183908044 0.4423076923076923 0.28735632183908044 0.4423076923076923 0.2859195402298851 0.4326923076923077 0.2859195402298851
0 1.0057692307692307 0.5804597701149425 1.0057692307692307 0.5818965517241379 1.0192307692307692 0.5818965517241379 1.0192307692307692 0.5804597701149425 1.0057692307692307 0.5804597701149425
0 1.1653846153846155 0.6997126436781609 1.1653846153846155 0.7011494252873564 1.1692307692307693 0.7011494252873564 1.1692307692307693 0.6997126436781609 1.1653846153846155 0.6997126436781609
0 0.9192307692307692 0.46551724137931033 0.9192307692307692 0.46695402298850575 0.9384615384615385 0.46695402298850575 0.9384615384615385 0.46551724137931033 0.9192307692307692 0.46551724137931033
0 1.0192307692307692 0.47701149425287354 1.0192307692307692 0.47844827586206895 1.0307692307692307 0.47844827586206895 1.0307692307692307 0.47701149425287354 1.0192307692307692 0.47701149425287354
0 1.021153846153846 0.5043103448275862 1.021153846153846 0.5057471264367817 1.0288461538461537 0.5057471264367817 1.0288461538461537 0.5043103448275862 1.021153846153846 0.5043103448275862
0 0.7134615384615385 0.28448275862068967 0.7134615384615385 0.2859195402298851 0.7173076923076923 0.2859195402298851 0.7173076923076923 0.28448275862068967 0.7134615384615385 0.28448275862068967
0 0.14423076923076922 0.6824712643678161 0.14423076923076922 0.6839080459770115 0.14807692307692308 0.6839080459770115 0.14807692307692308 0.6824712643678161 0.14423076923076922 0.6824712643678161
0 0.948076923076923 0.257183908045977 0.948076923076923 0.25862068965517243 0.9519230769230769 0.25862068965517243 0.9519230769230769 0.257183908045977 0.948076923076923 0.257183908045977
0 1.0461538461538462 0.6537356321839081 1.0461538461538462 0.6551724137931034 1.075 0.6551724137931034 1.075 0.6537356321839081 1.0461538461538462 0.6537356321839081
0 0.4596153846153846 0.6709770114942529 0.4596153846153846 0.6724137931034483 0.475 0.6724137931034483 0.475 0.6709770114942529 0.4596153846153846 0.6709770114942529
0 0.8788461538461538 0.1781609195402299 0.8788461538461538 0.17959770114942528 0.8923076923076924 0.17959770114942528 0.8923076923076924 0.1781609195402299 0.8788461538461538 0.1781609195402299
0 0.7057692307692308 0.7025862068965517 0.7057692307692308 0.7040229885057471 0.7230769230769231 0.7040229885057471 0.7230769230769231 0.7025862068965517 0.7057692307692308 0.7025862068965517
0 0.2980769230769231 0.5761494252873564 0.2980769230769231 0.5775862068965517 0.3096153846153846 0.5775862068965517 0.3096153846153846 0.5761494252873564 0.2980769230769231 0.5761494252873564
0 0.4634615384615385 0.6379310344827587 0.4634615384615385 0.639367816091954 0.4826923076923077 0.639367816091954 0.4826923076923077 0.6379310344827587 0.4634615384615385 0.6379310344827587
0 1.3192307692307692 0.7255747126436781 1.3192307692307692 0.7270114942528736 1.3307692307692307 0.7270114942528736 1.3307692307692307 0.7255747126436781 1.3192307692307692 0.7255747126436781
0 0.7384615384615385 0.44971264367816094 0.7384615384615385 0.4511494252873563 0.7538461538461538 0.4511494252873563 0.7538461538461538 0.44971264367816094 0.7384615384615385 0.44971264367816094
0 0.6423076923076924 0.6594827586206896 0.6423076923076924 0.6609195402298851 0.6461538461538462 0.6609195402298851 0.6461538461538462 0.6594827586206896 0.6423076923076924 0.6594827586206896
0 0.4653846153846154 0.19540229885057472 0.4653846153846154 0.1968390804597701 0.47692307692307695 0.1968390804597701 0.47692307692307695 0.19540229885057472 0.4653846153846154 0.19540229885057472
0 1.1519230769230768 0.7025862068965517 1.1519230769230768 0.7040229885057471 1.1615384615384616 0.7040229885057471 1.1615384615384616 0.7025862068965517 1.1519230769230768 0.7025862068965517
0 0.09230769230769231 0.034482758620689655 0.09230769230769231 0.035919540229885055 0.12115384615384615 0.035919540229885055 0.12115384615384615 0.034482758620689655 0.09230769230769231 0.034482758620689655
0 0.8269230769230769 0.29454022988505746 0.8269230769230769 0.2959770114942529 0.8403846153846154 0.2959770114942529 0.8403846153846154 0.29454022988505746 0.8269230769230769 0.29454022988505746
0 0.9788461538461538 0.6551724137931034 0.9788461538461538 0.6566091954022989 0.9980769230769231 0.6566091954022989 0.9980769230769231 0.6551724137931034 0.9788461538461538 0.6551724137931034
0 0.4480769230769231 0.16379310344827586 0.4480769230769231 0.16522988505747127 0.46153846153846156 0.16522988505747127 0.46153846153846156 0.16379310344827586 0.4480769230769231 0.16379310344827586
0 0.6692307692307692 0.09913793103448276 0.6692307692307692 0.10057471264367816 0.6730769230769231 0.10057471264367816 0.6730769230769231 0.09913793103448276 0.6692307692307692 0.09913793103448276
0 0.013461538461538462 0.6091954022988506 0.013461538461538462 0.610632183908046 0.032692307692307694 0.610632183908046 0.032692307692307694 0.6091954022988506 0.013461538461538462 0.6091954022988506
0 1.2115384615384615 0.3448275862068966 1.2115384615384615 0.34626436781609193 1.2230769230769232 0.34626436781609193 1.2230769230769232 0.3448275862068966 1.2115384615384615 0.3448275862068966
0 0.07692307692307693 0.3333333333333333 0.07692307692307693 0.33477011494252873 0.08846153846153847 0.33477011494252873 0.08846153846153847 0.3333333333333333 0.07692307692307693 0.3333333333333333
0 0.38076923076923075 0.1724137931034483 0.38076923076923075 0.17385057471264367 0.38461538461538464 0.17385057471264367 0.38461538461538464 0.1724137931034483 0.38076923076923075 0.1724137931034483
0 0.6346153846153846 0.5617816091954023 0.6346153846153846 0.5632183908045977 0.6384615384615384 0.5632183908045977 0.6384615384615384 0.5617816091954023 0.6346153846153846 0.5617816091954023
0 1.1903846153846154 0.5962643678160919 1.1903846153846154 0.5977011494252874 1.2038461538461538 0.5977011494252874 1.2038461538461538 0.5962643678160919 1.1903846153846154 0.5962643678160919
0 1.1538461538461537 0.23419540229885058 1.1538461538461537 0.23563218390804597 1.1730769230769231 0.23563218390804597 1.1730769230769231 0.23419540229885058 1.1538461538461537 0.23419540229885058
0 0.9596153846153846 0.004310344827586207 0.9596153846153846 0.005747126436781609 0.9692307692307692 0.005747126436781609 0.9692307692307692 0.004310344827586207 0.9596153846153846 0.004310344827586207
0 0.34423076923076923 0.3261494252873563 0.34423076923076923 0.3275862068965517 0.36153846153846153 0.3275862068965517 0.36153846153846153 0.3261494252873563 0.34423076923076923 0.3261494252873563
0 1.2365384615384616 0.08333333333333333 1.2365384615384616 0.08477011494252873 1.2538461538461538 0.08477011494252873 1.2538461538461538 0.08333333333333333 1.2365384615384616 0.08333333333333333
0 1.0173076923076922 0.35919540229885055 1.0173076923076922 0.36063218390804597 1.023076923076923 0.36063218390804597 1.023076923076923 0.35919540229885055 1.0173076923076922 0.35919540229885055
0 0.20384615384615384 0.0 0.20384615384615384 0.0014367816091954023 0.24615384615384617 0.0014367816091954023 0.24615384615384617 0.0 0.20384615384615384 0.0
0 0.6153846153846154 0.7198275862068966 0.6153846153846154 0.7212643678160919 0.6230769230769231 0.7212643678160919 0.6230769230769231 0.7198275862068966 0.6153846153846154 0.7198275862068966
0 1.075 0.13218390804597702 1.075 0.1336206896551724 1.0903846153846153 0.1336206896551724 1.0903846153846153 0.13218390804597702 1.075 0.13218390804597702
0 0.7711538461538462 0.3764367816091954 0.7711538461538462 0.37787356321839083 0.7826923076923077 0.37787356321839083 0.7826923076923077 0.3764367816091954 0.7711538461538462 0.3764367816091954
0 0.698076923076923 0.0 0.698076923076923 0.0014367816091954023 0.7115384615384616 0.0014367816091954023 0.7115384615384616 0.0 0.698076923076923 0.0
0 0.975 0.5359195402298851 0.975 0.5373563218390804 0.9903846153846154 0.5373563218390804 0.9903846153846154 0.5359195402298851 0.975 0.5359195402298851
0 0.1346153846153846 0.04454022988505747 0.1346153846153846 0.04597701149425287 0.1519230769230769 0.04597701149425287 0.1519230769230769 0.04454022988505747 0.1346153846153846 0.04454022988505747
0 1.0538461538461539 0.47701149425287354 1.0538461538461539 0.47844827586206895 1.0576923076923077 0.47844827586206895 1.0576923076923077 0.47701149425287354 1.0538461538461539 0.47701149425287354
0 0.42115384615384616 0.7212643678160919 0.42115384615384616 0.7227011494252874 0.43653846153846154 0.7227011494252874 0.43653846153846154 0.7212643678160919 0.42115384615384616 0.7212643678160919
0 0.8057692307692308 0.0 0.8057692307692308 0.0014367816091954023 0.8423076923076923 0.0014367816091954023 0.8423076923076923 0.0 0.8057692307692308 0.0
0 0.6076923076923076 0.37787356321839083 0.6076923076923076 0.3793103448275862 0.6115384615384616 0.3793103448275862 0.6115384615384616 0.37787356321839083 0.6076923076923076 0.37787356321839083
0 0.03461538461538462 0.33477011494252873 0.03461538461538462 0.33620689655172414 0.038461538461538464 0.33620689655172414 0.038461538461538464 0.33477011494252873 0.03461538461538462 0.33477011494252873
0 1.0538461538461539 0.5531609195402298 1.0538461538461539 0.5545977011494253 1.0576923076923077 0.5545977011494253 1.0576923076923077 0.5531609195402298 1.0538461538461539 0.5531609195402298
0 1.2365384615384616 0.5488505747126436 1.2365384615384616 0.5502873563218391 1.2384615384615385 0.5502873563218391 1.2384615384615385 0.5488505747126436 1.2365384615384616 0.5488505747126436
0 0.7288461538461538 0.3994252873563218 0.7288461538461538 0.40086206896551724 0.7384615384615385 0.40086206896551724 0.7384615384615385 0.3994252873563218 0.7288461538461538 0.3994252873563218
0 1.2826923076923078 0.09770114942528736 1.2826923076923078 0.09913793103448276 1.3173076923076923 0.09913793103448276 1.3173076923076923 0.09770114942528736 1.2826923076923078 0.09770114942528736
0 0.7980769230769231 0.5646551724137931 0.7980769230769231 0.5660919540229885 0.8076923076923077 0.5660919540229885 0.8076923076923077 0.5646551724137931 0.7980769230769231 0.5646551724137931
0 0.875 0.0 0.875 0.0014367816091954023 0.9230769230769231 0.0014367816091954023 0.9230769230769231 0.0 0.875 0.0
0 0.6115384615384616 0.3879310344827586 0.6115384615384616 0.38936781609195403 0.6153846153846154 0.38936781609195403 0.6153846153846154 0.3879310344827586 0.6115384615384616 0.3879310344827586
0 0.3153846153846154 0.2600574712643678 0.3153846153846154 0.2614942528735632 0.32884615384615384 0.2614942528735632 0.32884615384615384 0.2600574712643678 0.3153846153846154 0.2600574712643678
0 0.1576923076923077 0.4468390804597701 0.1576923076923077 0.4482758620689655 0.16153846153846155 0.4482758620689655 0.16153846153846155 0.4468390804597701 0.1576923076923077 0.4468390804597701
0 0.40384615384615385 0.7097701149425287 0.40384615384615385 0.7112068965517241 0.4076923076923077 0.7112068965517241 0.4076923076923077 0.7097701149425287 0.40384615384615385 0.7097701149425287
0 0.6038461538461538 0.3994252873563218 0.6038461538461538 0.40086206896551724 0.625 0.40086206896551724 0.625 0.3994252873563218 0.6038461538461538 0.3994252873563218
0 0.038461538461538464 0.2442528735632184 0.038461538461538464 0.24568965517241378 0.05 0.24568965517241378 0.05 0.2442528735632184 0.038461538461538464 0.2442528735632184
0 0.11730769230769231 0.4942528735632184 0.11730769230769231 0.4956896551724138 0.12884615384615383 0.4956896551724138 0.12884615384615383 0.4942528735632184 0.11730769230769231 0.4942528735632184
0 0.34615384615384615 0.39080459770114945 0.34615384615384615 0.3922413793103448 0.3557692307692308 0.3922413793103448 0.3557692307692308 0.39080459770114945 0.34615384615384615 0.39080459770114945
0 0.12115384615384615 0.07040229885057471 0.12115384615384615 0.07183908045977011 0.1326923076923077 0.07183908045977011 0.1326923076923077 0.07040229885057471 0.12115384615384615 0.07040229885057471
0 0.2673076923076923 0.3577586206896552 0.2673076923076923 0.35919540229885055 0.275 0.35919540229885055 0.275 0.3577586206896552 0.2673076923076923 0.3577586206896552
0 0.6038461538461538 0.23275862068965517 0.6038461538461538 0.23419540229885058 0.6192307692307693 0.23419540229885058 0.6192307692307693 0.23275862068965517 0.6038461538461538 0.23275862068965517
0 0.08076923076923077 0.26436781609195403 0.08076923076923077 0.26580459770114945 0.09038461538461538 0.26580459770114945 0.09038461538461538 0.26436781609195403 0.08076923076923077 0.26436781609195403
0 0.9692307692307692 0.3175287356321839 0.9692307692307692 0.31896551724137934 0.975 0.31896551724137934 0.975 0.3175287356321839 0.9692307692307692 0.3175287356321839
0 1.198076923076923 0.12931034482758622 1.198076923076923 0.1307471264367816 1.2019230769230769 0.1307471264367816 1.2019230769230769 0.12931034482758622 1.198076923076923 0.12931034482758622
0 0.3269230769230769 0.02586206896551724 0.3269230769230769 0.027298850574712645 0.35192307692307695 0.027298850574712645 0.35192307692307695 0.02586206896551724 0.3269230769230769 0.02586206896551724
0 0.5807692307692308 0.6436781609195402 0.5807692307692308 0.6451149425287356 0.5942307692307692 0.6451149425287356 0.5942307692307692 0.6436781609195402 0.5807692307692308 0.6436781609195402
0 0.8557692307692307 0.38362068965517243 0.8557692307692307 0.3850574712643678 0.8673076923076923 0.3850574712643678 0.8673076923076923 0.38362068965517243 0.8557692307692307 0.38362068965517243
0 0.6807692307692308 0.39655172413793105 0.6807692307692308 0.39798850574712646 0.6865384615384615 0.39798850574712646 0.6865384615384615 0.39655172413793105 0.6807692307692308 0.39655172413793105
0 0.3019230769230769 0.4281609195402299 0.3019230769230769 0.4295977011494253 0.3057692307692308 0.4295977011494253 0.3057692307692308 0.4281609195402299 0.3019230769230769 0.4281609195402299
0 1.1211538461538462 0.27298850574712646 1.1211538461538462 0.2744252873563218 1.1384615384615384 0.2744252873563218 1.1384615384615384 0.27298850574712646 1.1211538461538462 0.27298850574712646
0 0.6692307692307692 0.6135057471264368 0.6692307692307692 0.6149425287356322 0.6903846153846154 0.6149425287356322 0.6903846153846154 0.6135057471264368 0.6692307692307692 0.6135057471264368
0 1.0173076923076922 0.6494252873563219 1.0173076923076922 0.6508620689655172 1.0365384615384616 0.6508620689655172 1.0365384615384616 0.6494252873563219 1.0173076923076922 0.6494252873563219
0 0.15 0.3275862068965517 0.15 0.3290229885057471 0.1576923076923077 0.3290229885057471 0.1576923076923077 0.3275862068965517 0.15 0.3275862068965517
0 0.4288461538461538 0.13649425287356323 0.4288461538461538 0.13793103448275862 0.4634615384615385 0.13793103448275862 0.4634615384615385 0.13649425287356323 0.4288461538461538 0.13649425287356323
0 0.6826923076923077 0.22126436781609196 0.6826923076923077 0.22270114942528735 0.6923076923076923 0.22270114942528735 0.6923076923076923 0.22126436781609196 0.6826923076923077 0.22126436781609196
0 0.013461538461538462 0.041666666666666664 0.013461538461538462 0.04310344827586207 0.026923076923076925 0.04310344827586207 0.026923076923076925 0.041666666666666664 0.013461538461538462 0.041666666666666664
0 0.3576923076923077 0.05747126436781609 0.3576923076923077 0.05890804597701149 0.36346153846153845 0.05890804597701149 0.36346153846153845 0.05747126436781609 0.3576923076923077 0.05747126436781609
0 0.28076923076923077 0.632183908045977 0.28076923076923077 0.6336206896551724 0.2846153846153846 0.6336206896551724 0.2846153846153846 0.632183908045977 0.28076923076923077 0.632183908045977
0 1.325 0.4396551724137931 1.325 0.4410919540229885 1.3346153846153845 0.4410919540229885 1.3346153846153845 0.4396551724137931 1.325 0.4396551724137931
0 0.5673076923076923 0.5775862068965517 0.5673076923076923 0.5790229885057471 0.5788461538461539 0.5790229885057471 0.5788461538461539 0.5775862068965517 0.5673076923076923 0.5775862068965517
0 0.6134615384615385 0.7313218390804598 0.6134615384615385 0.7327586206896551 0.6269230769230769 0.7327586206896551 0.6269230769230769 0.7313218390804598 0.6134615384615385 0.7313218390804598
0 1.075 0.6135057471264368 1.075 0.6149425287356322 1.0942307692307693 0.6149425287356322 1.0942307692307693 0.6135057471264368 1.075 0.6135057471264368
0 1.25 0.4339080459770115 1.25 0.4353448275862069 1.2615384615384615 0.4353448275862069 1.2615384615384615 0.4339080459770115 1.25 0.4339080459770115
0 0.55 0.5359195402298851 0.55 0.5373563218390804 0.5769230769230769 0.5373563218390804 0.5769230769230769 0.5359195402298851 0.55 0.5359195402298851
0 0.4326923076923077 0.46839080459770116 0.4326923076923077 0.4698275862068966 0.4442307692307692 0.4698275862068966 0.4442307692307692 0.46839080459770116 0.4326923076923077 0.46839080459770116
0 0.5538461538461539 0.2025862068965517 0.5538461538461539 0.20402298850574713 0.5634615384615385 0.20402298850574713 0.5634615384615385 0.2025862068965517 0.5538461538461539 0.2025862068965517
0 1.0538461538461539 0.031609195402298854 1.0538461538461539 0.033045977011494254 1.0596153846153846 0.033045977011494254 1.0596153846153846 0.031609195402298854 1.0538461538461539 0.031609195402298854
0 0.5038461538461538 0.367816091954023 0.5038461538461538 0.3692528735632184 0.525 0.3692528735632184 0.525 0.367816091954023 0.5038461538461538 0.367816091954023
0 0.9326923076923077 0.4640804597701149 0.9326923076923077 0.46551724137931033 0.9423076923076923 0.46551724137931033 0.9423076923076923 0.4640804597701149 0.9326923076923077 0.4640804597701149
0 1.2634615384615384 0.4885057471264368 1.2634615384615384 0.4899425287356322 1.271153846153846 0.4899425287356322 1.271153846153846 0.4885057471264368 1.2634615384615384 0.4885057471264368
0 1.0980769230769232 0.34913793103448276 1.0980769230769232 0.3505747126436782 1.1096153846153847 0.3505747126436782 1.1096153846153847 0.34913793103448276 1.0980769230769232 0.34913793103448276
0 1.2846153846153847 0.28448275862068967 1.2846153846153847 0.2859195402298851 1.2903846153846155 0.2859195402298851 1.2903846153846155 0.28448275862068967 1.2846153846153847 0.28448275862068967
0 0.20961538461538462 0.3218390804597701 0.20961538461538462 0.3232758620689655 0.21923076923076923 0.3232758620689655 0.21923076923076923 0.3218390804597701 0.20961538461538462 0.3218390804597701
0 0.38653846153846155 0.07471264367816093 0.38653846153846155 0.07614942528735633 0.4 0.07614942528735633 0.4 0.07471264367816093 0.38653846153846155 0.07471264367816093
0 0.04038461538461539 0.0 0.04038461538461539 0.0014367816091954023 0.08076923076923077 0.0014367816091954023 0.08076923076923077 0.0 0.04038461538461539 0.0
0 0.5134615384615384 0.47126436781609193 0.5134615384615384 0.47270114942528735 0.5288461538461539 0.47270114942528735 0.5288461538461539 0.47126436781609193 0.5134615384615384 0.47126436781609193
0 0.9153846153846154 0.33620689655172414 0.9153846153846154 0.33764367816091956 0.925 0.33764367816091956 0.925 0.33620689655172414 0.9153846153846154 0.33620689655172414
0 0.7230769230769231 0.008620689655172414 0.7230769230769231 0.010057471264367816 0.7307692307692307 0.010057471264367816 0.7307692307692307 0.008620689655172414 0.7230769230769231 0.008620689655172414
0 0.09615384615384616 0.5545977011494253 0.09615384615384616 0.5560344827586207 0.10384615384615385 0.5560344827586207 0.10384615384615385 0.5545977011494253 0.09615384615384616 0.5545977011494253
0 0.6807692307692308 0.49712643678160917 0.6807692307692308 0.4985632183908046 0.7 0.4985632183908046 0.7 0.49712643678160917 0.6807692307692308 0.49712643678160917
0 1.2576923076923077 0.47413793103448276 1.2576923076923077 0.4755747126436782 1.2653846153846153 0.4755747126436782 1.2653846153846153 0.47413793103448276 1.2576923076923077 0.47413793103448276
0 0.7980769230769231 0.25862068965517243 0.7980769230769231 0.2600574712643678 0.8057692307692308 0.2600574712643678 0.8057692307692308 0.25862068965517243 0.7980769230769231 0.25862068965517243
0 0.325 0.5330459770114943 0.325 0.5344827586206896 0.3346153846153846 0.5344827586206896 0.3346153846153846 0.5330459770114943 0.325 0.5330459770114943
0 0.45384615384615384 0.5919540229885057 0.45384615384615384 0.5933908045977011 0.47115384615384615 0.5933908045977011 0.47115384615384615 0.5919540229885057 0.45384615384615384 0.5919540229885057
0 0.5038461538461538 0.34626436781609193 0.5038461538461538 0.34770114942528735 0.5211538461538462 0.34770114942528735 0.5211538461538462 0.34626436781609193 0.5038461538461538 0.34626436781609193
0 0.698076923076923 0.6882183908045977 0.698076923076923 0.6896551724137931 0.7192307692307692 0.6896551724137931 0.7192307692307692 0.6882183908045977 0.698076923076923 0.6882183908045977
0 0.16153846153846155 0.35919540229885055 0.16153846153846155 0.36063218390804597 0.18076923076923077 0.36063218390804597 0.18076923076923077 0.35919540229885055 0.16153846153846155 0.35919540229885055
0 0.06346153846153846 0.23419540229885058 0.06346153846153846 0.23563218390804597 0.08076923076923077 0.23563218390804597 0.08076923076923077 0.23419540229885058 0.06346153846153846 0.23419540229885058
0 0.34807692307692306 0.4540229885057471 0.34807692307692306 0.45545977011494254 0.35384615384615387 0.45545977011494254 0.35384615384615387 0.4540229885057471 0.34807692307692306 0.4540229885057471
0 0.27692307692307694 0.7097701149425287 0.27692307692307694 0.7112068965517241 0.2865384615384615 0.7112068965517241 0.2865384615384615 0.7097701149425287 0.27692307692307694 0.7097701149425287
0 1.3307692307692307 0.20977011494252873 1.3307692307692307 0.21120689655172414 1.3384615384615384 0.21120689655172414 1.3384615384615384 0.20977011494252873 1.3307692307692307 0.20977011494252873
0 1.2076923076923076 0.40086206896551724 1.2076923076923076 0.40229885057471265 1.2134615384615384 0.40229885057471265 1.2134615384615384 0.40086206896551724 1.2076923076923076 0.40086206896551724
0 0.5346153846153846 0.25287356321839083 0.5346153846153846 0.2543103448275862 0.551923076923077 0.2543103448275862 0.551923076923077 0.25287356321839083 0.5346153846153846 0.25287356321839083
0 1.2307692307692308 0.6479885057471264 1.2307692307692308 0.6494252873563219 1.248076923076923 0.6494252873563219 1.248076923076923 0.6479885057471264 1.2307692307692308 0.6479885057471264
0 1.2596153846153846 0.4353448275862069 1.2596153846153846 0.4367816091954023 1.2653846153846153 0.4367816091954023 1.2653846153846153 0.4353448275862069 1.2596153846153846 0.4353448275862069
0 0.7076923076923077 0.41379310344827586 0.7076923076923077 0.41522988505747127 0.7211538461538461 0.41522988505747127 0.7211538461538461 0.41379310344827586 0.7076923076923077 0.41379310344827586
0 0.8480769230769231 0.4956896551724138 0.8480769230769231 0.49712643678160917 0.8538461538461538 0.49712643678160917 0.8538461538461538 0.4956896551724138 0.8480769230769231 0.4956896551724138
0 0.4153846153846154 0.5833333333333334 0.4153846153846154 0.5847701149425287 0.4326923076923077 0.5847701149425287 0.4326923076923077 0.5833333333333334 0.4153846153846154 0.5833333333333334
0 0.6423076923076924 0.17385057471264367 0.6423076923076924 0.1752873563218391 0.65 0.1752873563218391 0.65 0.17385057471264367 0.6423076923076924 0.17385057471264367
0 0.25769230769230766 0.7083333333333334 0.25769230769230766 0.7097701149425287 0.27692307692307694 0.7097701149425287 0.27692307692307694 0.7083333333333334 0.25769230769230766 0.7083333333333334
0 1.0153846153846153 0.5201149425287356 1.0153846153846153 0.521551724137931 1.0326923076923078 0.521551724137931 1.0326923076923078 0.5201149425287356 1.0153846153846153 0.5201149425287356
0 0.5096153846153846 0.22270114942528735 0.5096153846153846 0.22413793103448276 0.525 0.22413793103448276 0.525 0.22270114942528735 0.5096153846153846 0.22270114942528735
0 0.5711538461538461 0.521551724137931 0.5711538461538461 0.5229885057471264 0.5788461538461539 0.5229885057471264 0.5788461538461539 0.521551724137931 0.5711538461538461 0.521551724137931
0 1.2826923076923078 0.20402298850574713 1.2826923076923078 0.20545977011494254 1.2942307692307693 0.20545977011494254 1.2942307692307693 0.20402298850574713 1.2826923076923078 0.20402298850574713
0 1.0769230769230769 0.01293103448275862 1.0769230769230769 0.014367816091954023 1.0884615384615384 0.014367816091954023 1.0884615384615384 0.01293103448275862 1.0769230769230769 0.01293103448275862
0 0.6884615384615385 0.34626436781609193 0.6884615384615385 0.34770114942528735 0.7 0.34770114942528735 0.7 0.34626436781609193 0.6884615384615385 0.34626436781609193
0 0.9942307692307693 0.07758620689655173 0.9942307692307693 0.07902298850574713 0.9980769230769231 0.07902298850574713 0.9980769230769231 0.07758620689655173 0.9942307692307693 0.07758620689655173
0 0.06346153846153846 0.3764367816091954 0.06346153846153846 0.37787356321839083 0.075 0.37787356321839083 0.075 0.3764367816091954 0.06346153846153846 0.3764367816091954
0 0.275 0.3635057471264368 0.275 0.3649425287356322 0.2903846153846154 0.3649425287356322 0.2903846153846154 0.3635057471264368 0.275 0.3635057471264368