0 0.24423076923076922 0.17959770114942528 0.24423076923076922 0.1810344827586207 0.26346153846153847 0.1810344827586207 0.26346153846153847 0.17959770114942528 0.24423076923076922 0.17959770114942528
0 0.9653846153846154 0.020114942528735632 0.9653846153846154 0.021551724137931036 0.9769230769230769 0.021551724137931036 0.9769230769230769 0.020114942528735632 0.9653846153846154 0.020114942528735632
0 0.38269230769230766 0.3103448275862069 0.38269230769230766 0.3117816091954023 0.4 0.3117816091954023 0.4 0.3103448275862069 0.38269230769230766 0.3103448275862069
0 1.3211538461538461 0.4755747126436782 1.3211538461538461 0.47701149425287354 1.3384615384615384 0.47701149425287354 1.3384615384615384 0.4755747126436782 1.3211538461538461 0.4755747126436782
0 1.0076923076923077 0.25 1.0076923076923077 0.2514367816091954 1.0192307692307692 0.2514367816091954 1.0192307692307692 0.25 1.0076923076923077 0.25
0 1.1807692307692308 0.3045977011494253 1.1807692307692308 0.30603448275862066 1.1942307692307692 0.30603448275862066 1.1942307692307692 0.3045977011494253 1.1807692307692308 0.3045977011494253
0 0.3557692307692308 0.13793103448275862 0.3557692307692308 0.13936781609195403 0.36923076923076925 0.13936781609195403 0.36923076923076925 0.13793103448275862 0.3557692307692308 0.13793103448275862
0 0.3384615384615385 0.5632183908045977 0.3384615384615385 0.5646551724137931 0.35192307692307695 0.5646551724137931 0.35192307692307695 0.5632183908045977 0.3384615384615385 0.5632183908045977
0 0.175 0.5919540229885057 0.175 0.5933908045977011 0.18269230769230768 0.5933908045977011 0.18269230769230768 0.5919540229885057 0.175 0.5919540229885057
0 0.8634615384615385 0.010057471264367816 0.8634615384615385 0.011494252873563218 0.8826923076923077 0.011494252873563218 0.8826923076923077 0.010057471264367816 0.8634615384615385 0.010057471264367816
0 0.9173076923076923 0.11781609195402298 0.9173076923076923 0.11925287356321838 0.9307692307692308 0.11925287356321838 0.9307692307692308 0.11781609195402298 0.9173076923076923 0.11781609195402298
0 0.9192307692307692 0.21982758620689655 0.9192307692307692 0.22126436781609196 0.926923076923077 0.22126436781609196 0.926923076923077 0.21982758620689655 0.9192307692307692 0.21982758620689655
0 0.7115384615384616 0.6781609195402298 0.7115384615384616 0.6795977011494253 0.7211538461538461 0.6795977011494253 0.7211538461538461 0.6781609195402298 0.7115384615384616 0.6781609195402298
0 0.8288461538461539 0.6853448275862069 0.8288461538461539 0.6867816091954023 0.8480769230769231 0.6867816091954023 0.8480769230769231 0.6853448275862069 0.8288461538461539 0.6853448275862069
0 0.9019230769230769 0.0 0.9019230769230769 0.0014367816091954023 0.9461538461538461 0.0014367816091954023 0.9461538461538461 0.0 0.9019230769230769 0.0
0 0.14423076923076922 0.21551724137931033 0.14423076923076922 0.21695402298850575 0.16346153846153846 0.21695402298850575 0.16346153846153846 0.21551724137931033 0.14423076923076922 0.21551724137931033
0 1.0807692307692307 0.33477011494252873 1.0807692307692307 0.33620689655172414 1.0826923076923076 0.33620689655172414 1.0826923076923076 0.33477011494252873 1.0807692307692307 0.33477011494252873
0 0.4826923076923077 0.507183908045977 0.4826923076923077 0.5086206896551724 0.5076923076923077 0.5086206896551724 0.5076923076923077 0.507183908045977 0.4826923076923077 0.507183908045977
0 1.3115384615384615 0.6767241379310345 1.3115384615384615 0.6781609195402298 1.3288461538461538 0.6781609195402298 1.3288461538461538 0.6767241379310345 1.3115384615384615 0.6767241379310345
0 1.2961538461538462 0.4640804597701149 1.2961538461538462 0.46551724137931033 1.3192307692307692 0.46551724137931033 1.3192307692307692 0.4640804597701149 1.2961538461538462 0.4640804597701149
0 0.6884615384615385 0.6091954022988506 0.6884615384615385 0.610632183908046 0.698076923076923 0.610632183908046 0.698076923076923 0.6091954022988506 0.6884615384615385 0.6091954022988506
0 0.75 0.47270114942528735 0.75 0.47413793103448276 0.7615384615384615 0.47413793103448276 0.7615384615384615 0.47270114942528735 0.75 0.47270114942528735
0 0.07692307692307693 0.5014367816091954 0.07692307692307693 0.5028735632183908 0.09423076923076923 0.5028735632183908 0.09423076923076923 0.5014367816091954 0.07692307692307693 0.5014367816091954
0 1.1923076923076923 0.14942528735632185 1.1923076923076923 0.15086206896551724 1.198076923076923 0.15086206896551724 1.198076923076923 0.14942528735632185 1.1923076923076923 0.14942528735632185
0 0.8980769230769231 0.16954022988505746 0.8980769230769231 0.17097701149425287 0.9173076923076923 0.17097701149425287 0.9173076923076923 0.16954022988505746 0.8980769230769231 0.16954022988505746
0 0.7403846153846154 0.5301724137931034 0.7403846153846154 0.5316091954022989 0.7596153846153846 0.5316091954022989 0.7596153846153846 0.5301724137931034 0.7403846153846154 0.5301724137931034
0 0.34615384615384615 0.728448275862069 0.34615384615384615 0.7298850574712644 0.35384615384615387 0.7298850574712644 0.35384615384615387 0.728448275862069 0.34615384615384615 0.728448275862069
0 0.9230769230769231 0.5272988505747126 0.9230769230769231 0.5287356321839081 0.9288461538461539 0.5287356321839081 0.9288461538461539 0.5272988505747126 0.9230769230769231 0.5272988505747126
0 0.7269230769230769 0.30603448275862066 0.7269230769230769 0.3074712643678161 0.7365384615384616 0.3074712643678161 0.7365384615384616 0.30603448275862066 0.7269230769230769 0.30603448275862066
0 1.2096153846153845 0.5445402298850575 1.2096153846153845 0.5459770114942529 1.228846153846154 0.5459770114942529 1.228846153846154 0.5445402298850575 1.2096153846153845 0.5445402298850575
0 1.1865384615384615 0.382183908045977 1.1865384615384615 0.38362068965517243 1.1903846153846154 0.38362068965517243 1.1903846153846154 0.382183908045977 1.1865384615384615 0.382183908045977
0 0.6826923076923077 0.6968390804597702 0.6826923076923077 0.6982758620689655 0.6923076923076923 0.6982758620689655 0.6923076923076923 0.6968390804597702 0.6826923076923077 0.6968390804597702
0 0.9538461538461539 0.6235632183908046 0.9538461538461539 0.625 0.9711538461538461 0.625 0.9711538461538461 0.6235632183908046 0.9538461538461539 0.6235632183908046
0 0.3730769230769231 0.603448275862069 0.3730769230769231 0.6048850574712644 0.38846153846153847 0.6048850574712644 0.38846153846153847 0.603448275862069 0.3730769230769231 0.603448275862069
0 0.3 0.1824712643678161 0.3 0.1839080459770115 0.3057692307692308 0.1839080459770115 0.3057692307692308 0.1824712643678161 0.3 0.1824712643678161
0 1.2980769230769231 0.47270114942528735 1.2980769230769231 0.47413793103448276 1.3 0.47413793103448276 1.3 0.47270114942528735 1.2980769230769231 0.47270114942528735
0 0.41923076923076924 0.24856321839080459 0.41923076923076924 0.25 0.4269230769230769 0.25 0.4269230769230769 0.24856321839080459 0.41923076923076924 0.24856321839080459
0 0.6211538461538462 0.0 0.6211538461538462 0.0014367816091954023 0.6596153846153846 0.0014367816091954023 0.6596153846153846 0.0 0.6211538461538462 0.0
0 1.3288461538461538 0.16522988505747127 1.3288461538461538 0.16666666666666666 1.3326923076923076 0.16666666666666666 1.3326923076923076 0.16522988505747127 1.3288461538461538 0.16522988505747127
0 0.8057692307692308 0.008620689655172414 0.8057692307692308 0.010057471264367816 0.8269230769230769 0.010057471264367816 0.8269230769230769 0.008620689655172414 0.8057692307692308 0.008620689655172414
0 1.1692307692307693 0.6163793103448276 1.1692307692307693 0.617816091954023 1.1865384615384615 0.617816091954023 1.1865384615384615 0.6163793103448276 1.1692307692307693 0.6163793103448276
0 0.42115384615384616 0.03017241379310345 0.42115384615384616 0.031609195402298854 0.4307692307692308 0.031609195402298854 0.4307692307692308 0.03017241379310345 0.42115384615384616 0.03017241379310345
0 0.47692307692307695 0.646551724137931 0.47692307692307695 0.6479885057471264 0.47884615384615387 0.6479885057471264 0.47884615384615387 0.646551724137931 0.47692307692307695 0.646551724137931
0 0.0673076923076923 0.5186781609195402 0.0673076923076923 0.5201149425287356 0.07115384615384615 0.5201149425287356 0.07115384615384615 0.5186781609195402 0.0673076923076923 0.5186781609195402
0 1.1923076923076923 0.5545977011494253 1.1923076923076923 0.5560344827586207 1.2134615384615384 0.5560344827586207 1.2134615384615384 0.5545977011494253 1.1923076923076923 0.5545977011494253
0 0.13076923076923078 0.13505747126436782 0.13076923076923078 0.13649425287356323 0.14038461538461539 0.13649425287356323 0.14038461538461539 0.13505747126436782 0.13076923076923078 0.13505747126436782
0 0.6153846153846154 0.15517241379310345 0.6153846153846154 0.15660919540229884 0.6365384615384615 0.15660919540229884 0.6365384615384615 0.15517241379310345 0.6153846153846154 0.15517241379310345
0 0.3038461538461538 0.35488505747126436 0.3038461538461538 0.3563218390804598 0.3076923076923077 0.3563218390804598 0.3076923076923077 0.35488505747126436 0.3038461538461538 0.35488505747126436
0 0.8576923076923076 0.48419540229885055 0.8576923076923076 0.48563218390804597 0.875 0.48563218390804597 0.875 0.48419540229885055 0.8576923076923076 0.48419540229885055
0 0.12692307692307692 0.2600574712643678 0.12692307692307692 0.2614942528735632 0.14807692307692308 0.2614942528735632 0.14807692307692308 0.2600574712643678 0.12692307692307692 0.2600574712643678
0 0.4980769230769231 0.0603448275862069 0.4980769230769231 0.0617816091954023 0.5153846153846153 0.0617816091954023 0.5153846153846153 0.0603448275862069 0.4980769230769231 0.0603448275862069
0 0.3153846153846154 0.07758620689655173 0.3153846153846154 0.07902298850574713 0.33076923076923076 0.07902298850574713 0.33076923076923076 0.07758620689655173 0.3153846153846154 0.07758620689655173
0 0.6038461538461538 0.34626436781609193 0.6038461538461538 0.34770114942528735 0.6076923076923076 0.34770114942528735 0.6076923076923076 0.34626436781609193 0.6038461538461538 0.34626436781609193
0 0.46923076923076923 0.6451149425287356 0.46923076923076923 0.646551724137931 0.4846153846153846 0.646551724137931 0.4846153846153846 0.6451149425287356 0.46923076923076923 0.6451149425287356
0 0.09038461538461538 0.0014367816091954023 0.09038461538461538 0.0028735632183908046 0.10384615384615385 0.0028735632183908046 0.10384615384615385 0.0014367816091954023 0.09038461538461538 0.0014367816091954023
0 0.6923076923076923 0.28304597701149425 0.6923076923076923 0.28448275862068967 0.698076923076923 0.28448275862068967 0.698076923076923 0.28304597701149425 0.6923076923076923 0.28304597701149425
0 1.0192307692307692 0.7040229885057471 1.0192307692307692 0.7054597701149425 1.0288461538461537 0.7054597701149425 1.0288461538461537 0.7040229885057471 1.0192307692307692 0.7040229885057471
0 0.8153846153846154 0.35488505747126436 0.8153846153846154 0.3563218390804598 0.8423076923076923 0.3563218390804598 0.8423076923076923 0.35488505747126436 0.8153846153846154 0.35488505747126436
0 0.1346153846153846 0.035919540229885055 0.1346153846153846 0.03735632183908046 0.14038461538461539 0.03735632183908046 0.14038461538461539 0.035919540229885055 0.1346153846153846 0.035919540229885055
0 0.075 0.11350574712643678 0.075 0.11494252873563218 0.08846153846153847 0.11494252873563218 0.08846153846153847 0.11350574712643678 0.075 0.11350574712643678
0 1.1730769230769231 0.08620689655172414 1.1730769230769231 0.08764367816091954 1.1807692307692308 0.08764367816091954 1.1807692307692308 0.08620689655172414 1.1730769230769231 0.08620689655172414
0 0.9 0.08189655172413793 0.9 0.08333333333333333 0.9096153846153846 0.08333333333333333 0.9096153846153846 0.08189655172413793 0.9 0.08189655172413793
0 1.1596153846153847 0.21839080459770116 1.1596153846153847 0.21982758620689655 1.1711538461538462 0.21982758620689655 1.1711538461538462 0.21839080459770116 1.1596153846153847 0.21839080459770116
0 0.21346153846153845 0.4583333333333333 0.21346153846153845 0.45977011494252873 0.21923076923076923 0.45977011494252873 0.21923076923076923 0.4583333333333333 0.21346153846153845 0.4583333333333333
0 1.1307692307692307 0.20977011494252873 1.1307692307692307 0.21120689655172414 1.1365384615384615 0.21120689655172414 1.1365384615384615 0.20977011494252873 1.1307692307692307 0.20977011494252873
0 1.2826923076923078 0.14511494252873564 1.2826923076923078 0.14655172413793102 1.2923076923076924 0.14655172413793102 1.2923076923076924 0.14511494252873564 1.2826923076923078 0.14511494252873564
0 0.13653846153846153 0.5502873563218391 0.13653846153846153 0.5517241379310345 0.14423076923076922 0.5517241379310345 0.14423076923076922 0.5502873563218391 0.13653846153846153 0.5502873563218391
0 1.0923076923076922 0.610632183908046 1.0923076923076922 0.6120689655172413 1.101923076923077 0.6120689655172413 1.101923076923077 0.610632183908046 1.0923076923076922 0.610632183908046
0 1.1711538461538462 0.6307471264367817 1.1711538461538462 0.632183908045977 1.1865384615384615 0.632183908045977 1.1865384615384615 0.6307471264367817 1.1711538461538462 0.6307471264367817
0 1.101923076923077 0.3290229885057471 1.101923076923077 0.33045977011494254 1.1115384615384616 0.33045977011494254 1.1115384615384616 0.3290229885057471 1.101923076923077 0.3290229885057471
0 0.9865384615384616 0.1235632183908046 0.9865384615384616 0.125 0.9923076923076923 0.125 0.9923076923076923 0.1235632183908046 0.9865384615384616 0.1235632183908046
0 0.5923076923076923 0.610632183908046 0.5923076923076923 0.6120689655172413 0.6 0.6120689655172413 0.6 0.610632183908046 0.5923076923076923 0.610632183908046
0 0.4634615384615385 0.28735632183908044 0.4634615384615385 0.28879310344827586 0.47692307692307695 0.28879310344827586 0.47692307692307695 0.28735632183908044 0.4634615384615385 0.28735632183908044
0 0.45576923076923076 0.2557471264367816 0.45576923076923076 0.257183908045977 0.4596153846153846 0.257183908045977 0.4596153846153846 0.2557471264367816 0.45576923076923076 0.2557471264367816
0 1.05 0.1724137931034483 1.05 0.17385057471264367 1.0557692307692308 0.17385057471264367 1.0557692307692308 0.1724137931034483 1.05 0.1724137931034483
0 1.2980769230769231 0.5833333333333334 1.2980769230769231 0.5847701149425287 1.3076923076923077 0.5847701149425287 1.3076923076923077 0.5833333333333334 1.2980769230769231 0.5833333333333334
0 0.4846153846153846 0.6522988505747126 0.4846153846153846 0.6537356321839081 0.5 0.6537356321839081 0.5 0.6522988505747126 0.4846153846153846 0.6522988505747126
0 0.8384615384615385 0.728448275862069 0.8384615384615385 0.7298850574712644 0.8519230769230769 0.7298850574712644 0.8519230769230769 0.728448275862069 0.8384615384615385 0.728448275862069
0 1.2134615384615384 0.07040229885057471 1.2134615384615384 0.07183908045977011 1.2230769230769232 0.07183908045977011 1.2230769230769232 0.07040229885057471 1.2134615384615384 0.07040229885057471
0 1.0653846153846154 0.5833333333333334 1.0653846153846154 0.5847701149425287 1.0961538461538463 0.5847701149425287 1.0961538461538463 0.5833333333333334 1.0653846153846154 0.5833333333333334
0 0.43846153846153846 0.3577586206896552 0.43846153846153846 0.35919540229885055 0.45384615384615384 0.35919540229885055 0.45384615384615384 0.3577586206896552 0.43846153846153846 0.3577586206896552
0 0.7980769230769231 0.4109195402298851 0.7980769230769231 0.41235632183908044 0.8192307692307692 0.41235632183908044 0.8192307692307692 0.4109195402298851 0.7980769230769231 0.4109195402298851
0 0.6576923076923077 0.06321839080459771 0.6576923076923077 0.06465517241379311 0.6692307692307692 0.06465517241379311 0.6692307692307692 0.06321839080459771 0.6576923076923077 0.06321839080459771
0 0.35 0.5833333333333334 0.35 0.5847701149425287 0.3730769230769231 0.5847701149425287 0.3730769230769231 0.5833333333333334 0.35 0.5833333333333334
0 1.3269230769230769 0.23706896551724138 1.3269230769230769 0.23850574712643677 1.3384615384615384 0.23850574712643677 1.3384615384615384 0.23706896551724138 1.3269230769230769 0.23706896551724138
0 1.0942307692307693 0.1724137931034483 1.0942307692307693 0.17385057471264367 1.1115384615384616 0.17385057471264367 1.1115384615384616 0.1724137931034483 1.0942307692307693 0.1724137931034483
0 0.9307692307692308 0.5 0.9307692307692308 0.5014367816091954 0.9403846153846154 0.5014367816091954 0.9403846153846154 0.5 0.9307692307692308 0.5
0 0.9711538461538461 0.07758620689655173 0.9711538461538461 0.07902298850574713 0.9807692307692307 0.07902298850574713 0.9807692307692307 0.07758620689655173 0.9711538461538461 0.07758620689655173
0 0.8615384615384616 0.5158045977011494 0.8615384615384616 0.5172413793103449 0.8807692307692307 0.5172413793103449 0.8807692307692307 0.5158045977011494 0.8615384615384616 0.5158045977011494
0 1.0884615384615384 0.19827586206896552 1.0884615384615384 0.1997126436781609 1.101923076923077 0.1997126436781609 1.101923076923077 0.19827586206896552 1.0884615384615384 0.19827586206896552
0 0.6153846153846154 0.07327586206896551 0.6153846153846154 0.07471264367816093 0.6269230769230769 0.07471264367816093 0.6269230769230769 0.07327586206896551 0.6153846153846154 0.07327586206896551
0 1.0961538461538463 0.34051724137931033 1.0961538461538463 0.34195402298850575 1.1076923076923078 0.34195402298850575 1.1076923076923078 0.34051724137931033 1.0961538461538463 0.34051724137931033
0 0.475 0.06321839080459771 0.475 0.06465517241379311 0.48653846153846153 0.06465517241379311 0.48653846153846153 0.06321839080459771 0.475 0.06321839080459771
0 0.7653846153846153 0.7183908045977011 0.7653846153846153 0.7198275862068966 0.7692307692307693 0.7198275862068966 0.7692307692307693 0.7183908045977011 0.7653846153846153 0.7183908045977011
0 1.1307692307692307 0.22988505747126436 1.1307692307692307 0.23132183908045978 1.1423076923076922 0.23132183908045978 1.1423076923076922 0.22988505747126436 1.1307692307692307 0.22988505747126436
0 0.5461538461538461 0.40229885057471265 0.5461538461538461 0.40373563218390807 0.551923076923077 0.40373563218390807 0.551923076923077 0.40229885057471265 0.5461538461538461 0.40229885057471265
0 1.3134615384615385 0.5632183908045977 1.3134615384615385 0.5646551724137931 1.3173076923076923 0.5646551724137931 1.3173076923076923 0.5632183908045977 1.3134615384615385 0.5632183908045977
0 0.4653846153846154 0.735632183908046 0.4653846153846154 0.7370689655172413 0.4846153846153846 0.7370689655172413 0.4846153846153846 0.735632183908046 0.4653846153846154 0.735632183908046
0 0.5980769230769231 0.2744252873563218 0.5980769230769231 0.27586206896551724 0.6134615384615385 0.27586206896551724 0.6134615384615385 0.2744252873563218 0.5980769230769231 0.2744252873563218
0 1.1115384615384616 0.7385057471264368 1.1115384615384616 0.7399425287356322 1.1384615384615384 0.7399425287356322 1.1384615384615384 0.7385057471264368 1.1115384615384616 0.7385057471264368
0 0.4096153846153846 0.05316091954022988 0.4096153846153846 0.05459770114942529 0.4230769230769231 0.05459770114942529 0.4230769230769231 0.05316091954022988 0.4096153846153846 0.05316091954022988
0 0.2653846153846154 0.017241379310344827 0.2653846153846154 0.01867816091954023 0.2903846153846154 0.01867816091954023 0.2903846153846154 0.017241379310344827 0.2653846153846154 0.017241379310344827
0 0.9942307692307693 0.3692528735632184 0.9942307692307693 0.3706896551724138 0.9980769230769231 0.3706896551724138 0.9980769230769231 0.3692528735632184 0.9942307692307693 0.3692528735632184
0 0.4403846153846154 0.382183908045977 0.4403846153846154 0.38362068965517243 0.45576923076923076 0.38362068965517243 0.45576923076923076 0.382183908045977 0.4403846153846154 0.382183908045977
0 1.228846153846154 0.6652298850574713 1.228846153846154 0.6666666666666666 1.2403846153846154 0.6666666666666666 1.2403846153846154 0.6652298850574713 1.228846153846154 0.6652298850574713
0 1.2230769230769232 0.3793103448275862 1.2230769230769232 0.3807471264367816 1.2403846153846154 0.3807471264367816 1.2403846153846154 0.3793103448275862 1.2230769230769232 0.3793103448275862
0 1.2865384615384616 0.4396551724137931 1.2865384615384616 0.4410919540229885 1.2980769230769231 0.4410919540229885 1.2980769230769231 0.4396551724137931 1.2865384615384616 0.4396551724137931
0 0.825 0.040229885057471264 0.825 0.041666666666666664 0.8326923076923077 0.041666666666666664 0.8326923076923077 0.040229885057471264 0.825 0.040229885057471264
0 1.273076923076923 0.10919540229885058 1.273076923076923 0.11063218390804598 1.2769230769230768 0.11063218390804598 1.2769230769230768 0.10919540229885058 1.273076923076923 0.10919540229885058
0 0.7326923076923076 0.6307471264367817 0.7326923076923076 0.632183908045977 0.7423076923076923 0.632183908045977 0.7423076923076923 0.6307471264367817 0.7326923076923076 0.6307471264367817
0 0.41923076923076924 0.47126436781609193 0.41923076923076924 0.47270114942528735 0.4326923076923077 0.47270114942528735 0.4326923076923077 0.47126436781609193 0.41923076923076924 0.47126436781609193
0 0.4076923076923077 0.625 0.4076923076923077 0.6264367816091954 0.41346153846153844 0.6264367816091954 0.41346153846153844 0.625 0.4076923076923077 0.625
0 0.8269230769230769 0.5818965517241379 0.8269230769230769 0.5833333333333334 0.8384615384615385 0.5833333333333334 0.8384615384615385 0.5818965517241379 0.8269230769230769 0.5818965517241379
0 0.7423076923076923 0.0 0.7423076923076923 0.0014367816091954023 0.7961538461538461 0.0014367816091954023 0.7961538461538461 0.0 0.7423076923076923 0.0
0 0.9192307692307692 0.22126436781609196 0.9192307692307692 0.22270114942528735 0.9365384615384615 0.22270114942528735 0.9365384615384615 0.22126436781609196 0.9192307692307692 0.22126436781609196
0 1.3115384615384615 0.3103448275862069 1.3115384615384615 0.3117816091954023 1.323076923076923 0.3117816091954023 1.323076923076923 0.3103448275862069 1.3115384615384615 0.3103448275862069
0 0.3076923076923077 0.7140804597701149 0.3076923076923077 0.7155172413793104 0.32884615384615384 0.7155172413793104 0.32884615384615384 0.7140804597701149 0.3076923076923077 0.7140804597701149
0 0.9846153846153847 0.10775862068965517 0.9846153846153847 0.10919540229885058 0.9942307692307693 0.10919540229885058 0.9942307692307693 0.10775862068965517 0.9846153846153847 0.10775862068965517
0 1.0076923076923077 0.30028735632183906 1.0076923076923077 0.3017241379310345 1.0153846153846153 0.3017241379310345 1.0153846153846153 0.30028735632183906 1.0076923076923077 0.30028735632183906
0 0.85 0.10919540229885058 0.85 0.11063218390804598 0.8538461538461538 0.11063218390804598 0.8538461538461538 0.10919540229885058 0.85 0.10919540229885058
0 0.19230769230769232 0.6724137931034483 0.19230769230769232 0.6738505747126436 0.2 0.6738505747126436 0.2 0.6724137931034483 0.19230769230769232 0.6724137931034483
0 1.3076923076923077 0.46551724137931033 1.3076923076923077 0.46695402298850575 1.3307692307692307 0.46695402298850575 1.3307692307692307 0.46551724137931033 1.3076923076923077 0.46551724137931033
0 1.3173076923076923 0.6594827586206896 1.3173076923076923 0.6609195402298851 1.3211538461538461 0.6609195402298851 1.3211538461538461 0.6594827586206896 1.3173076923076923 0.6594827586206896
0 0.06538461538461539 0.632183908045977 0.06538461538461539 0.6336206896551724 0.07692307692307693 0.6336206896551724 0.07692307692307693 0.632183908045977 0.06538461538461539 0.632183908045977
0 0.9288461538461539 0.4870689655172414 0.9288461538461539 0.4885057471264368 0.9365384615384615 0.4885057471264368 0.9365384615384615 0.4870689655172414 0.9288461538461539 0.4870689655172414
0 0.6923076923076923 0.0 0.6923076923076923 0.0014367816091954023 0.7423076923076923 0.0014367816091954023 0.7423076923076923 0.0 0.6923076923076923 0.0
0 0.9826923076923076 0.1278735632183908 0.9826923076923076 0.12931034482758622 0.9923076923076923 0.12931034482758622 0.9923076923076923 0.1278735632183908 0.9826923076923076 0.1278735632183908
0 0.34807692307692306 0.1867816091954023 0.34807692307692306 0.1882183908045977 0.3557692307692308 0.1882183908045977 0.3557692307692308 0.1867816091954023 0.34807692307692306 0.1867816091954023
0 0.8288461538461539 0.6609195402298851 0.8288461538461539 0.6623563218390804 0.8384615384615385 0.6623563218390804 0.8384615384615385 0.6609195402298851 0.8288461538461539 0.6609195402298851
0 0.08076923076923077 0.16954022988505746 0.08076923076923077 0.17097701149425287 0.09230769230769231 0.17097701149425287 0.09230769230769231 0.16954022988505746 0.08076923076923077 0.16954022988505746
0 0.38846153846153847 0.3922413793103448 0.38846153846153847 0.3936781609195402 0.40192307692307694 0.3936781609195402 0.40192307692307694 0.3922413793103448 0.38846153846153847 0.3922413793103448
0 0.6019230769230769 0.2629310344827586 0.6019230769230769 0.26436781609195403 0.6192307692307693 0.26436781609195403 0.6192307692307693 0.2629310344827586 0.6019230769230769 0.2629310344827586
0 0.45576923076923076 0.4410919540229885 0.45576923076923076 0.4425287356321839 0.4653846153846154 0.4425287356321839 0.4653846153846154 0.4410919540229885 0.45576923076923076 0.4410919540229885