0 0.27734375 0.1375 0.27734375 0.140625 0.296875 0.140625 0.296875 0.1375 0.27734375 0.1375
0 0.8359375 0.625 0.8359375 0.628125 0.84375 0.628125 0.84375 0.625 0.8359375 0.625
0 0.625 0.103125 0.625 0.10625 0.64453125 0.10625 0.64453125 0.103125 0.625 0.103125
0 0.234375 0.109375 0.234375 0.1125 0.25 0.1125 0.25 0.109375 0.234375 0.109375
0 0.72265625 0.334375 0.72265625 0.3375 0.73046875 0.3375 0.73046875 0.334375 0.72265625 0.334375
0 0.90625 0.328125 0.90625 0.33125 0.92578125 0.33125 0.92578125 0.328125 0.90625 0.328125
0 0.68359375 0.6625 0.68359375 0.665625 0.69921875 0.665625 0.69921875 0.6625 0.68359375 0.6625
0 0.1171875 0.278125 0.1171875 0.28125 0.15234375 0.28125 0.15234375 0.278125 0.1171875 0.278125
0 1.21484375 0.18125 1.21484375 0.184375 1.22265625 0.184375 1.22265625 0.18125 1.21484375 0.18125
0 0.46484375 0.45625 0.46484375 0.459375 0.47265625 0.459375 0.47265625 0.45625 0.46484375 0.45625
0 0.171875 0.634375 0.171875 0.6375 0.19921875 0.6375 0.19921875 0.634375 0.171875 0.634375
0 0.953125 0.6625 0.953125 0.665625 0.984375 0.665625 0.984375 0.6625 0.953125 0.6625
0 0.69921875 0.3875 0.69921875 0.390625 0.7421875 0.390625 0.7421875 0.3875 0.69921875 0.3875
0 0.57421875 0.0 0.57421875 0.003125 0.6171875 0.003125 0.6171875 0.0 0.57421875 0.0
0 0.2734375 0.18125 0.2734375 0.184375 0.2890625 0.184375 0.2890625 0.18125 0.2734375 0.18125
0 0.2890625 0.371875 0.2890625 0.375 0.30078125 0.375 0.30078125 0.371875 0.2890625 0.371875
0 1.0859375 0.415625 1.0859375 0.41875 1.11328125 0.41875 1.11328125 0.415625 1.0859375 0.415625
0 1.19921875 0.41875 1.19921875 0.421875 1.2109375 0.421875 1.2109375 0.41875 1.19921875 0.41875
0 0.13671875 0.721875 0.13671875 0.725 0.16015625 0.725 0.16015625 0.721875 0.13671875 0.721875
0 0.9921875 0.684375 0.9921875 0.6875 1.02734375 0.6875 1.02734375 0.684375 0.9921875 0.684375
0 0.78125 0.346875 0.78125 0.35 0.80078125 0.35 0.80078125 0.346875 0.78125 0.346875
0 0.01171875 0.534375 0.01171875 0.5375 0.046875 0.5375 0.046875 0.534375 0.01171875 0.534375
0 0.70703125 0.134375 0.70703125 0.1375 0.72265625 0.1375 0.72265625 0.134375 0.70703125 0.134375
0 0.65234375 0.353125 0.65234375 0.35625 0.71875 0.35625 0.71875 0.353125 0.65234375 0.353125
0 0.46484375 0.478125 0.46484375 0.48125 0.484375 0.48125 0.484375 0.478125 0.46484375 0.478125
0 0.33203125 0.53125 0.33203125 0.534375 0.35546875 0.534375 0.35546875 0.53125 0.33203125 0.53125
0 0.7734375 0.440625 0.7734375 0.44375 0.77734375 0.44375 0.77734375 0.440625 0.7734375 0.440625
0 0.12109375 0.10625 0.12109375 0.109375 0.1328125 0.109375 0.1328125 0.10625 0.12109375 0.10625
0 0.38671875 0.0 0.38671875 0.003125 0.4140625 0.003125 0.4140625 0.0 0.38671875 0.0
0 0.6796875 0.128125 0.6796875 0.13125 0.6953125 0.13125 0.6953125 0.128125 0.6796875 0.128125
0 0.4765625 0.0 0.4765625 0.003125 0.5234375 0.003125 0.5234375 0.0 0.4765625 0.0
0 0.2265625 0.559375 0.2265625 0.5625 0.234375 0.5625 0.234375 0.559375 0.2265625 0.559375
0 0.5859375 0.3625 0.5859375 0.365625 0.62890625 0.365625 0.62890625 0.3625 0.5859375 0.3625
0 1.0859375 0.396875 1.0859375 0.4 1.11328125 0.4 1.11328125 0.396875 1.0859375 0.396875
0 0.38671875 0.003125 0.38671875 0.00625 0.4140625 0.00625 0.4140625 0.003125 0.38671875 0.003125
0 0.09765625 0.04375 0.09765625 0.046875 0.11328125 0.046875 0.11328125 0.04375 0.09765625 0.04375
0 1.10546875 0.25 1.10546875 0.253125 1.125 0.253125 1.125 0.25 1.10546875 0.25
0 0.48046875 0.76875 0.48046875 0.771875 0.48828125 0.771875 0.48828125 0.76875 0.48046875 0.76875
0 0.0703125 0.003125 0.0703125 0.00625 0.078125 0.00625 0.078125 0.003125 0.0703125 0.003125
0 0.34375 0.171875 0.34375 0.175 0.3515625 0.175 0.3515625 0.171875 0.34375 0.171875
0 0.76171875 0.128125 0.76171875 0.13125 0.7734375 0.13125 0.7734375 0.128125 0.76171875 0.128125
0 0.93359375 0.040625 0.93359375 0.04375 0.95703125 0.04375 0.95703125 0.040625 0.93359375 0.040625
0 0.83984375 0.053125 0.83984375 0.05625 0.8515625 0.05625 0.8515625 0.053125 0.83984375 0.053125
0 0.54296875 0.603125 0.54296875 0.60625 0.58203125 0.60625 0.58203125 0.603125 0.54296875 0.603125
0 0.73046875 0.23125 0.73046875 0.234375 0.75390625 0.234375 0.75390625 0.23125 0.73046875 0.23125
0 0.71484375 0.5375 0.71484375 0.540625 0.7421875 0.540625 0.7421875 0.5375 0.71484375 0.5375
0 0.625 0.2625 0.625 0.265625 0.640625 0.265625 0.640625 0.2625 0.625 0.2625
0 0.49609375 0.2125 0.49609375 0.215625 0.52734375 0.215625 0.52734375 0.2125 0.49609375 0.2125
0 0.5390625 0.034375 0.5390625 0.0375 0.546875 0.0375 0.546875 0.034375 0.5390625 0.034375
0 0.8828125 0.396875 0.8828125 0.4 0.921875 0.4 0.921875 0.396875 0.8828125 0.396875
0 1.0625 0.3 1.0625 0.303125 1.09375 0.303125 1.09375 0.3 1.0625 0.3
0 0.7578125 0.25625 0.7578125 0.259375 0.7890625 0.259375 0.7890625 0.25625 0.7578125 0.25625
0 0.4140625 0.0 0.4140625 0.003125 0.4765625 0.003125 0.4765625 0.0 0.4140625 0.0
0 0.33203125 0.221875 0.33203125 0.225 0.33984375 0.225 0.33984375 0.221875 0.33203125 0.221875
0 0.98828125 0.328125 0.98828125 0.33125 1.0 0.33125 1.0 0.328125 0.98828125 0.328125
0 0.96484375 0.634375 0.96484375 0.6375 0.98046875 0.6375 0.98046875 0.634375 0.96484375 0.634375
0 0.3671875 0.0 0.3671875 0.003125 0.38671875 0.003125 0.38671875 0.0 0.3671875 0.0
0 0.83203125 0.7875 0.83203125 0.790625 0.84765625 0.790625 0.84765625 0.7875 0.83203125 0.7875
0 1.22265625 0.05625 1.22265625 0.059375 1.234375 0.059375 1.234375 0.05625 1.22265625 0.05625
0 0.9765625 0.04375 0.9765625 0.046875 0.98828125 0.046875 0.98828125 0.04375 0.9765625 0.04375
0 0.25 0.0 0.25 0.003125 0.3046875 0.003125 0.3046875 0.0 0.25 0.0
0 0.515625 0.478125 0.515625 0.48125 0.53125 0.48125 0.53125 0.478125 0.515625 0.478125
0 0.5234375 0.0 0.5234375 0.003125 0.5546875 0.003125 0.5546875 0.0 0.5234375 0.0
0 1.0 0.721875 1.0 0.725 1.01171875 0.725 1.01171875 0.721875 1.0 0.721875
0 0.0078125 0.33125 0.0078125 0.334375 0.0234375 0.334375 0.0234375 0.33125 0.0078125 0.33125
0 0.109375 0.0 0.109375 0.003125 0.13671875 0.003125 0.13671875 0.0 0.109375 0.0
0 1.15625 0.35625 1.15625 0.359375 1.17578125 0.359375 1.17578125 0.35625 1.15625 0.35625
0 0.76171875 0.253125 0.76171875 0.25625 0.7734375 0.25625 0.7734375 0.253125 0.76171875 0.253125
0 1.05859375 0.296875 1.05859375 0.3 1.08984375 0.3 1.08984375 0.296875 1.05859375 0.296875
0 1.0859375 0.721875 1.0859375 0.725 1.109375 0.725 1.109375 0.721875 1.0859375 0.721875
0 0.5078125 0.025 0.5078125 0.028125 0.5234375 0.028125 0.5234375 0.025 0.5078125 0.025
0 0.40234375 0.221875 0.40234375 0.225 0.453125 0.225 0.453125 0.221875 0.40234375 0.221875
0 0.55078125 0.121875 0.55078125 0.125 0.5859375 0.125 0.5859375 0.121875 0.55078125 0.121875
0 0.44140625 0.015625 0.44140625 0.01875 0.45703125 0.01875 0.45703125 0.015625 0.44140625 0.015625
0 0.1484375 0.409375 0.1484375 0.4125 0.1640625 0.4125 0.1640625 0.409375 0.1484375 0.409375
0 0.28125 0.35625 0.28125 0.359375 0.29296875 0.359375 0.29296875 0.35625 0.28125 0.35625
0 0.6484375 0.196875 0.6484375 0.2 0.67578125 0.2 0.67578125 0.196875 0.6484375 0.196875
0 0.1171875 0.19375 0.1171875 0.196875 0.125 0.196875 0.125 0.19375 0.1171875 0.19375
0 0.0390625 0.328125 0.0390625 0.33125 0.07421875 0.33125 0.07421875 0.328125 0.0390625 0.328125
0 0.51171875 0.275 0.51171875 0.278125 0.55859375 0.278125 0.55859375 0.275 0.51171875 0.275
0 0.61328125 0.35625 0.61328125 0.359375 0.625 0.359375 0.625 0.35625 0.61328125 0.35625
0 1.10546875 0.003125 1.10546875 0.00625 1.11328125 0.00625 1.11328125 0.003125 1.10546875 0.003125
0 0.8984375 0.090625 0.8984375 0.09375 0.9140625 0.09375 0.9140625 0.090625 0.8984375 0.090625
0 0.88671875 0.35625 0.88671875 0.359375 0.91015625 0.359375 0.91015625 0.35625 0.88671875 0.35625
0 0.015625 0.0875 0.015625 0.090625 0.03125 0.090625 0.03125 0.0875 0.015625 0.0875
0 0.4140625 0.146875 0.4140625 0.15 0.4453125 0.15 0.4453125 0.146875 0.4140625 0.146875
0 0.546875 0.128125 0.546875 0.13125 0.56640625 0.13125 0.56640625 0.128125 0.546875 0.128125
0 0.66015625 0.01875 0.66015625 0.021875 0.6875 0.021875 0.6875 0.01875 0.66015625 0.01875
0 0.92578125 0.271875 0.92578125 0.275 0.94921875 0.275 0.94921875 0.271875 0.92578125 0.271875
0 0.10546875 0.0875 0.10546875 0.090625 0.13671875 0.090625 0.13671875 0.0875 0.10546875 0.0875
0 1.21484375 0.0375 1.21484375 0.040625 1.24609375 0.040625 1.24609375 0.0375 1.21484375 0.0375
0 1.23046875 0.196875 1.23046875 0.2 1.2421875 0.2 1.2421875 0.196875 1.23046875 0.196875
0 0.515625 0.090625 0.515625 0.09375 0.53125 0.09375 0.53125 0.090625 0.515625 0.090625
0 0.66796875 0.140625 0.66796875 0.14375 0.67578125 0.14375 0.67578125 0.140625 0.66796875 0.140625
0 0.21484375 0.0 0.21484375 0.003125 0.25 0.003125 0.25 0.0 0.21484375 0.0
0 0.53515625 0.253125 0.53515625 0.25625 0.5625 0.25625 0.5625 0.253125 0.53515625 0.253125
0 0.13671875 0.05 0.13671875 0.053125 0.1484375 0.053125 0.1484375 0.05 0.13671875 0.05