0 0.5 0.58125 0.5 0.584375 0.515625 0.584375 0.515625 0.58125 0.5 0.58125
0 1.21875 0.378125 1.21875 0.38125 1.23828125 0.38125 1.23828125 0.378125 1.21875 0.378125
0 0.37890625 0.459375 0.37890625 0.4625 0.38671875 0.4625 0.38671875 0.459375 0.37890625 0.459375
0 0.7421875 0.440625 0.7421875 0.44375 0.75 0.44375 0.75 0.440625 0.7421875 0.440625
0 0.74609375 0.18125 0.74609375 0.184375 0.76171875 0.184375 0.76171875 0.18125 0.74609375 0.18125
0 0.5 0.14375 0.5 0.146875 0.515625 0.146875 0.515625 0.14375 0.5 0.14375
0 1.0 0.275 1.0 0.278125 1.04296875 0.278125 1.04296875 0.275 1.0 0.275
0 0.78515625 0.284375 0.78515625 0.2875 0.80859375 0.2875 0.80859375 0.284375 0.78515625 0.284375
0 0.40625 0.278125 0.40625 0.28125 0.42578125 0.28125 0.42578125 0.278125 0.40625 0.278125
0 0.12890625 0.746875 0.12890625 0.75 0.14453125 0.75 0.14453125 0.746875 0.12890625 0.746875
0 0.33984375 0.0 0.33984375 0.003125 0.3984375 0.003125 0.3984375 0.0 0.33984375 0.0
0 0.3515625 0.646875 0.3515625 0.65 0.36328125 0.65 0.36328125 0.646875 0.3515625 0.646875
0 0.24609375 0.675 0.24609375 0.678125 0.3125 0.678125 0.3125 0.675 0.24609375 0.675
0 0.83203125 0.784375 0.83203125 0.7875 0.8515625 0.7875 0.8515625 0.784375 0.83203125 0.784375
0 0.33984375 0.121875 0.33984375 0.125 0.39453125 0.125 0.39453125 0.121875 0.33984375 0.121875
0 0.328125 0.11875 0.328125 0.121875 0.359375 0.121875 0.359375 0.11875 0.328125 0.11875
0 0.96484375 0.084375 0.96484375 0.0875 0.9765625 0.0875 0.9765625 0.084375 0.96484375 0.084375
0 1.21484375 0.18125 1.21484375 0.184375 1.24609375 0.184375 1.24609375 0.18125 1.21484375 0.18125
0 1.0625 0.328125 1.0625 0.33125 1.0859375 0.33125 1.0859375 0.328125 1.0625 0.328125
0 0.35546875 0.51875 0.35546875 0.521875 0.41015625 0.521875 0.41015625 0.51875 0.35546875 0.51875
0 0.15234375 0.628125 0.15234375 0.63125 0.19140625 0.63125 0.19140625 0.628125 0.15234375 0.628125
0 0.8203125 0.384375 0.8203125 0.3875 0.85546875 0.3875 0.85546875 0.384375 0.8203125 0.384375