0 0.044921875 0.015625 0.044921875 0.0171875 0.060546875 0.0171875 0.060546875 0.015625 0.044921875 0.015625
0 0.697265625 0.734375 0.697265625 0.7359375 0.70703125 0.7359375 0.70703125 0.734375 0.697265625 0.734375
0 0.3125 0.3734375 0.3125 0.375 0.322265625 0.375 0.322265625 0.3734375 0.3125 0.3734375
0 0.64453125 0.1875 0.64453125 0.1890625 0.65234375 0.1890625 0.65234375 0.1875 0.64453125 0.1875
0 0.8515625 0.103125 0.8515625 0.1046875 0.873046875 0.1046875 0.873046875 0.103125 0.8515625 0.103125
0 0.486328125 0.4546875 0.486328125 0.45625 0.498046875 0.45625 0.498046875 0.4546875 0.486328125 0.4546875
0 0.642578125 0.15 0.642578125 0.1515625 0.666015625 0.1515625 0.666015625 0.15 0.642578125 0.15
0 0.744140625 0.365625 0.744140625 0.3671875 0.76953125 0.3671875 0.76953125 0.365625 0.744140625 0.365625
0 0.880859375 0.603125 0.880859375 0.6046875 0.8828125 0.6046875 0.8828125 0.603125 0.880859375 0.603125
0 0.705078125 0.1359375 0.705078125 0.1375 0.7265625 0.1375 0.7265625 0.1359375 0.705078125 0.1359375
0 0.947265625 0.471875 0.947265625 0.4734375 0.958984375 0.4734375 0.958984375 0.471875 0.947265625 0.471875
0 0.04296875 0.4140625 0.04296875 0.415625 0.06640625 0.415625 0.06640625 0.4140625 0.04296875 0.4140625
0 0.6875 0.1671875 0.6875 0.16875 0.6953125 0.16875 0.6953125 0.1671875 0.6875 0.1671875
0 0.3984375 0.0 0.3984375 0.0015625 0.458984375 0.0015625 0.458984375 0.0 0.3984375 0.0
0 0.845703125 0.0 0.845703125 0.0015625 0.921875 0.0015625 0.921875 0.0 0.845703125 0.0
0 1.05859375 0.615625 1.05859375 0.6171875 1.0859375 0.6171875 1.0859375 0.615625 1.05859375 0.615625
0 0.06640625 0.49375 0.06640625 0.4953125 0.09375 0.4953125 0.09375 0.49375 0.06640625 0.49375
0 0.580078125 0.321875 0.580078125 0.3234375 0.5859375 0.3234375 0.5859375 0.321875 0.580078125 0.321875