0 0.08984375 0.334375 0.08984375 0.3375 0.1015625 0.3375 0.1015625 0.334375 0.08984375 0.334375
0 0.30078125 0.51875 0.30078125 0.521875 0.328125 0.521875 0.328125 0.51875 0.30078125 0.51875
0 0.79296875 0.0 0.79296875 0.003125 0.84375 0.003125 0.84375 0.0 0.79296875 0.0
0 0.6015625 0.565625 0.6015625 0.56875 0.625 0.56875 0.625 0.565625 0.6015625 0.565625
0 0.24609375 0.309375 0.24609375 0.3125 0.25 0.3125 0.25 0.309375 0.24609375 0.309375
0 0.80078125 0.625 0.80078125 0.628125 0.8125 0.628125 0.8125 0.625 0.80078125 0.625
0 0.74609375 0.115625 0.74609375 0.11875 0.75 0.11875 0.75 0.115625 0.74609375 0.115625
0 0.484375 0.55625 0.484375 0.559375 0.49609375 0.559375 0.49609375 0.55625 0.484375 0.55625
0 0.921875 0.5625 0.921875 0.565625 0.9375 0.565625 0.9375 0.5625 0.921875 0.5625
0 0.05078125 0.671875 0.05078125 0.675 0.0625 0.675 0.0625 0.671875 0.05078125 0.671875
0 1.04296875 0.584375 1.04296875 0.5875 1.05078125 0.5875 1.05078125 0.584375 1.04296875 0.584375
0 0.79296875 0.75 0.79296875 0.753125 0.80859375 0.753125 0.80859375 0.75 0.79296875 0.75
0 0.9921875 0.759375 0.9921875 0.7625 1.01171875 0.7625 1.01171875 0.759375 0.9921875 0.759375
0 0.671875 0.790625 0.671875 0.79375 0.68359375 0.79375 0.68359375 0.790625 0.671875 0.790625
0 1.12109375 0.459375 1.12109375 0.4625 1.14453125 0.4625 1.14453125 0.459375 1.12109375 0.459375
0 1.2421875 0.509375 1.2421875 0.5125 1.25 0.5125 1.25 0.509375 1.2421875 0.509375
0 0.48046875 0.75625 0.48046875 0.759375 0.5 0.759375 0.5 0.75625 0.48046875 0.75625
0 0.12109375 0.646875 0.12109375 0.65 0.12890625 0.65 0.12890625 0.646875 0.12109375 0.646875
0 0.69921875 0.515625 0.69921875 0.51875 0.7109375 0.51875 0.7109375 0.515625 0.69921875 0.515625
0 0.96484375 0.0375 0.96484375 0.040625 0.97265625 0.040625 0.97265625 0.0375 0.96484375 0.0375
0 0.16796875 0.259375 0.16796875 0.2625 0.17578125 0.2625 0.17578125 0.259375 0.16796875 0.259375
0 0.47265625 0.39375 0.47265625 0.396875 0.49609375 0.396875 0.49609375 0.39375 0.47265625 0.39375
0 0.90625 0.784375 0.90625 0.7875 0.921875 0.7875 0.921875 0.784375 0.90625 0.784375
0 1.1875 0.609375 1.1875 0.6125 1.19921875 0.6125 1.19921875 0.609375 1.1875 0.609375