0 0.18846153846153846 0.3807471264367816 0.18846153846153846 0.382183908045977 0.2076923076923077 0.382183908045977 0.2076923076923077 0.3807471264367816 0.18846153846153846 0.3807471264367816
0 0.051923076923076926 0.5431034482758621 0.051923076923076926 0.5445402298850575 0.06153846153846154 0.5445402298850575 0.06153846153846154 0.5431034482758621 0.051923076923076926 0.5431034482758621
0 0.16923076923076924 0.6738505747126436 0.16923076923076924 0.6752873563218391 0.18461538461538463 0.6752873563218391 0.18461538461538463 0.6738505747126436 0.16923076923076924 0.6738505747126436
0 1.301923076923077 0.7341954022988506 1.301923076923077 0.735632183908046 1.3096153846153846 0.735632183908046 1.3096153846153846 0.7341954022988506 1.301923076923077 0.7341954022988506
0 1.1846153846153846 0.014367816091954023 1.1846153846153846 0.015804597701149427 1.2 0.015804597701149427 1.2 0.014367816091954023 1.1846153846153846 0.014367816091954023
0 1.1076923076923078 0.41379310344827586 1.1076923076923078 0.41522988505747127 1.1211538461538462 0.41522988505747127 1.1211538461538462 0.41379310344827586 1.1076923076923078 0.41379310344827586
0 0.5038461538461538 0.13793103448275862 0.5038461538461538 0.13936781609195403 0.5076923076923077 0.13936781609195403 0.5076923076923077 0.13793103448275862 0.5038461538461538 0.13793103448275862
0 1.1115384615384616 0.09770114942528736 1.1115384615384616 0.09913793103448276 1.1153846153846154 0.09913793103448276 1.1153846153846154 0.09770114942528736 1.1115384615384616 0.09770114942528736
0 0.225 0.0 0.225 0.0014367816091954023 0.2865384615384615 0.0014367816091954023 0.2865384615384615 0.0 0.225 0.0
0 0.9826923076923076 0.0 0.9826923076923076 0.0014367816091954023 0.9980769230769231 0.0014367816091954023 0.9980769230769231 0.0 0.9826923076923076 0.0
0 0.19038461538461537 0.6839080459770115 0.19038461538461537 0.6853448275862069 0.19807692307692307 0.6853448275862069 0.19807692307692307 0.6839080459770115 0.19038461538461537 0.6839080459770115
0 0.6307692307692307 0.5704022988505747 0.6307692307692307 0.5718390804597702 0.6346153846153846 0.5718390804597702 0.6346153846153846 0.5704022988505747 0.6307692307692307 0.5704022988505747
0 0.15576923076923077 0.1968390804597701 0.15576923076923077 0.19827586206896552 0.17115384615384616 0.19827586206896552 0.17115384615384616 0.1968390804597701 0.15576923076923077 0.1968390804597701
0 0.65 0.07040229885057471 0.65 0.07183908045977011 0.6615384615384615 0.07183908045977011 0.6615384615384615 0.07040229885057471 0.65 0.07040229885057471
0 1.2115384615384615 0.13218390804597702 1.2115384615384615 0.1336206896551724 1.2173076923076922 0.1336206896551724 1.2173076923076922 0.13218390804597702 1.2115384615384615 0.13218390804597702
0 0.6480769230769231 0.3793103448275862 0.6480769230769231 0.3807471264367816 0.6653846153846154 0.3807471264367816 0.6653846153846154 0.3793103448275862 0.6480769230769231 0.3793103448275862
0 1.1538461538461537 0.7040229885057471 1.1538461538461537 0.7054597701149425 1.1576923076923078 0.7054597701149425 1.1576923076923078 0.7040229885057471 1.1538461538461537 0.7040229885057471
0 0.6365384615384615 0.17672413793103448 0.6365384615384615 0.1781609195402299 0.6403846153846153 0.1781609195402299 0.6403846153846153 0.17672413793103448 0.6365384615384615 0.17672413793103448
0 1.1634615384615385 0.1896551724137931 1.1634615384615385 0.1910919540229885 1.1788461538461539 0.1910919540229885 1.1788461538461539 0.1896551724137931 1.1634615384615385 0.1896551724137931
0 0.1 0.6020114942528736 0.1 0.603448275862069 0.10384615384615385 0.603448275862069 0.10384615384615385 0.6020114942528736 0.1 0.6020114942528736
0 0.925 0.2916666666666667 0.925 0.29310344827586204 0.9326923076923077 0.29310344827586204 0.9326923076923077 0.2916666666666667 0.925 0.2916666666666667
0 0.8269230769230769 0.33189655172413796 0.8269230769230769 0.3333333333333333 0.8365384615384616 0.3333333333333333 0.8365384615384616 0.33189655172413796 0.8269230769230769 0.33189655172413796
0 0.9692307692307692 0.22701149425287356 0.9692307692307692 0.22844827586206898 0.975 0.22844827586206898 0.975 0.22701149425287356 0.9692307692307692 0.22701149425287356
0 0.43846153846153846 0.4224137931034483 0.43846153846153846 0.4238505747126437 0.45 0.4238505747126437 0.45 0.4224137931034483 0.43846153846153846 0.4224137931034483
0 0.5192307692307693 0.22701149425287356 0.5192307692307693 0.22844827586206898 0.5230769230769231 0.22844827586206898 0.5230769230769231 0.22701149425287356 0.5192307692307693 0.22701149425287356
0 0.6884615384615385 0.10632183908045977 0.6884615384615385 0.10775862068965517 0.7 0.10775862068965517 0.7 0.10632183908045977 0.6884615384615385 0.10632183908045977
0 1.0826923076923076 0.6853448275862069 1.0826923076923076 0.6867816091954023 1.0942307692307693 0.6867816091954023 1.0942307692307693 0.6853448275862069 1.0826923076923076 0.6853448275862069
0 0.2423076923076923 0.6968390804597702 0.2423076923076923 0.6982758620689655 0.26346153846153847 0.6982758620689655 0.26346153846153847 0.6968390804597702 0.2423076923076923 0.6968390804597702
0 0.47307692307692306 0.6954022988505747 0.47307692307692306 0.6968390804597702 0.47884615384615387 0.6968390804597702 0.47884615384615387 0.6954022988505747 0.47307692307692306 0.6954022988505747
0 0.7192307692307692 0.6479885057471264 0.7192307692307692 0.6494252873563219 0.7269230769230769 0.6494252873563219 0.7269230769230769 0.6479885057471264 0.7192307692307692 0.6479885057471264
0 0.29615384615384616 0.617816091954023 0.29615384615384616 0.6192528735632183 0.31153846153846154 0.6192528735632183 0.31153846153846154 0.617816091954023 0.29615384615384616 0.617816091954023
0 0.8153846153846154 0.3563218390804598 0.8153846153846154 0.3577586206896552 0.825 0.3577586206896552 0.825 0.3563218390804598 0.8153846153846154 0.3563218390804598
0 0.5846153846153846 0.29022988505747127 0.5846153846153846 0.2916666666666667 0.5980769230769231 0.2916666666666667 0.5980769230769231 0.29022988505747127 0.5846153846153846 0.29022988505747127
0 0.12692307692307692 0.6278735632183908 0.12692307692307692 0.6293103448275862 0.1423076923076923 0.6293103448275862 0.1423076923076923 0.6278735632183908 0.12692307692307692 0.6278735632183908
0 0.27884615384615385 0.6048850574712644 0.27884615384615385 0.6063218390804598 0.2903846153846154 0.6063218390804598 0.2903846153846154 0.6048850574712644 0.27884615384615385 0.6048850574712644
0 0.7346153846153847 0.4468390804597701 0.7346153846153847 0.4482758620689655 0.7384615384615385 0.4482758620689655 0.7384615384615385 0.4468390804597701 0.7346153846153847 0.4468390804597701
0 0.7538461538461538 0.47988505747126436 0.7538461538461538 0.4813218390804598 0.7730769230769231 0.4813218390804598 0.7730769230769231 0.47988505747126436 0.7538461538461538 0.47988505747126436
0 0.057692307692307696 0.1882183908045977 0.057692307692307696 0.1896551724137931 0.07307692307692308 0.1896551724137931 0.07307692307692308 0.1882183908045977 0.057692307692307696 0.1882183908045977
0 1.0096153846153846 0.32471264367816094 1.0096153846153846 0.3261494252873563 1.0153846153846153 0.3261494252873563 1.0153846153846153 0.32471264367816094 1.0096153846153846 0.32471264367816094
0 0.5538461538461539 0.04885057471264368 0.5538461538461539 0.05028735632183908 0.5653846153846154 0.05028735632183908 0.5653846153846154 0.04885057471264368 0.5538461538461539 0.04885057471264368
0 0.20384615384615384 0.7370689655172413 0.20384615384615384 0.7385057471264368 0.20961538461538462 0.7385057471264368 0.20961538461538462 0.7370689655172413 0.20384615384615384 0.7370689655172413
0 0.7346153846153847 0.6408045977011494 0.7346153846153847 0.6422413793103449 0.7480769230769231 0.6422413793103449 0.7480769230769231 0.6408045977011494 0.7346153846153847 0.6408045977011494
0 1.0923076923076922 0.6709770114942529 1.0923076923076922 0.6724137931034483 1.1 0.6724137931034483 1.1 0.6709770114942529 1.0923076923076922 0.6709770114942529
0 0.8576923076923076 0.5919540229885057 0.8576923076923076 0.5933908045977011 0.8673076923076923 0.5933908045977011 0.8673076923076923 0.5919540229885057 0.8576923076923076 0.5919540229885057
0 1.0711538461538461 0.41954022988505746 1.0711538461538461 0.4209770114942529 1.0884615384615384 0.4209770114942529 1.0884615384615384 0.41954022988505746 1.0711538461538461 0.41954022988505746
0 0.6615384615384615 0.5387931034482759 0.6615384615384615 0.5402298850574713 0.675 0.5402298850574713 0.675 0.5387931034482759 0.6615384615384615 0.5387931034482759
0 0.21153846153846154 0.06752873563218391 0.21153846153846154 0.06896551724137931 0.2326923076923077 0.06896551724137931 0.2326923076923077 0.06752873563218391 0.21153846153846154 0.06752873563218391
0 0.3 0.5100574712643678 0.3 0.5114942528735632 0.3057692307692308 0.5114942528735632 0.3057692307692308 0.5100574712643678 0.3 0.5100574712643678
0 0.14807692307692308 0.27011494252873564 0.14807692307692308 0.27155172413793105 0.16538461538461538 0.27155172413793105 0.16538461538461538 0.27011494252873564 0.14807692307692308 0.27011494252873564
0 1.3288461538461538 0.5330459770114943 1.3288461538461538 0.5344827586206896 1.3346153846153845 0.5344827586206896 1.3346153846153845 0.5330459770114943 1.3288461538461538 0.5330459770114943
0 0.33653846153846156 0.2988505747126437 0.33653846153846156 0.30028735632183906 0.34615384615384615 0.30028735632183906 0.34615384615384615 0.2988505747126437 0.33653846153846156 0.2988505747126437
0 0.8634615384615385 0.4468390804597701 0.8634615384615385 0.4482758620689655 0.8788461538461538 0.4482758620689655 0.8788461538461538 0.4468390804597701 0.8634615384615385 0.4468390804597701
0 0.8403846153846154 0.2801724137931034 0.8403846153846154 0.28160919540229884 0.8596153846153847 0.28160919540229884 0.8596153846153847 0.2801724137931034 0.8403846153846154 0.2801724137931034
0 0.025 0.07183908045977011 0.025 0.07327586206896551 0.04230769230769231 0.07327586206896551 0.04230769230769231 0.07183908045977011 0.025 0.07183908045977011
0 0.6326923076923077 0.2514367816091954 0.6326923076923077 0.25287356321839083 0.65 0.25287356321839083 0.65 0.2514367816091954 0.6326923076923077 0.2514367816091954
0 0.12307692307692308 0.7155172413793104 0.12307692307692308 0.7169540229885057 0.12884615384615383 0.7169540229885057 0.12884615384615383 0.7155172413793104 0.12307692307692308 0.7155172413793104
0 0.49615384615384617 0.04741379310344827 0.49615384615384617 0.04885057471264368 0.5057692307692307 0.04885057471264368 0.5057692307692307 0.04741379310344827 0.49615384615384617 0.04741379310344827
0 0.2423076923076923 0.5847701149425287 0.2423076923076923 0.5862068965517241 0.24615384615384617 0.5862068965517241 0.24615384615384617 0.5847701149425287 0.2423076923076923 0.5847701149425287
0 0.8480769230769231 0.008620689655172414 0.8480769230769231 0.010057471264367816 0.8634615384615385 0.010057471264367816 0.8634615384615385 0.008620689655172414 0.8480769230769231 0.008620689655172414
0 0.6673076923076923 0.02586206896551724 0.6673076923076923 0.027298850574712645 0.6846153846153846 0.027298850574712645 0.6846153846153846 0.02586206896551724 0.6673076923076923 0.02586206896551724
0 0.6788461538461539 0.6767241379310345 0.6788461538461539 0.6781609195402298 0.6846153846153846 0.6781609195402298 0.6846153846153846 0.6767241379310345 0.6788461538461539 0.6767241379310345
0 0.5769230769230769 0.07614942528735633 0.5769230769230769 0.07758620689655173 0.5903846153846154 0.07758620689655173 0.5903846153846154 0.07614942528735633 0.5769230769230769 0.07614942528735633
0 1.2153846153846153 0.5043103448275862 1.2153846153846153 0.5057471264367817 1.226923076923077 0.5057471264367817 1.226923076923077 0.5043103448275862 1.2153846153846153 0.5043103448275862
0 0.028846153846153848 0.5876436781609196 0.028846153846153848 0.5890804597701149 0.051923076923076926 0.5890804597701149 0.051923076923076926 0.5876436781609196 0.028846153846153848 0.5876436781609196
0 1.1538461538461537 0.3074712643678161 1.1538461538461537 0.3089080459770115 1.1576923076923078 0.3089080459770115 1.1576923076923078 0.3074712643678161 1.1538461538461537 0.3074712643678161
0 0.43653846153846154 0.0 0.43653846153846154 0.0014367816091954023 0.47307692307692306 0.0014367816091954023 0.47307692307692306 0.0 0.43653846153846154 0.0
0 1.0769230769230769 0.3175287356321839 1.0769230769230769 0.31896551724137934 1.1134615384615385 0.31896551724137934 1.1134615384615385 0.3175287356321839 1.0769230769230769 0.3175287356321839
0 0.13653846153846153 0.6939655172413793 0.13653846153846153 0.6954022988505747 0.14038461538461539 0.6954022988505747 0.14038461538461539 0.6939655172413793 0.13653846153846153 0.6939655172413793
0 1.3038461538461539 0.27729885057471265 1.3038461538461539 0.27873563218390807 1.3192307692307692 0.27873563218390807 1.3192307692307692 0.27729885057471265 1.3038461538461539 0.27729885057471265
0 1.2884615384615385 0.2801724137931034 1.2884615384615385 0.28160919540229884 1.301923076923077 0.28160919540229884 1.301923076923077 0.2801724137931034 1.2884615384615385 0.2801724137931034
0 0.6192307692307693 0.13505747126436782 0.6192307692307693 0.13649425287356323 0.6326923076923077 0.13649425287356323 0.6326923076923077 0.13505747126436782 0.6192307692307693 0.13505747126436782
0 0.8480769230769231 0.2744252873563218 0.8480769230769231 0.27586206896551724 0.8557692307692307 0.27586206896551724 0.8557692307692307 0.2744252873563218 0.8480769230769231 0.2744252873563218
0 0.6442307692307693 0.6278735632183908 0.6442307692307693 0.6293103448275862 0.6634615384615384 0.6293103448275862 0.6634615384615384 0.6278735632183908 0.6442307692307693 0.6278735632183908
0 0.038461538461538464 0.6781609195402298 0.038461538461538464 0.6795977011494253 0.051923076923076926 0.6795977011494253 0.051923076923076926 0.6781609195402298 0.038461538461538464 0.6781609195402298
0 1.2403846153846154 0.3045977011494253 1.2403846153846154 0.30603448275862066 1.2461538461538462 0.30603448275862066 1.2461538461538462 0.3045977011494253 1.2403846153846154 0.3045977011494253
0 0.6057692307692307 0.1839080459770115 0.6057692307692307 0.1853448275862069 0.6134615384615385 0.1853448275862069 0.6134615384615385 0.1839080459770115 0.6057692307692307 0.1839080459770115
0 0.9384615384615385 0.2974137931034483 0.9384615384615385 0.2988505747126437 0.9423076923076923 0.2988505747126437 0.9423076923076923 0.2974137931034483 0.9384615384615385 0.2974137931034483
0 0.75 0.14224137931034483 0.75 0.14367816091954022 0.7711538461538462 0.14367816091954022 0.7711538461538462 0.14224137931034483 0.75 0.14224137931034483
0 0.36346153846153845 0.10919540229885058 0.36346153846153845 0.11063218390804598 0.37115384615384617 0.11063218390804598 0.37115384615384617 0.10919540229885058 0.36346153846153845 0.10919540229885058
0 0.18846153846153846 0.49712643678160917 0.18846153846153846 0.4985632183908046 0.19807692307692307 0.4985632183908046 0.19807692307692307 0.49712643678160917 0.18846153846153846 0.49712643678160917
0 0.7615384615384615 0.08189655172413793 0.7615384615384615 0.08333333333333333 0.7673076923076924 0.08333333333333333 0.7673076923076924 0.08189655172413793 0.7615384615384615 0.08189655172413793
0 0.1326923076923077 0.10919540229885058 0.1326923076923077 0.11063218390804598 0.14038461538461539 0.11063218390804598 0.14038461538461539 0.10919540229885058 0.1326923076923077 0.10919540229885058
0 1.0307692307692307 0.5431034482758621 1.0307692307692307 0.5445402298850575 1.0365384615384616 0.5445402298850575 1.0365384615384616 0.5431034482758621 1.0307692307692307 0.5431034482758621
0 0.6442307692307693 0.16522988505747127 0.6442307692307693 0.16666666666666666 0.6576923076923077 0.16666666666666666 0.6576923076923077 0.16522988505747127 0.6442307692307693 0.16522988505747127
0 0.06346153846153846 0.30603448275862066 0.06346153846153846 0.3074712643678161 0.06923076923076923 0.3074712643678161 0.06923076923076923 0.30603448275862066 0.06346153846153846 0.30603448275862066
0 0.9403846153846154 0.33045977011494254 0.9403846153846154 0.33189655172413796 0.9557692307692308 0.33189655172413796 0.9557692307692308 0.33045977011494254 0.9403846153846154 0.33045977011494254
0 0.7576923076923077 0.1910919540229885 0.7576923076923077 0.1925287356321839 0.7673076923076924 0.1925287356321839 0.7673076923076924 0.1910919540229885 0.7576923076923077 0.1910919540229885
0 1.2403846153846154 0.735632183908046 1.2403846153846154 0.7370689655172413 1.251923076923077 0.7370689655172413 1.251923076923077 0.735632183908046 1.2403846153846154 0.735632183908046
0 0.9076923076923077 0.21264367816091953 0.9076923076923077 0.21408045977011494 0.9115384615384615 0.21408045977011494 0.9115384615384615 0.21264367816091953 0.9076923076923077 0.21264367816091953
0 1.3096153846153846 0.14798850574712644 1.3096153846153846 0.14942528735632185 1.3173076923076923 0.14942528735632185 1.3173076923076923 0.14798850574712644 1.3096153846153846 0.14798850574712644
0 0.07692307692307693 0.4511494252873563 0.07692307692307693 0.4525862068965517 0.1 0.4525862068965517 0.1 0.4511494252873563 0.07692307692307693 0.4511494252873563
0 0.8903846153846153 0.4956896551724138 0.8903846153846153 0.49712643678160917 0.9115384615384615 0.49712643678160917 0.9115384615384615 0.4956896551724138 0.8903846153846153 0.4956896551724138
0 1.2576923076923077 0.05316091954022988 1.2576923076923077 0.05459770114942529 1.2692307692307692 0.05459770114942529 1.2692307692307692 0.05316091954022988 1.2576923076923077 0.05316091954022988
0 0.3076923076923077 0.6522988505747126 0.3076923076923077 0.6537356321839081 0.3153846153846154 0.6537356321839081 0.3153846153846154 0.6522988505747126 0.3076923076923077 0.6522988505747126
0 0.2846153846153846 0.35344827586206895 0.2846153846153846 0.35488505747126436 0.3057692307692308 0.35488505747126436 0.3057692307692308 0.35344827586206895 0.2846153846153846 0.35344827586206895
0 0.7980769230769231 0.1968390804597701 0.7980769230769231 0.19827586206896552 0.8038461538461539 0.19827586206896552 0.8038461538461539 0.1968390804597701 0.7980769230769231 0.1968390804597701
0 0.8423076923076923 0.6767241379310345 0.8423076923076923 0.6781609195402298 0.8461538461538461 0.6781609195402298 0.8461538461538461 0.6767241379310345 0.8423076923076923 0.6767241379310345
0 0.025 0.7298850574712644 0.025 0.7313218390804598 0.04230769230769231 0.7313218390804598 0.04230769230769231 0.7298850574712644 0.025 0.7298850574712644
0 0.7346153846153847 0.22844827586206898 0.7346153846153847 0.22988505747126436 0.7403846153846154 0.22988505747126436 0.7403846153846154 0.22844827586206898 0.7346153846153847 0.22844827586206898
0 0.8076923076923077 0.5704022988505747 0.8076923076923077 0.5718390804597702 0.823076923076923 0.5718390804597702 0.823076923076923 0.5704022988505747 0.8076923076923077 0.5704022988505747
0 0.8692307692307693 0.5301724137931034 0.8692307692307693 0.5316091954022989 0.9 0.5316091954022989 0.9 0.5301724137931034 0.8692307692307693 0.5301724137931034
0 0.8576923076923076 0.4324712643678161 0.8576923076923076 0.4339080459770115 0.8807692307692307 0.4339080459770115 0.8807692307692307 0.4324712643678161 0.8576923076923076 0.4324712643678161
0 0.23653846153846153 0.0028735632183908046 0.23653846153846153 0.004310344827586207 0.25 0.004310344827586207 0.25 0.0028735632183908046 0.23653846153846153 0.0028735632183908046
0 0.9115384615384615 0.10919540229885058 0.9115384615384615 0.11063218390804598 0.9153846153846154 0.11063218390804598 0.9153846153846154 0.10919540229885058 0.9115384615384615 0.10919540229885058
0 0.14807692307692308 0.24568965517241378 0.14807692307692308 0.2471264367816092 0.18076923076923077 0.2471264367816092 0.18076923076923077 0.24568965517241378 0.14807692307692308 0.24568965517241378
0 0.9846153846153847 0.09051724137931035 0.9846153846153847 0.09195402298850575 1.0 0.09195402298850575 1.0 0.09051724137931035 0.9846153846153847 0.09051724137931035
0 0.5173076923076924 0.04885057471264368 0.5173076923076924 0.05028735632183908 0.525 0.05028735632183908 0.525 0.04885057471264368 0.5173076923076924 0.04885057471264368
0 1.2442307692307693 0.03879310344827586 1.2442307692307693 0.040229885057471264 1.251923076923077 0.040229885057471264 1.251923076923077 0.03879310344827586 1.2442307692307693 0.03879310344827586
0 0.8076923076923077 0.15229885057471265 0.8076923076923077 0.15373563218390804 0.823076923076923 0.15373563218390804 0.823076923076923 0.15229885057471265 0.8076923076923077 0.15229885057471265
0 1.1653846153846155 0.14798850574712644 1.1653846153846155 0.14942528735632185 1.1711538461538462 0.14942528735632185 1.1711538461538462 0.14798850574712644 1.1653846153846155 0.14798850574712644
0 0.5596153846153846 0.27011494252873564 0.5596153846153846 0.27155172413793105 0.5807692307692308 0.27155172413793105 0.5807692307692308 0.27011494252873564 0.5596153846153846 0.27011494252873564