0 0.984375 0.115625 0.984375 0.11875 1.01171875 0.11875 1.01171875 0.115625 0.984375 0.115625
0 0.24609375 0.009375 0.24609375 0.0125 0.25 0.0125 0.25 0.009375 0.24609375 0.009375
0 0.82421875 0.4375 0.82421875 0.440625 0.828125 0.440625 0.828125 0.4375 0.82421875 0.4375
0 0.78515625 0.3125 0.78515625 0.315625 0.80859375 0.315625 0.80859375 0.3125 0.78515625 0.3125
0 0.39453125 0.353125 0.39453125 0.35625 0.43359375 0.35625 0.43359375 0.353125 0.39453125 0.353125
0 0.22265625 0.06875 0.22265625 0.071875 0.234375 0.071875 0.234375 0.06875 0.22265625 0.06875
0 0.93359375 0.284375 0.93359375 0.2875 0.953125 0.2875 0.953125 0.284375 0.93359375 0.284375
0 0.99609375 0.1875 0.99609375 0.190625 1.0 0.190625 1.0 0.1875 0.99609375 0.1875
0 0.9453125 0.58125 0.9453125 0.584375 0.984375 0.584375 0.984375 0.58125 0.9453125 0.58125
0 0.75 0.56875 0.75 0.571875 0.7578125 0.571875 0.7578125 0.56875 0.75 0.56875
0 1.2421875 0.25 1.2421875 0.253125 1.25 0.253125 1.25 0.25 1.2421875 0.25
0 0.96875 0.2375 0.96875 0.240625 0.98828125 0.240625 0.98828125 0.2375 0.96875 0.2375
0 0.04296875 0.515625 0.04296875 0.51875 0.0859375 0.51875 0.0859375 0.515625 0.04296875 0.515625
0 0.62890625 0.303125 0.62890625 0.30625 0.64453125 0.30625 0.64453125 0.303125 0.62890625 0.303125
0 0.77734375 0.578125 0.77734375 0.58125 0.8125 0.58125 0.8125 0.578125 0.77734375 0.578125
0 0.49609375 0.11875 0.49609375 0.121875 0.5 0.121875 0.5 0.11875 0.49609375 0.11875
0 0.8125 0.721875 0.8125 0.725 0.828125 0.725 0.828125 0.721875 0.8125 0.721875
0 1.1015625 0.109375 1.1015625 0.1125 1.109375 0.1125 1.109375 0.109375 1.1015625 0.109375
0 0.703125 0.309375 0.703125 0.3125 0.72265625 0.3125 0.72265625 0.309375 0.703125 0.309375
0 0.8125 0.16875 0.8125 0.171875 0.84765625 0.171875 0.84765625 0.16875 0.8125 0.16875
0 1.171875 0.121875 1.171875 0.125 1.203125 0.125 1.203125 0.121875 1.171875 0.121875
0 1.13671875 0.35 1.13671875 0.353125 1.171875 0.353125 1.171875 0.35 1.13671875 0.35
0 0.984375 0.5 0.984375 0.503125 1.0 0.503125 1.0 0.5 0.984375 0.5
0 0.34375 0.0 0.34375 0.003125 0.4453125 0.003125 0.4453125 0.0 0.34375 0.0
0 0.9296875 0.015625 0.9296875 0.01875 0.94921875 0.01875 0.94921875 0.015625 0.9296875 0.015625
0 0.1484375 0.153125 0.1484375 0.15625 0.1796875 0.15625 0.1796875 0.153125 0.1484375 0.153125
0 0.6875 0.0 0.6875 0.003125 0.73828125 0.003125 0.73828125 0.0 0.6875 0.0
0 0.1328125 0.196875 0.1328125 0.2 0.16015625 0.2 0.16015625 0.196875 0.1328125 0.196875
0 0.53125 0.403125 0.53125 0.40625 0.55078125 0.40625 0.55078125 0.403125 0.53125 0.403125
0 0.03125 0.63125 0.03125 0.634375 0.046875 0.634375 0.046875 0.63125 0.03125 0.63125
0 0.0078125 0.0 0.0078125 0.003125 0.0703125 0.003125 0.0703125 0.0 0.0078125 0.0
0 0.3515625 0.240625 0.3515625 0.24375 0.37109375 0.24375 0.37109375 0.240625 0.3515625 0.240625
0 0.8515625 0.121875 0.8515625 0.125 0.8671875 0.125 0.8671875 0.121875 0.8515625 0.121875
0 0.25 0.571875 0.25 0.575 0.2578125 0.575 0.2578125 0.571875 0.25 0.571875
0 0.89453125 0.43125 0.89453125 0.434375 0.91015625 0.434375 0.91015625 0.43125 0.89453125 0.43125
0 0.0859375 0.046875 0.0859375 0.05 0.09765625 0.05 0.09765625 0.046875 0.0859375 0.046875
0 1.078125 0.2 1.078125 0.203125 1.1015625 0.203125 1.1015625 0.2 1.078125 0.2
0 1.015625 0.325 1.015625 0.328125 1.02734375 0.328125 1.02734375 0.325 1.015625 0.325
0 0.1640625 0.5875 0.1640625 0.590625 0.1875 0.590625 0.1875 0.5875 0.1640625 0.5875
0 0.08984375 0.69375 0.08984375 0.696875 0.09765625 0.696875 0.09765625 0.69375 0.08984375 0.69375
0 0.93359375 0.146875 0.93359375 0.15 0.94921875 0.15 0.94921875 0.146875 0.93359375 0.146875
0 1.1875 0.4625 1.1875 0.465625 1.22265625 0.465625 1.22265625 0.4625 1.1875 0.4625
0 1.08984375 0.34375 1.08984375 0.346875 1.10546875 0.346875 1.10546875 0.34375 1.08984375 0.34375
0 1.140625 0.55 1.140625 0.553125 1.1640625 0.553125 1.1640625 0.55 1.140625 0.55
0 0.5390625 0.203125 0.5390625 0.20625 0.55859375 0.20625 0.55859375 0.203125 0.5390625 0.203125