0 0.51953125 0.759375 0.51953125 0.7625 0.53515625 0.7625 0.53515625 0.759375 0.51953125 0.759375
0 0.0 0.325 0.0 0.328125 0.01171875 0.328125 0.01171875 0.325 0.0 0.325
0 0.234375 0.621875 0.234375 0.625 0.25 0.625 0.25 0.621875 0.234375 0.621875
0 0.3359375 0.09375 0.3359375 0.096875 0.34765625 0.096875 0.34765625 0.09375 0.3359375 0.09375
0 0.1953125 0.628125 0.1953125 0.63125 0.203125 0.63125 0.203125 0.628125 0.1953125 0.628125
0 1.00390625 0.3875 1.00390625 0.390625 1.01171875 0.390625 1.01171875 0.3875 1.00390625 0.3875
0 0.85546875 0.625 0.85546875 0.628125 0.90234375 0.628125 0.90234375 0.625 0.85546875 0.625
0 0.15625 0.234375 0.15625 0.2375 0.1953125 0.2375 0.1953125 0.234375 0.15625 0.234375
0 0.171875 0.509375 0.171875 0.5125 0.1953125 0.5125 0.1953125 0.509375 0.171875 0.509375
0 0.74609375 0.290625 0.74609375 0.29375 0.75 0.29375 0.75 0.290625 0.74609375 0.290625
0 0.890625 0.76875 0.890625 0.771875 0.921875 0.771875 0.921875 0.76875 0.890625 0.76875
0 0.24609375 0.509375 0.24609375 0.5125 0.25 0.5125 0.25 0.509375 0.24609375 0.509375
0 0.17578125 0.125 0.17578125 0.128125 0.19140625 0.128125 0.19140625 0.125 0.17578125 0.125
0 1.12109375 0.75 1.12109375 0.753125 1.1484375 0.753125 1.1484375 0.75 1.12109375 0.75
0 0.5 0.125 0.5 0.128125 0.51171875 0.128125 0.51171875 0.125 0.5 0.125
0 0.9453125 0.3125 0.9453125 0.315625 0.953125 0.315625 0.953125 0.3125 0.9453125 0.3125
0 0.65625 0.059375 0.65625 0.0625 0.6640625 0.0625 0.6640625 0.059375 0.65625 0.059375
0 0.578125 0.659375 0.578125 0.6625 0.59765625 0.6625 0.59765625 0.659375 0.578125 0.659375
0 0.01953125 0.165625 0.01953125 0.16875 0.03125 0.16875 0.03125 0.165625 0.01953125 0.165625
0 0.5625 0.25625 0.5625 0.259375 0.5859375 0.259375 0.5859375 0.25625 0.5625 0.25625
0 0.8203125 0.01875 0.8203125 0.021875 0.84765625 0.021875 0.84765625 0.01875 0.8203125 0.01875
0 0.2421875 0.646875 0.2421875 0.65 0.25 0.65 0.25 0.646875 0.2421875 0.646875
0 0.1328125 0.421875 0.1328125 0.425 0.15234375 0.425 0.15234375 0.421875 0.1328125 0.421875
0 0.203125 0.06875 0.203125 0.071875 0.21484375 0.071875 0.21484375 0.06875 0.203125 0.06875
0 0.44921875 0.0 0.44921875 0.003125 0.5234375 0.003125 0.5234375 0.0 0.44921875 0.0
0 0.53125 0.28125 0.53125 0.284375 0.5390625 0.284375 0.5390625 0.28125 0.53125 0.28125
0 1.21875 0.21875 1.21875 0.221875 1.2265625 0.221875 1.2265625 0.21875 1.21875 0.21875
0 0.01953125 0.109375 0.01953125 0.1125 0.02734375 0.1125 0.02734375 0.109375 0.01953125 0.109375
0 0.421875 0.16875 0.421875 0.171875 0.4296875 0.171875 0.4296875 0.16875 0.421875 0.16875
0 0.48046875 0.55 0.48046875 0.553125 0.48828125 0.553125 0.48828125 0.55 0.48046875 0.55
0 0.1484375 0.059375 0.1484375 0.0625 0.15625 0.0625 0.15625 0.059375 0.1484375 0.059375
0 1.16796875 0.3625 1.16796875 0.365625 1.1796875 0.365625 1.1796875 0.3625 1.16796875 0.3625
0 0.31640625 0.615625 0.31640625 0.61875 0.3203125 0.61875 0.3203125 0.615625 0.31640625 0.615625