0 0.8942307692307693 0.3793103448275862 0.8942307692307693 0.3807471264367816 0.9192307692307692 0.3807471264367816 0.9192307692307692 0.3793103448275862 0.8942307692307693 0.3793103448275862
0 0.20384615384615384 0.6149425287356322 0.20384615384615384 0.6163793103448276 0.21923076923076923 0.6163793103448276 0.21923076923076923 0.6149425287356322 0.20384615384615384 0.6149425287356322
0 0.32884615384615384 0.0 0.32884615384615384 0.0014367816091954023 0.43653846153846154 0.0014367816091954023 0.43653846153846154 0.0 0.32884615384615384 0.0
0 0.49230769230769234 0.6408045977011494 0.49230769230769234 0.6422413793103449 0.5096153846153846 0.6422413793103449 0.5096153846153846 0.6408045977011494 0.49230769230769234 0.6408045977011494
0 0.5711538461538461 0.10201149425287356 0.5711538461538461 0.10344827586206896 0.5865384615384616 0.10344827586206896 0.5865384615384616 0.10201149425287356 0.5711538461538461 0.10201149425287356
0 1.001923076923077 0.40086206896551724 1.001923076923077 0.40229885057471265 1.0076923076923077 0.40229885057471265 1.0076923076923077 0.40086206896551724 1.001923076923077 0.40086206896551724
0 0.39615384615384613 0.1221264367816092 0.39615384615384613 0.1235632183908046 0.40192307692307694 0.1235632183908046 0.40192307692307694 0.1221264367816092 0.39615384615384613 0.1221264367816092
0 1.301923076923077 0.2600574712643678 1.301923076923077 0.2614942528735632 1.325 0.2614942528735632 1.325 0.2600574712643678 1.301923076923077 0.2600574712643678
0 0.9826923076923076 0.0 0.9826923076923076 0.0014367816091954023 1.0 0.0014367816091954023 1.0 0.0 0.9826923076923076 0.0
0 0.8307692307692308 0.37787356321839083 0.8307692307692308 0.3793103448275862 0.85 0.3793103448275862 0.85 0.37787356321839083 0.8307692307692308 0.37787356321839083
0 1.0096153846153846 0.4698275862068966 1.0096153846153846 0.47126436781609193 1.0423076923076924 0.47126436781609193 1.0423076923076924 0.4698275862068966 1.0096153846153846 0.4698275862068966
0 0.6 0.0 0.6 0.0014367816091954023 0.7076923076923077 0.0014367816091954023 0.7076923076923077 0.0 0.6 0.0