0 0.76171875 0.7375 0.76171875 0.740625 0.7734375 0.740625 0.7734375 0.7375 0.76171875 0.7375
0 1.01953125 0.359375 1.01953125 0.3625 1.05859375 0.3625 1.05859375 0.359375 1.01953125 0.359375
0 0.25 0.734375 0.25 0.7375 0.25390625 0.7375 0.25390625 0.734375 0.25 0.734375
0 0.5234375 0.4125 0.5234375 0.415625 0.55078125 0.415625 0.55078125 0.4125 0.5234375 0.4125
0 0.92578125 0.3875 0.92578125 0.390625 0.94921875 0.390625 0.94921875 0.3875 0.92578125 0.3875
0 0.484375 0.7875 0.484375 0.790625 0.5078125 0.790625 0.5078125 0.7875 0.484375 0.7875
0 0.234375 0.63125 0.234375 0.634375 0.24609375 0.634375 0.24609375 0.63125 0.234375 0.63125
0 0.3828125 0.0 0.3828125 0.003125 0.48828125 0.003125 0.48828125 0.0 0.3828125 0.0
0 0.27734375 0.090625 0.27734375 0.09375 0.296875 0.09375 0.296875 0.090625 0.27734375 0.090625
0 0.734375 0.74375 0.734375 0.746875 0.74609375 0.746875 0.74609375 0.74375 0.734375 0.74375
0 0.6953125 0.153125 0.6953125 0.15625 0.7109375 0.15625 0.7109375 0.153125 0.6953125 0.153125
0 0.40625 0.040625 0.40625 0.04375 0.421875 0.04375 0.421875 0.040625 0.40625 0.040625
0 0.30078125 0.053125 0.30078125 0.05625 0.3125 0.05625 0.3125 0.053125 0.30078125 0.053125
0 0.0703125 0.41875 0.0703125 0.421875 0.08203125 0.421875 0.08203125 0.41875 0.0703125 0.41875
0 1.21484375 0.76875 1.21484375 0.771875 1.24609375 0.771875 1.24609375 0.76875 1.21484375 0.76875
0 1.09765625 0.725 1.09765625 0.728125 1.1015625 0.728125 1.1015625 0.725 1.09765625 0.725
0 0.078125 0.15625 0.078125 0.159375 0.10546875 0.159375 0.10546875 0.15625 0.078125 0.15625
0 0.44921875 0.05 0.44921875 0.053125 0.4609375 0.053125 0.4609375 0.05 0.44921875 0.05
0 0.69921875 0.59375 0.69921875 0.596875 0.72265625 0.596875 0.72265625 0.59375 0.69921875 0.59375
0 0.8984375 0.459375 0.8984375 0.4625 0.9140625 0.4625 0.9140625 0.459375 0.8984375 0.459375
0 0.75 0.328125 0.75 0.33125 0.78125 0.33125 0.78125 0.328125 0.75 0.328125
0 0.8046875 0.075 0.8046875 0.078125 0.8203125 0.078125 0.8203125 0.075 0.8046875 0.075
0 0.5390625 0.0 0.5390625 0.003125 0.5703125 0.003125 0.5703125 0.0 0.5390625 0.0
0 0.5 0.40625 0.5 0.409375 0.515625 0.409375 0.515625 0.40625 0.5 0.40625
0 0.5390625 0.66875 0.5390625 0.671875 0.57421875 0.671875 0.57421875 0.66875 0.5390625 0.66875
0 0.0390625 0.34375 0.0390625 0.346875 0.06640625 0.346875 0.06640625 0.34375 0.0390625 0.34375
0 0.69140625 0.31875 0.69140625 0.321875 0.72265625 0.321875 0.72265625 0.31875 0.69140625 0.31875
0 0.37109375 0.225 0.37109375 0.228125 0.3828125 0.228125 0.3828125 0.225 0.37109375 0.225
0 0.46875 0.175 0.46875 0.178125 0.484375 0.178125 0.484375 0.175 0.46875 0.175
0 0.2734375 0.634375 0.2734375 0.6375 0.296875 0.6375 0.296875 0.634375 0.2734375 0.634375
0 0.51171875 0.684375 0.51171875 0.6875 0.5390625 0.6875 0.5390625 0.684375 0.51171875 0.684375
0 0.65234375 0.7375 0.65234375 0.740625 0.6796875 0.740625 0.6796875 0.7375 0.65234375 0.7375
0 0.0 0.609375 0.0 0.6125 0.03125 0.6125 0.03125 0.609375 0.0 0.609375
0 0.73046875 0.3875 0.73046875 0.390625 0.74609375 0.390625 0.74609375 0.3875 0.73046875 0.3875
0 0.1796875 0.26875 0.1796875 0.271875 0.19921875 0.271875 0.19921875 0.26875 0.1796875 0.26875
0 0.05859375 0.24375 0.05859375 0.246875 0.0703125 0.246875 0.0703125 0.24375 0.05859375 0.24375
0 1.16796875 0.621875 1.16796875 0.625 1.1875 0.625 1.1875 0.621875 1.16796875 0.621875
0 0.640625 0.696875 0.640625 0.7 0.66015625 0.7 0.66015625 0.696875 0.640625 0.696875
0 1.1875 0.6625 1.1875 0.665625 1.21484375 0.665625 1.21484375 0.6625 1.1875 0.6625
0 1.1640625 0.184375 1.1640625 0.1875 1.1796875 0.1875 1.1796875 0.184375 1.1640625 0.184375
0 1.1796875 0.69375 1.1796875 0.696875 1.1953125 0.696875 1.1953125 0.69375 1.1796875 0.69375
0 0.67578125 0.025 0.67578125 0.028125 0.7109375 0.028125 0.7109375 0.025 0.67578125 0.025
0 0.875 0.53125 0.875 0.534375 0.89453125 0.534375 0.89453125 0.53125 0.875 0.53125
0 0.4296875 0.575 0.4296875 0.578125 0.4453125 0.578125 0.4453125 0.575 0.4296875 0.575
0 0.91796875 0.203125 0.91796875 0.20625 0.9296875 0.20625 0.9296875 0.203125 0.91796875 0.203125
0 0.09765625 0.303125 0.09765625 0.30625 0.11328125 0.30625 0.11328125 0.303125 0.09765625 0.303125
0 0.16015625 0.296875 0.16015625 0.3 0.1875 0.3 0.1875 0.296875 0.16015625 0.296875
0 1.15234375 0.70625 1.15234375 0.709375 1.16796875 0.709375 1.16796875 0.70625 1.15234375 0.70625
0 0.84765625 0.0 0.84765625 0.003125 0.87890625 0.003125 0.87890625 0.0 0.84765625 0.0
0 0.91015625 0.23125 0.91015625 0.234375 0.921875 0.234375 0.921875 0.23125 0.91015625 0.23125
0 0.3046875 0.7875 0.3046875 0.790625 0.31640625 0.790625 0.31640625 0.7875 0.3046875 0.7875
0 0.296875 0.2 0.296875 0.203125 0.3046875 0.203125 0.3046875 0.2 0.296875 0.2
0 0.703125 0.003125 0.703125 0.00625 0.71875 0.00625 0.71875 0.003125 0.703125 0.003125
0 0.48828125 0.7375 0.48828125 0.740625 0.5 0.740625 0.5 0.7375 0.48828125 0.7375
0 0.6328125 0.39375 0.6328125 0.396875 0.65625 0.396875 0.65625 0.39375 0.6328125 0.39375
0 0.515625 0.675 0.515625 0.678125 0.5234375 0.678125 0.5234375 0.675 0.515625 0.675
0 0.4765625 0.63125 0.4765625 0.634375 0.48828125 0.634375 0.48828125 0.63125 0.4765625 0.63125
0 0.10546875 0.503125 0.10546875 0.50625 0.11328125 0.50625 0.11328125 0.503125 0.10546875 0.503125
0 0.22265625 0.74375 0.22265625 0.746875 0.234375 0.746875 0.234375 0.74375 0.22265625 0.74375
0 0.4765625 0.375 0.4765625 0.378125 0.4921875 0.378125 0.4921875 0.375 0.4765625 0.375
0 1.0703125 0.775 1.0703125 0.778125 1.08203125 0.778125 1.08203125 0.775 1.0703125 0.775
0 0.32421875 0.090625 0.32421875 0.09375 0.3359375 0.09375 0.3359375 0.090625 0.32421875 0.090625
0 1.23828125 0.071875 1.23828125 0.075 1.25 0.075 1.25 0.071875 1.23828125 0.071875
0 0.15234375 0.11875 0.15234375 0.121875 0.1640625 0.121875 0.1640625 0.11875 0.15234375 0.11875
0 0.859375 0.521875 0.859375 0.525 0.8671875 0.525 0.8671875 0.521875 0.859375 0.521875
0 1.2265625 0.421875 1.2265625 0.425 1.23828125 0.425 1.23828125 0.421875 1.2265625 0.421875
0 0.51171875 0.165625 0.51171875 0.16875 0.5390625 0.16875 0.5390625 0.165625 0.51171875 0.165625
0 1.15234375 0.58125 1.15234375 0.584375 1.19140625 0.584375 1.19140625 0.58125 1.15234375 0.58125
0 0.65625 0.0 0.65625 0.003125 0.7265625 0.003125 0.7265625 0.0 0.65625 0.0
0 1.19140625 0.61875 1.19140625 0.621875 1.23046875 0.621875 1.23046875 0.61875 1.19140625 0.61875
0 1.02734375 0.771875 1.02734375 0.775 1.04296875 0.775 1.04296875 0.771875 1.02734375 0.771875
0 0.21875 0.415625 0.21875 0.41875 0.24609375 0.41875 0.24609375 0.415625 0.21875 0.415625
0 0.6015625 0.175 0.6015625 0.178125 0.61328125 0.178125 0.61328125 0.175 0.6015625 0.175
0 0.0078125 0.0 0.0078125 0.003125 0.08203125 0.003125 0.08203125 0.0 0.0078125 0.0