0 0.5634615384615385 0.08045977011494253 0.5634615384615385 0.08189655172413793 0.5769230769230769 0.08189655172413793 0.5769230769230769 0.08045977011494253 0.5634615384615385 0.08045977011494253
0 0.028846153846153848 0.3089080459770115 0.028846153846153848 0.3103448275862069 0.038461538461538464 0.3103448275862069 0.038461538461538464 0.3089080459770115 0.028846153846153848 0.3089080459770115
0 0.7288461538461538 0.04597701149425287 0.7288461538461538 0.04741379310344827 0.7423076923076923 0.04741379310344827 0.7423076923076923 0.04597701149425287 0.7288461538461538 0.04597701149425287
0 0.5192307692307693 0.0 0.5192307692307693 0.0014367816091954023 0.5615384615384615 0.0014367816091954023 0.5615384615384615 0.0 0.5192307692307693 0.0
0 0.3211538461538462 0.24281609195402298 0.3211538461538462 0.2442528735632184 0.3326923076923077 0.2442528735632184 0.3326923076923077 0.24281609195402298 0.3211538461538462 0.24281609195402298
0 0.3769230769230769 0.12931034482758622 0.3769230769230769 0.1307471264367816 0.37884615384615383 0.1307471264367816 0.37884615384615383 0.12931034482758622 0.3769230769230769 0.12931034482758622
0 0.11730769230769231 0.33045977011494254 0.11730769230769231 0.33189655172413796 0.15384615384615385 0.33189655172413796 0.15384615384615385 0.33045977011494254 0.11730769230769231 0.33045977011494254
0 0.1673076923076923 0.6063218390804598 0.1673076923076923 0.6077586206896551 0.16923076923076924 0.6077586206896551 0.16923076923076924 0.6063218390804598 0.1673076923076923 0.6063218390804598
0 0.75 0.23706896551724138 0.75 0.23850574712643677 0.7615384615384615 0.23850574712643677 0.7615384615384615 0.23706896551724138 0.75 0.23706896551724138
0 0.3769230769230769 0.10201149425287356 0.3769230769230769 0.10344827586206896 0.39615384615384613 0.10344827586206896 0.39615384615384613 0.10201149425287356 0.3769230769230769 0.10201149425287356
0 0.40192307692307694 0.06609195402298851 0.40192307692307694 0.06752873563218391 0.4153846153846154 0.06752873563218391 0.4153846153846154 0.06609195402298851 0.40192307692307694 0.06609195402298851
0 0.7923076923076923 0.1235632183908046 0.7923076923076923 0.125 0.8057692307692308 0.125 0.8057692307692308 0.1235632183908046 0.7923076923076923 0.1235632183908046
0 0.7365384615384616 0.6795977011494253 0.7365384615384616 0.6810344827586207 0.75 0.6810344827586207 0.75 0.6795977011494253 0.7365384615384616 0.6795977011494253
0 0.41346153846153844 0.20402298850574713 0.41346153846153844 0.20545977011494254 0.4173076923076923 0.20545977011494254 0.4173076923076923 0.20402298850574713 0.41346153846153844 0.20402298850574713
0 0.34423076923076923 0.26580459770114945 0.34423076923076923 0.2672413793103448 0.36153846153846153 0.2672413793103448 0.36153846153846153 0.26580459770114945 0.34423076923076923 0.26580459770114945
0 0.9576923076923077 0.10488505747126436 0.9576923076923077 0.10632183908045977 0.9653846153846154 0.10632183908045977 0.9653846153846154 0.10488505747126436 0.9576923076923077 0.10488505747126436
0 0.09807692307692308 0.3031609195402299 0.09807692307692308 0.3045977011494253 0.10384615384615385 0.3045977011494253 0.10384615384615385 0.3031609195402299 0.09807692307692308 0.3031609195402299
0 0.8 0.47701149425287354 0.8 0.47844827586206895 0.8173076923076923 0.47844827586206895 0.8173076923076923 0.47701149425287354 0.8 0.47701149425287354
0 0.29423076923076924 0.5244252873563219 0.29423076923076924 0.5258620689655172 0.29615384615384616 0.5258620689655172 0.29615384615384616 0.5244252873563219 0.29423076923076924 0.5244252873563219
0 1.1673076923076924 0.22126436781609196 1.1673076923076924 0.22270114942528735 1.1692307692307693 0.22270114942528735 1.1692307692307693 0.22126436781609196 1.1673076923076924 0.22126436781609196
0 1.2442307692307693 0.14655172413793102 1.2442307692307693 0.14798850574712644 1.2576923076923077 0.14798850574712644 1.2576923076923077 0.14655172413793102 1.2442307692307693 0.14655172413793102
0 0.03653846153846154 0.028735632183908046 0.03653846153846154 0.03017241379310345 0.04038461538461539 0.03017241379310345 0.04038461538461539 0.028735632183908046 0.03653846153846154 0.028735632183908046
0 0.7288461538461538 0.4511494252873563 0.7288461538461538 0.4525862068965517 0.7365384615384616 0.4525862068965517 0.7365384615384616 0.4511494252873563 0.7288461538461538 0.4511494252873563
0 0.6346153846153846 0.28735632183908044 0.6346153846153846 0.28879310344827586 0.6384615384615384 0.28879310344827586 0.6384615384615384 0.28735632183908044 0.6346153846153846 0.28735632183908044
0 1.0480769230769231 0.15804597701149425 1.0480769230769231 0.15948275862068967 1.0576923076923077 0.15948275862068967 1.0576923076923077 0.15804597701149425 1.0480769230769231 0.15804597701149425
0 0.5903846153846154 0.6982758620689655 0.5903846153846154 0.6997126436781609 0.5942307692307692 0.6997126436781609 0.5942307692307692 0.6982758620689655 0.5903846153846154 0.6982758620689655
0 1.323076923076923 0.021551724137931036 1.323076923076923 0.022988505747126436 1.3288461538461538 0.022988505747126436 1.3288461538461538 0.021551724137931036 1.323076923076923 0.021551724137931036
0 0.18076923076923077 0.44396551724137934 0.18076923076923077 0.4454022988505747 0.19807692307692307 0.4454022988505747 0.19807692307692307 0.44396551724137934 0.18076923076923077 0.44396551724137934
0 1.103846153846154 0.4109195402298851 1.103846153846154 0.41235632183908044 1.1384615384615384 0.41235632183908044 1.1384615384615384 0.4109195402298851 1.103846153846154 0.4109195402298851
0 0.3038461538461538 0.08045977011494253 0.3038461538461538 0.08189655172413793 0.31153846153846154 0.08189655172413793 0.31153846153846154 0.08045977011494253 0.3038461538461538 0.08045977011494253
0 0.6846153846153846 0.3448275862068966 0.6846153846153846 0.34626436781609193 0.7115384615384616 0.34626436781609193 0.7115384615384616 0.3448275862068966 0.6846153846153846 0.3448275862068966
0 0.17884615384615385 0.6767241379310345 0.17884615384615385 0.6781609195402298 0.18846153846153846 0.6781609195402298 0.18846153846153846 0.6767241379310345 0.17884615384615385 0.6767241379310345
0 1.0326923076923078 0.26436781609195403 1.0326923076923078 0.26580459770114945 1.0346153846153847 0.26580459770114945 1.0346153846153847 0.26436781609195403 1.0326923076923078 0.26436781609195403
0 0.8942307692307693 0.35488505747126436 0.8942307692307693 0.3563218390804598 0.8961538461538462 0.3563218390804598 0.8961538461538462 0.35488505747126436 0.8942307692307693 0.35488505747126436
0 1.271153846153846 0.07040229885057471 1.271153846153846 0.07183908045977011 1.2903846153846155 0.07183908045977011 1.2903846153846155 0.07040229885057471 1.271153846153846 0.07040229885057471
0 0.5173076923076924 0.3017241379310345 0.5173076923076924 0.3031609195402299 0.5192307692307693 0.3031609195402299 0.5192307692307693 0.3017241379310345 0.5173076923076924 0.3017241379310345
0 0.34807692307692306 0.03017241379310345 0.34807692307692306 0.031609195402298854 0.3596153846153846 0.031609195402298854 0.3596153846153846 0.03017241379310345 0.34807692307692306 0.03017241379310345
0 1.3153846153846154 0.4698275862068966 1.3153846153846154 0.47126436781609193 1.323076923076923 0.47126436781609193 1.323076923076923 0.4698275862068966 1.3153846153846154 0.4698275862068966
0 0.9980769230769231 0.4267241379310345 0.9980769230769231 0.4281609195402299 1.0192307692307692 0.4281609195402299 1.0192307692307692 0.4267241379310345 0.9980769230769231 0.4267241379310345
0 0.22884615384615384 0.26580459770114945 0.22884615384615384 0.2672413793103448 0.23076923076923078 0.2672413793103448 0.23076923076923078 0.26580459770114945 0.22884615384615384 0.26580459770114945
0 0.6384615384615384 0.20833333333333334 0.6384615384615384 0.20977011494252873 0.6403846153846153 0.20977011494252873 0.6403846153846153 0.20833333333333334 0.6384615384615384 0.20833333333333334
0 1.2461538461538462 0.07614942528735633 1.2461538461538462 0.07758620689655173 1.2557692307692307 0.07758620689655173 1.2557692307692307 0.07614942528735633 1.2461538461538462 0.07614942528735633
0 0.3403846153846154 0.0028735632183908046 0.3403846153846154 0.004310344827586207 0.34615384615384615 0.004310344827586207 0.34615384615384615 0.0028735632183908046 0.3403846153846154 0.0028735632183908046
0 1.001923076923077 0.5158045977011494 1.001923076923077 0.5172413793103449 1.0096153846153846 0.5172413793103449 1.0096153846153846 0.5158045977011494 1.001923076923077 0.5158045977011494
0 0.1346153846153846 0.0 0.1346153846153846 0.0014367816091954023 0.1596153846153846 0.0014367816091954023 0.1596153846153846 0.0 0.1346153846153846 0.0
0 0.8519230769230769 0.4166666666666667 0.8519230769230769 0.41810344827586204 0.8596153846153847 0.41810344827586204 0.8596153846153847 0.4166666666666667 0.8519230769230769 0.4166666666666667
0 0.5634615384615385 0.20545977011494254 0.5634615384615385 0.20689655172413793 0.575 0.20689655172413793 0.575 0.20545977011494254 0.5634615384615385 0.20545977011494254
0 0.032692307692307694 0.0 0.032692307692307694 0.0014367816091954023 0.08076923076923077 0.0014367816091954023 0.08076923076923077 0.0 0.032692307692307694 0.0
0 0.29615384615384616 0.22413793103448276 0.29615384615384616 0.22557471264367815 0.3 0.22557471264367815 0.3 0.22413793103448276 0.29615384615384616 0.22413793103448276
0 0.9692307692307692 0.7298850574712644 0.9692307692307692 0.7313218390804598 1.001923076923077 0.7313218390804598 1.001923076923077 0.7298850574712644 0.9692307692307692 0.7298850574712644
0 0.7942307692307692 0.2543103448275862 0.7942307692307692 0.2557471264367816 0.8153846153846154 0.2557471264367816 0.8153846153846154 0.2543103448275862 0.7942307692307692 0.2543103448275862
0 0.20961538461538462 0.17672413793103448 0.20961538461538462 0.1781609195402299 0.21153846153846154 0.1781609195402299 0.21153846153846154 0.17672413793103448 0.20961538461538462 0.17672413793103448
0 0.6019230769230769 0.4454022988505747 0.6019230769230769 0.4468390804597701 0.6076923076923076 0.4468390804597701 0.6076923076923076 0.4454022988505747 0.6019230769230769 0.4454022988505747
0 0.8442307692307692 0.1724137931034483 0.8442307692307692 0.17385057471264367 0.8576923076923076 0.17385057471264367 0.8576923076923076 0.1724137931034483 0.8442307692307692 0.1724137931034483
0 1.1076923076923078 0.1810344827586207 1.1076923076923078 0.1824712643678161 1.1153846153846154 0.1824712643678161 1.1153846153846154 0.1810344827586207 1.1076923076923078 0.1810344827586207
0 0.0057692307692307696 0.020114942528735632 0.0057692307692307696 0.021551724137931036 0.015384615384615385 0.021551724137931036 0.015384615384615385 0.020114942528735632 0.0057692307692307696 0.020114942528735632
0 1.0038461538461538 0.3074712643678161 1.0038461538461538 0.3089080459770115 1.0153846153846153 0.3089080459770115 1.0153846153846153 0.3074712643678161 1.0038461538461538 0.3074712643678161
0 0.4807692307692308 0.23132183908045978 0.4807692307692308 0.23275862068965517 0.49230769230769234 0.23275862068965517 0.49230769230769234 0.23132183908045978 0.4807692307692308 0.23132183908045978
0 0.26346153846153847 0.48563218390804597 0.26346153846153847 0.4870689655172414 0.2826923076923077 0.4870689655172414 0.2826923076923077 0.48563218390804597 0.26346153846153847 0.48563218390804597
0 0.9961538461538462 0.7327586206896551 0.9961538461538462 0.7341954022988506 0.9980769230769231 0.7341954022988506 0.9980769230769231 0.7327586206896551 0.9961538461538462 0.7327586206896551
0 0.09038461538461538 0.08477011494252873 0.09038461538461538 0.08620689655172414 0.09615384615384616 0.08620689655172414 0.09615384615384616 0.08477011494252873 0.09038461538461538 0.08477011494252873
0 0.9346153846153846 0.21839080459770116 0.9346153846153846 0.21982758620689655 0.9384615384615385 0.21982758620689655 0.9384615384615385 0.21839080459770116 0.9346153846153846 0.21839080459770116
0 0.8153846153846154 0.0 0.8153846153846154 0.0014367816091954023 0.8711538461538462 0.0014367816091954023 0.8711538461538462 0.0 0.8153846153846154 0.0
0 0.15576923076923077 0.06321839080459771 0.15576923076923077 0.06465517241379311 0.175 0.06465517241379311 0.175 0.06321839080459771 0.15576923076923077 0.06321839080459771
0 0.43653846153846154 0.08620689655172414 0.43653846153846154 0.08764367816091954 0.43846153846153846 0.08764367816091954 0.43846153846153846 0.08620689655172414 0.43653846153846154 0.08620689655172414
0 1.2807692307692307 0.22988505747126436 1.2807692307692307 0.23132183908045978 1.2846153846153847 0.23132183908045978 1.2846153846153847 0.22988505747126436 1.2807692307692307 0.22988505747126436
0 0.47115384615384615 0.20545977011494254 0.47115384615384615 0.20689655172413793 0.47307692307692306 0.20689655172413793 0.47307692307692306 0.20545977011494254 0.47115384615384615 0.20545977011494254
0 0.18653846153846154 0.7399425287356322 0.18653846153846154 0.7413793103448276 0.2 0.7413793103448276 0.2 0.7399425287356322 0.18653846153846154 0.7399425287356322
0 1.3 0.5675287356321839 1.3 0.5689655172413793 1.3076923076923077 0.5689655172413793 1.3076923076923077 0.5675287356321839 1.3 0.5675287356321839
0 0.7519230769230769 0.3735632183908046 0.7519230769230769 0.375 0.7730769230769231 0.375 0.7730769230769231 0.3735632183908046 0.7519230769230769 0.3735632183908046
0 0.8826923076923077 0.05459770114942529 0.8826923076923077 0.05603448275862069 0.8961538461538462 0.05603448275862069 0.8961538461538462 0.05459770114942529 0.8826923076923077 0.05459770114942529
0 0.06923076923076923 0.24568965517241378 0.06923076923076923 0.2471264367816092 0.07884615384615384 0.2471264367816092 0.07884615384615384 0.24568965517241378 0.06923076923076923 0.24568965517241378
0 1.123076923076923 0.03735632183908046 1.123076923076923 0.03879310344827586 1.126923076923077 0.03879310344827586 1.126923076923077 0.03735632183908046 1.123076923076923 0.03735632183908046
0 0.37115384615384617 0.43103448275862066 0.37115384615384617 0.4324712643678161 0.3769230769230769 0.4324712643678161 0.3769230769230769 0.43103448275862066 0.37115384615384617 0.43103448275862066
0 1.1365384615384615 0.0603448275862069 1.1365384615384615 0.0617816091954023 1.1403846153846153 0.0617816091954023 1.1403846153846153 0.0603448275862069 1.1365384615384615 0.0603448275862069
0 0.5038461538461538 0.6982758620689655 0.5038461538461538 0.6997126436781609 0.5076923076923077 0.6997126436781609 0.5076923076923077 0.6982758620689655 0.5038461538461538 0.6982758620689655
0 0.08653846153846154 0.6020114942528736 0.08653846153846154 0.603448275862069 0.1 0.603448275862069 0.1 0.6020114942528736 0.08653846153846154 0.6020114942528736
0 0.23846153846153847 0.5919540229885057 0.23846153846153847 0.5933908045977011 0.25769230769230766 0.5933908045977011 0.25769230769230766 0.5919540229885057 0.23846153846153847 0.5919540229885057
0 0.38461538461538464 0.632183908045977 0.38461538461538464 0.6336206896551724 0.38653846153846155 0.6336206896551724 0.38653846153846155 0.632183908045977 0.38461538461538464 0.632183908045977
0 0.1423076923076923 0.05747126436781609 0.1423076923076923 0.05890804597701149 0.14807692307692308 0.05890804597701149 0.14807692307692308 0.05747126436781609 0.1423076923076923 0.05747126436781609
0 1.3192307692307692 0.4051724137931034 1.3192307692307692 0.40660919540229884 1.3211538461538461 0.40660919540229884 1.3211538461538461 0.4051724137931034 1.3192307692307692 0.4051724137931034
0 0.15 0.5660919540229885 0.15 0.5675287356321839 0.15384615384615385 0.5675287356321839 0.15384615384615385 0.5660919540229885 0.15 0.5660919540229885
0 0.8346153846153846 0.21982758620689655 0.8346153846153846 0.22126436781609196 0.8480769230769231 0.22126436781609196 0.8480769230769231 0.21982758620689655 0.8346153846153846 0.21982758620689655
0 0.7 0.27586206896551724 0.7 0.27729885057471265 0.7230769230769231 0.27729885057471265 0.7230769230769231 0.27586206896551724 0.7 0.27586206896551724
0 0.25 0.14080459770114942 0.25 0.14224137931034483 0.27115384615384613 0.14224137931034483 0.27115384615384613 0.14080459770114942 0.25 0.14080459770114942
0 0.9653846153846154 0.7183908045977011 0.9653846153846154 0.7198275862068966 0.9730769230769231 0.7198275862068966 0.9730769230769231 0.7183908045977011 0.9653846153846154 0.7183908045977011
0 0.0 0.15086206896551724 0.0 0.15229885057471265 0.011538461538461539 0.15229885057471265 0.011538461538461539 0.15086206896551724 0.0 0.15086206896551724
0 0.5076923076923077 0.6954022988505747 0.5076923076923077 0.6968390804597702 0.5096153846153846 0.6968390804597702 0.5096153846153846 0.6954022988505747 0.5076923076923077 0.6954022988505747
0 0.9615384615384616 0.0 0.9615384615384616 0.0014367816091954023 1.0 0.0014367816091954023 1.0 0.0 0.9615384615384616 0.0
0 0.5057692307692307 0.41522988505747127 0.5057692307692307 0.4166666666666667 0.5211538461538462 0.4166666666666667 0.5211538461538462 0.41522988505747127 0.5057692307692307 0.41522988505747127
0 0.775 0.05890804597701149 0.775 0.0603448275862069 0.7788461538461539 0.0603448275862069 0.7788461538461539 0.05890804597701149 0.775 0.05890804597701149
0 1.3211538461538461 0.521551724137931 1.3211538461538461 0.5229885057471264 1.3288461538461538 0.5229885057471264 1.3288461538461538 0.521551724137931 1.3211538461538461 0.521551724137931
0 0.0 0.17959770114942528 0.0 0.1810344827586207 0.019230769230769232 0.1810344827586207 0.019230769230769232 0.17959770114942528 0.0 0.17959770114942528
0 1.0884615384615384 0.28448275862068967 1.0884615384615384 0.2859195402298851 1.1 0.2859195402298851 1.1 0.28448275862068967 1.0884615384615384 0.28448275862068967
0 1.1807692307692308 0.1307471264367816 1.1807692307692308 0.13218390804597702 1.1942307692307692 0.13218390804597702 1.1942307692307692 0.1307471264367816 1.1807692307692308 0.1307471264367816
0 0.15576923076923077 0.6566091954022989 0.15576923076923077 0.6580459770114943 0.1673076923076923 0.6580459770114943 0.1673076923076923 0.6566091954022989 0.15576923076923077 0.6566091954022989
0 0.7269230769230769 0.41379310344827586 0.7269230769230769 0.41522988505747127 0.7423076923076923 0.41522988505747127 0.7423076923076923 0.41379310344827586 0.7269230769230769 0.41379310344827586
0 1.3346153846153845 0.35344827586206895 1.3346153846153845 0.35488505747126436 1.3384615384615384 0.35488505747126436 1.3384615384615384 0.35344827586206895 1.3346153846153845 0.35344827586206895
0 1.2653846153846153 0.3635057471264368 1.2653846153846153 0.3649425287356322 1.2942307692307693 0.3649425287356322 1.2942307692307693 0.3635057471264368 1.2653846153846153 0.3635057471264368
0 0.8653846153846154 0.13218390804597702 0.8653846153846154 0.1336206896551724 0.8673076923076923 0.1336206896551724 0.8673076923076923 0.13218390804597702 0.8653846153846154 0.13218390804597702
0 0.6057692307692307 0.0 0.6057692307692307 0.0014367816091954023 0.6538461538461539 0.0014367816091954023 0.6538461538461539 0.0 0.6057692307692307 0.0
0 0.8826923076923077 0.40373563218390807 0.8826923076923077 0.4051724137931034 0.8846153846153846 0.4051724137931034 0.8846153846153846 0.40373563218390807 0.8826923076923077 0.40373563218390807