0 1.00390625 0.409375 1.00390625 0.4125 1.02734375 0.4125 1.02734375 0.409375 1.00390625 0.409375
0 0.49609375 0.603125 0.49609375 0.60625 0.5234375 0.60625 0.5234375 0.603125 0.49609375 0.603125
0 0.67578125 0.278125 0.67578125 0.28125 0.69140625 0.28125 0.69140625 0.278125 0.67578125 0.278125
0 0.48828125 0.46875 0.48828125 0.471875 0.5 0.471875 0.5 0.46875 0.48828125 0.46875
0 0.140625 0.071875 0.140625 0.075 0.15625 0.075 0.15625 0.071875 0.140625 0.071875
0 0.22265625 0.54375 0.22265625 0.546875 0.2578125 0.546875 0.2578125 0.54375 0.22265625 0.54375
0 0.74609375 0.3125 0.74609375 0.315625 0.78125 0.315625 0.78125 0.3125 0.74609375 0.3125
0 0.1953125 0.21875 0.1953125 0.221875 0.234375 0.221875 0.234375 0.21875 0.1953125 0.21875
0 0.0078125 0.603125 0.0078125 0.60625 0.02734375 0.60625 0.02734375 0.603125 0.0078125 0.603125
0 0.59375 0.6125 0.59375 0.615625 0.6328125 0.615625 0.6328125 0.6125 0.59375 0.6125
0 0.7265625 0.003125 0.7265625 0.00625 0.74609375 0.00625 0.74609375 0.003125 0.7265625 0.003125
0 0.95703125 0.025 0.95703125 0.028125 0.98046875 0.028125 0.98046875 0.025 0.95703125 0.025
0 0.921875 0.31875 0.921875 0.321875 0.953125 0.321875 0.953125 0.31875 0.921875 0.31875
0 0.91796875 0.50625 0.91796875 0.509375 0.9375 0.509375 0.9375 0.50625 0.91796875 0.50625
0 0.625 0.503125 0.625 0.50625 0.63671875 0.50625 0.63671875 0.503125 0.625 0.503125
0 0.80859375 0.2375 0.80859375 0.240625 0.8515625 0.240625 0.8515625 0.2375 0.80859375 0.2375
0 0.484375 0.06875 0.484375 0.071875 0.5 0.071875 0.5 0.06875 0.484375 0.06875
0 0.75390625 0.0375 0.75390625 0.040625 0.77734375 0.040625 0.77734375 0.0375 0.75390625 0.0375
0 0.296875 0.0 0.296875 0.003125 0.328125 0.003125 0.328125 0.0 0.296875 0.0
0 0.28125 0.665625 0.28125 0.66875 0.3125 0.66875 0.3125 0.665625 0.28125 0.665625
0 1.0 0.425 1.0 0.428125 1.01171875 0.428125 1.01171875 0.425 1.0 0.425
0 0.38671875 0.65 0.38671875 0.653125 0.4140625 0.653125 0.4140625 0.65 0.38671875 0.65
0 0.4375 0.734375 0.4375 0.7375 0.453125 0.7375 0.453125 0.734375 0.4375 0.734375
0 0.87890625 0.5875 0.87890625 0.590625 0.89453125 0.590625 0.89453125 0.5875 0.87890625 0.5875
0 1.21875 0.634375 1.21875 0.6375 1.2421875 0.6375 1.2421875 0.634375 1.21875 0.634375
0 0.7890625 0.29375 0.7890625 0.296875 0.80859375 0.296875 0.80859375 0.29375 0.7890625 0.29375
0 0.984375 0.525 0.984375 0.528125 1.0 0.528125 1.0 0.525 0.984375 0.525
0 1.09375 0.325 1.09375 0.328125 1.12109375 0.328125 1.12109375 0.325 1.09375 0.325
0 0.51953125 0.15625 0.51953125 0.159375 0.54296875 0.159375 0.54296875 0.15625 0.51953125 0.15625
0 0.1796875 0.33125 0.1796875 0.334375 0.19921875 0.334375 0.19921875 0.33125 0.1796875 0.33125
0 0.6015625 0.328125 0.6015625 0.33125 0.62890625 0.33125 0.62890625 0.328125 0.6015625 0.328125
0 0.7421875 0.70625 0.7421875 0.709375 0.7578125 0.709375 0.7578125 0.70625 0.7421875 0.70625
0 0.60546875 0.28125 0.60546875 0.284375 0.6171875 0.284375 0.6171875 0.28125 0.60546875 0.28125
0 0.4921875 0.5 0.4921875 0.503125 0.53515625 0.503125 0.53515625 0.5 0.4921875 0.5
0 1.01171875 0.7375 1.01171875 0.740625 1.03125 0.740625 1.03125 0.7375 1.01171875 0.7375
0 1.09765625 0.65 1.09765625 0.653125 1.15234375 0.653125 1.15234375 0.65 1.09765625 0.65
0 0.265625 0.78125 0.265625 0.784375 0.2890625 0.784375 0.2890625 0.78125 0.265625 0.78125
0 0.5 0.65625 0.5 0.659375 0.5234375 0.659375 0.5234375 0.65625 0.5 0.65625
0 0.5625 0.71875 0.5625 0.721875 0.609375 0.721875 0.609375 0.71875 0.5625 0.71875
0 0.0 0.075 0.0 0.078125 0.00390625 0.078125 0.00390625 0.075 0.0 0.075
0 0.77734375 0.303125 0.77734375 0.30625 0.7890625 0.30625 0.7890625 0.303125 0.77734375 0.303125
0 1.1171875 0.703125 1.1171875 0.70625 1.1640625 0.70625 1.1640625 0.703125 1.1171875 0.703125
0 0.88671875 0.203125 0.88671875 0.20625 0.91015625 0.20625 0.91015625 0.203125 0.88671875 0.203125
0 0.59765625 0.759375 0.59765625 0.7625 0.6171875 0.7625 0.6171875 0.759375 0.59765625 0.759375
0 1.14453125 0.51875 1.14453125 0.521875 1.16015625 0.521875 1.16015625 0.51875 1.14453125 0.51875
0 0.34765625 0.403125 0.34765625 0.40625 0.37109375 0.40625 0.37109375 0.403125 0.34765625 0.403125
0 0.08984375 0.015625 0.08984375 0.01875 0.12109375 0.01875 0.12109375 0.015625 0.08984375 0.015625
0 0.76953125 0.590625 0.76953125 0.59375 0.79296875 0.59375 0.79296875 0.590625 0.76953125 0.590625
0 0.64453125 0.378125 0.64453125 0.38125 0.6640625 0.38125 0.6640625 0.378125 0.64453125 0.378125
0 0.94921875 0.625 0.94921875 0.628125 0.9609375 0.628125 0.9609375 0.625 0.94921875 0.625
0 0.5 0.25625 0.5 0.259375 0.50390625 0.259375 0.50390625 0.25625 0.5 0.25625
0 0.22265625 0.659375 0.22265625 0.6625 0.234375 0.6625 0.234375 0.659375 0.22265625 0.659375
0 0.08203125 0.29375 0.08203125 0.296875 0.125 0.296875 0.125 0.29375 0.08203125 0.29375
0 0.46484375 0.20625 0.46484375 0.209375 0.48828125 0.209375 0.48828125 0.20625 0.46484375 0.20625
0 0.69921875 0.746875 0.69921875 0.75 0.71875 0.75 0.71875 0.746875 0.69921875 0.746875