0 0.296875 0.346875 0.296875 0.35 0.31640625 0.35 0.31640625 0.346875 0.296875 0.346875
0 0.55078125 0.603125 0.55078125 0.60625 0.59375 0.60625 0.59375 0.603125 0.55078125 0.603125
0 1.09375 0.7625 1.09375 0.765625 1.12109375 0.765625 1.12109375 0.7625 1.09375 0.7625
0 0.69140625 0.021875 0.69140625 0.025 0.7421875 0.025 0.7421875 0.021875 0.69140625 0.021875
0 1.15234375 0.5 1.15234375 0.503125 1.171875 0.503125 1.171875 0.5 1.15234375 0.5
0 1.19140625 0.025 1.19140625 0.028125 1.2109375 0.028125 1.2109375 0.025 1.19140625 0.025
0 1.1796875 0.490625 1.1796875 0.49375 1.19921875 0.49375 1.19921875 0.490625 1.1796875 0.490625
0 1.09375 0.48125 1.09375 0.484375 1.109375 0.484375 1.109375 0.48125 1.09375 0.48125
0 0.9375 0.68125 0.9375 0.684375 0.99609375 0.684375 0.99609375 0.68125 0.9375 0.68125
0 0.015625 0.515625 0.015625 0.51875 0.05078125 0.51875 0.05078125 0.515625 0.015625 0.515625
0 1.19921875 0.471875 1.19921875 0.475 1.23046875 0.475 1.23046875 0.471875 1.19921875 0.471875
0 0.48828125 0.465625 0.48828125 0.46875 0.5078125 0.46875 0.5078125 0.465625 0.48828125 0.465625
0 1.1328125 0.521875 1.1328125 0.525 1.1640625 0.525 1.1640625 0.521875 1.1328125 0.521875
0 0.0859375 0.446875 0.0859375 0.45 0.13671875 0.45 0.13671875 0.446875 0.0859375 0.446875
0 0.1953125 0.159375 0.1953125 0.1625 0.23046875 0.1625 0.23046875 0.159375 0.1953125 0.159375
0 0.49609375 0.26875 0.49609375 0.271875 0.5 0.271875 0.5 0.26875 0.49609375 0.26875
0 0.22265625 0.115625 0.22265625 0.11875 0.23828125 0.11875 0.23828125 0.115625 0.22265625 0.115625
0 1.2109375 0.39375 1.2109375 0.396875 1.22265625 0.396875 1.22265625 0.39375 1.2109375 0.39375
0 0.48046875 0.58125 0.48046875 0.584375 0.4921875 0.584375 0.4921875 0.58125 0.48046875 0.58125
0 0.47265625 0.4 0.47265625 0.403125 0.4921875 0.403125 0.4921875 0.4 0.47265625 0.4
0 0.6328125 0.134375 0.6328125 0.1375 0.65234375 0.1375 0.65234375 0.134375 0.6328125 0.134375
0 0.1640625 0.553125 0.1640625 0.55625 0.1953125 0.55625 0.1953125 0.553125 0.1640625 0.553125
0 0.2109375 0.0 0.2109375 0.003125 0.24609375 0.003125 0.24609375 0.0 0.2109375 0.0
0 0.34375 0.3125 0.34375 0.315625 0.40234375 0.315625 0.40234375 0.3125 0.34375 0.3125
0 0.5703125 0.1375 0.5703125 0.140625 0.59375 0.140625 0.59375 0.1375 0.5703125 0.1375
0 0.90625 0.15 0.90625 0.153125 0.9296875 0.153125 0.9296875 0.15 0.90625 0.15
0 0.5 0.29375 0.5 0.296875 0.53515625 0.296875 0.53515625 0.29375 0.5 0.29375
0 0.203125 0.66875 0.203125 0.671875 0.2109375 0.671875 0.2109375 0.66875 0.203125 0.66875
0 1.19140625 0.6125 1.19140625 0.615625 1.20703125 0.615625 1.20703125 0.6125 1.19140625 0.6125
0 0.734375 0.371875 0.734375 0.375 0.765625 0.375 0.765625 0.371875 0.734375 0.371875
0 0.109375 0.453125 0.109375 0.45625 0.12109375 0.45625 0.12109375 0.453125 0.109375 0.453125
0 1.05859375 0.58125 1.05859375 0.584375 1.08984375 0.584375 1.08984375 0.58125 1.05859375 0.58125
0 0.62890625 0.396875 0.62890625 0.4 0.6640625 0.4 0.6640625 0.396875 0.62890625 0.396875
0 0.1328125 0.1125 0.1328125 0.115625 0.16015625 0.115625 0.16015625 0.1125 0.1328125 0.1125
0 0.85546875 0.296875 0.85546875 0.3 0.8828125 0.3 0.8828125 0.296875 0.85546875 0.296875
0 0.78125 0.259375 0.78125 0.2625 0.80859375 0.2625 0.80859375 0.259375 0.78125 0.259375
0 1.0 0.0625 1.0 0.065625 1.0078125 0.065625 1.0078125 0.0625 1.0 0.0625
0 1.08203125 0.0 1.08203125 0.003125 1.125 0.003125 1.125 0.0 1.08203125 0.0
0 0.6875 0.35 0.6875 0.353125 0.72265625 0.353125 0.72265625 0.35 0.6875 0.35
0 0.39453125 0.75625 0.39453125 0.759375 0.43359375 0.759375 0.43359375 0.75625 0.39453125 0.75625
0 0.87890625 0.375 0.87890625 0.378125 0.89453125 0.378125 0.89453125 0.375 0.87890625 0.375
0 1.05859375 0.6625 1.05859375 0.665625 1.08203125 0.665625 1.08203125 0.6625 1.05859375 0.6625
0 1.1328125 0.69375 1.1328125 0.696875 1.16015625 0.696875 1.16015625 0.69375 1.1328125 0.69375
0 0.58203125 0.28125 0.58203125 0.284375 0.60546875 0.284375 0.60546875 0.28125 0.58203125 0.28125
0 0.1171875 0.259375 0.1171875 0.2625 0.13671875 0.2625 0.13671875 0.259375 0.1171875 0.259375
0 0.69921875 0.3 0.69921875 0.303125 0.71484375 0.303125 0.71484375 0.3 0.69921875 0.3
0 0.43359375 0.10625 0.43359375 0.109375 0.46484375 0.109375 0.46484375 0.10625 0.43359375 0.10625
0 0.671875 0.5375 0.671875 0.540625 0.6875 0.540625 0.6875 0.5375 0.671875 0.5375
0 0.30078125 0.16875 0.30078125 0.171875 0.33203125 0.171875 0.33203125 0.16875 0.30078125 0.16875
0 0.35546875 0.428125 0.35546875 0.43125 0.3671875 0.43125 0.3671875 0.428125 0.35546875 0.428125
0 0.91015625 0.3125 0.91015625 0.315625 0.94140625 0.315625 0.94140625 0.3125 0.91015625 0.3125
0 0.4609375 0.5125 0.4609375 0.515625 0.46875 0.515625 0.46875 0.5125 0.4609375 0.5125
0 1.1171875 0.634375 1.1171875 0.6375 1.15625 0.6375 1.15625 0.634375 1.1171875 0.634375
0 0.296875 0.24375 0.296875 0.246875 0.3046875 0.246875 0.3046875 0.24375 0.296875 0.24375
0 0.8125 0.003125 0.8125 0.00625 0.828125 0.00625 0.828125 0.003125 0.8125 0.003125
0 0.3203125 0.38125 0.3203125 0.384375 0.34375 0.384375 0.34375 0.38125 0.3203125 0.38125
0 0.46875 0.70625 0.46875 0.709375 0.4921875 0.709375 0.4921875 0.70625 0.46875 0.70625
0 0.6484375 0.1625 0.6484375 0.165625 0.671875 0.165625 0.671875 0.1625 0.6484375 0.1625
0 1.14453125 0.028125 1.14453125 0.03125 1.16796875 0.03125 1.16796875 0.028125 1.14453125 0.028125
0 0.96875 0.190625 0.96875 0.19375 0.98828125 0.19375 0.98828125 0.190625 0.96875 0.190625
0 0.96875 0.403125 0.96875 0.40625 0.99609375 0.40625 0.99609375 0.403125 0.96875 0.403125
0 0.46875 0.175 0.46875 0.178125 0.4921875 0.178125 0.4921875 0.175 0.46875 0.175
0 0.49609375 0.39375 0.49609375 0.396875 0.5 0.396875 0.5 0.39375 0.49609375 0.39375
0 0.77734375 0.721875 0.77734375 0.725 0.796875 0.725 0.796875 0.721875 0.77734375 0.721875