0 0.11346153846153846 0.6264367816091954 0.11346153846153846 0.6278735632183908 0.13653846153846153 0.6278735632183908 0.13653846153846153 0.6264367816091954 0.11346153846153846 0.6264367816091954
0 0.5019230769230769 0.3692528735632184 0.5019230769230769 0.3706896551724138 0.5076923076923077 0.3706896551724138 0.5076923076923077 0.3692528735632184 0.5019230769230769 0.3692528735632184
0 0.7365384615384616 0.1968390804597701 0.7365384615384616 0.19827586206896552 0.7557692307692307 0.19827586206896552 0.7557692307692307 0.1968390804597701 0.7365384615384616 0.1968390804597701
0 0.7730769230769231 0.6767241379310345 0.7730769230769231 0.6781609195402298 0.7942307692307692 0.6781609195402298 0.7942307692307692 0.6767241379310345 0.7730769230769231 0.6767241379310345
0 0.49230769230769234 0.5646551724137931 0.49230769230769234 0.5660919540229885 0.5134615384615384 0.5660919540229885 0.5134615384615384 0.5646551724137931 0.49230769230769234 0.5646551724137931
0 0.03076923076923077 0.33189655172413796 0.03076923076923077 0.3333333333333333 0.03461538461538462 0.3333333333333333 0.03461538461538462 0.33189655172413796 0.03076923076923077 0.33189655172413796
0 0.16923076923076924 0.0 0.16923076923076924 0.0014367816091954023 0.21923076923076923 0.0014367816091954023 0.21923076923076923 0.0 0.16923076923076924 0.0
0 0.14615384615384616 0.6192528735632183 0.14615384615384616 0.6206896551724138 0.1596153846153846 0.6206896551724138 0.1596153846153846 0.6192528735632183 0.14615384615384616 0.6192528735632183
0 0.8923076923076924 0.4511494252873563 0.8923076923076924 0.4525862068965517 0.9115384615384615 0.4525862068965517 0.9115384615384615 0.4511494252873563 0.8923076923076924 0.4511494252873563
0 0.5288461538461539 0.6235632183908046 0.5288461538461539 0.625 0.5461538461538461 0.625 0.5461538461538461 0.6235632183908046 0.5288461538461539 0.6235632183908046
0 0.40192307692307694 0.5718390804597702 0.40192307692307694 0.5732758620689655 0.4269230769230769 0.5732758620689655 0.4269230769230769 0.5718390804597702 0.40192307692307694 0.5718390804597702
0 1.3288461538461538 0.5387931034482759 1.3288461538461538 0.5402298850574713 1.3346153846153845 0.5402298850574713 1.3346153846153845 0.5387931034482759 1.3288461538461538 0.5387931034482759
0 0.4480769230769231 0.1910919540229885 0.4480769230769231 0.1925287356321839 0.45 0.1925287356321839 0.45 0.1910919540229885 0.4480769230769231 0.1910919540229885
0 0.6192307692307693 0.08045977011494253 0.6192307692307693 0.08189655172413793 0.6442307692307693 0.08189655172413793 0.6442307692307693 0.08045977011494253 0.6192307692307693 0.08045977011494253
0 0.8596153846153847 0.625 0.8596153846153847 0.6264367816091954 0.8711538461538462 0.6264367816091954 0.8711538461538462 0.625 0.8596153846153847 0.625
0 0.5019230769230769 0.4339080459770115 0.5019230769230769 0.4353448275862069 0.5134615384615384 0.4353448275862069 0.5134615384615384 0.4339080459770115 0.5019230769230769 0.4339080459770115
0 0.5653846153846154 0.1206896551724138 0.5653846153846154 0.1221264367816092 0.5692307692307692 0.1221264367816092 0.5692307692307692 0.1206896551724138 0.5653846153846154 0.1206896551724138
0 0.9711538461538461 0.6609195402298851 0.9711538461538461 0.6623563218390804 0.9788461538461538 0.6623563218390804 0.9788461538461538 0.6609195402298851 0.9711538461538461 0.6609195402298851
0 1.0461538461538462 0.7385057471264368 1.0461538461538462 0.7399425287356322 1.0653846153846154 0.7399425287356322 1.0653846153846154 0.7385057471264368 1.0461538461538462 0.7385057471264368
0 0.6961538461538461 0.08333333333333333 0.6961538461538461 0.08477011494252873 0.7115384615384616 0.08477011494252873 0.7115384615384616 0.08333333333333333 0.6961538461538461 0.08333333333333333
0 1.1365384615384615 0.11063218390804598 1.1365384615384615 0.11206896551724138 1.15 0.11206896551724138 1.15 0.11063218390804598 1.1365384615384615 0.11063218390804598
0 0.5923076923076923 0.742816091954023 0.5923076923076923 0.7442528735632183 0.5980769230769231 0.7442528735632183 0.5980769230769231 0.742816091954023 0.5923076923076923 0.742816091954023
0 0.8923076923076924 0.2629310344827586 0.8923076923076924 0.26436781609195403 0.9115384615384615 0.26436781609195403 0.9115384615384615 0.2629310344827586 0.8923076923076924 0.2629310344827586