0 0.697265625 0.071875 0.697265625 0.0734375 0.716796875 0.0734375 0.716796875 0.071875 0.697265625 0.071875
0 0.732421875 0.7703125 0.732421875 0.771875 0.7421875 0.771875 0.7421875 0.7703125 0.732421875 0.7703125
0 0.677734375 0.471875 0.677734375 0.4734375 0.701171875 0.4734375 0.701171875 0.471875 0.677734375 0.471875
0 0.0 0.0 0.0 0.0015625 0.052734375 0.0015625 0.052734375 0.0 0.0 0.0
0 0.392578125 0.296875 0.392578125 0.2984375 0.3984375 0.2984375 0.3984375 0.296875 0.392578125 0.296875
0 0.6640625 0.59375 0.6640625 0.5953125 0.66796875 0.5953125 0.66796875 0.59375 0.6640625 0.59375
0 0.6796875 0.5625 0.6796875 0.5640625 0.703125 0.5640625 0.703125 0.5625 0.6796875 0.5625
0 0.341796875 0.084375 0.341796875 0.0859375 0.357421875 0.0859375 0.357421875 0.084375 0.341796875 0.084375
0 0.1484375 0.26875 0.1484375 0.2703125 0.166015625 0.2703125 0.166015625 0.26875 0.1484375 0.26875
0 0.712890625 0.778125 0.712890625 0.7796875 0.72265625 0.7796875 0.72265625 0.778125 0.712890625 0.778125
0 0.4375 0.06875 0.4375 0.0703125 0.439453125 0.0703125 0.439453125 0.06875 0.4375 0.06875
0 0.974609375 0.2734375 0.974609375 0.275 0.9765625 0.275 0.9765625 0.2734375 0.974609375 0.2734375
0 1.001953125 0.19375 1.001953125 0.1953125 1.02734375 0.1953125 1.02734375 0.19375 1.001953125 0.19375
0 1.02734375 0.6984375 1.02734375 0.7 1.033203125 0.7 1.033203125 0.6984375 1.02734375 0.6984375
0 0.490234375 0.640625 0.490234375 0.6421875 0.5 0.6421875 0.5 0.640625 0.490234375 0.640625
0 0.306640625 0.609375 0.306640625 0.6109375 0.3125 0.6109375 0.3125 0.609375 0.306640625 0.609375
0 0.34765625 0.359375 0.34765625 0.3609375 0.3671875 0.3609375 0.3671875 0.359375 0.34765625 0.359375
0 1.02734375 0.3109375 1.02734375 0.3125 1.037109375 0.3125 1.037109375 0.3109375 1.02734375 0.3109375
0 0.96875 0.253125 0.96875 0.2546875 0.9765625 0.2546875 0.9765625 0.253125 0.96875 0.253125
0 0.345703125 0.3890625 0.345703125 0.390625 0.3515625 0.390625 0.3515625 0.3890625 0.345703125 0.3890625
0 1.189453125 0.1453125 1.189453125 0.146875 1.20703125 0.146875 1.20703125 0.1453125 1.189453125 0.1453125
0 1.119140625 0.121875 1.119140625 0.1234375 1.12890625 0.1234375 1.12890625 0.121875 1.119140625 0.121875
0 1.025390625 0.34375 1.025390625 0.3453125 1.037109375 0.3453125 1.037109375 0.34375 1.025390625 0.34375
0 0.8203125 0.521875 0.8203125 0.5234375 0.82421875 0.5234375 0.82421875 0.521875 0.8203125 0.521875
0 0.1640625 0.3609375 0.1640625 0.3625 0.16796875 0.3625 0.16796875 0.3609375 0.1640625 0.3609375
0 0.390625 0.4140625 0.390625 0.415625 0.39453125 0.415625 0.39453125 0.4140625 0.390625 0.4140625
0 0.796875 0.178125 0.796875 0.1796875 0.818359375 0.1796875 0.818359375 0.178125 0.796875 0.178125
0 0.560546875 0.2515625 0.560546875 0.253125 0.572265625 0.253125 0.572265625 0.2515625 0.560546875 0.2515625
0 0.65625 0.1171875 0.65625 0.11875 0.67578125 0.11875 0.67578125 0.1171875 0.65625 0.1171875
0 0.419921875 0.0 0.419921875 0.0015625 0.517578125 0.0015625 0.517578125 0.0 0.419921875 0.0
0 0.736328125 0.425 0.736328125 0.4265625 0.755859375 0.4265625 0.755859375 0.425 0.736328125 0.425
0 0.14453125 0.1875 0.14453125 0.1890625 0.166015625 0.1890625 0.166015625 0.1875 0.14453125 0.1875
0 0.5390625 0.3375 0.5390625 0.3390625 0.54296875 0.3390625 0.54296875 0.3375 0.5390625 0.3375
0 0.0390625 0.1328125 0.0390625 0.134375 0.0625 0.134375 0.0625 0.1328125 0.0390625 0.1328125
0 0.857421875 0.2 0.857421875 0.2015625 0.861328125 0.2015625 0.861328125 0.2 0.857421875 0.2
0 1.00390625 0.28125 1.00390625 0.2828125 1.041015625 0.2828125 1.041015625 0.28125 1.00390625 0.28125