0 0.25 0.465625 0.25 0.46875 0.26953125 0.46875 0.26953125 0.465625 0.25 0.465625
0 1.046875 0.034375 1.046875 0.0375 1.06640625 0.0375 1.06640625 0.034375 1.046875 0.034375
0 0.3515625 0.771875 0.3515625 0.775 0.3671875 0.775 0.3671875 0.771875 0.3515625 0.771875
0 0.3515625 0.5375 0.3515625 0.540625 0.375 0.540625 0.375 0.5375 0.3515625 0.5375
0 0.72265625 0.1 0.72265625 0.103125 0.734375 0.103125 0.734375 0.1 0.72265625 0.1
0 1.0078125 0.2875 1.0078125 0.290625 1.0390625 0.290625 1.0390625 0.2875 1.0078125 0.2875
0 0.0 0.05 0.0 0.053125 0.0078125 0.053125 0.0078125 0.05 0.0 0.05
0 0.4375 0.5375 0.4375 0.540625 0.453125 0.540625 0.453125 0.5375 0.4375 0.5375
0 1.2109375 0.071875 1.2109375 0.075 1.22265625 0.075 1.22265625 0.071875 1.2109375 0.071875
0 0.37109375 0.453125 0.37109375 0.45625 0.390625 0.45625 0.390625 0.453125 0.37109375 0.453125
0 1.0546875 0.259375 1.0546875 0.2625 1.07421875 0.2625 1.07421875 0.259375 1.0546875 0.259375
0 1.23828125 0.33125 1.23828125 0.334375 1.24609375 0.334375 1.24609375 0.33125 1.23828125 0.33125
0 0.26953125 0.55 0.26953125 0.553125 0.27734375 0.553125 0.27734375 0.55 0.26953125 0.55
0 1.23828125 0.53125 1.23828125 0.534375 1.25 0.534375 1.25 0.53125 1.23828125 0.53125
0 1.24609375 0.421875 1.24609375 0.425 1.25 0.425 1.25 0.421875 1.24609375 0.421875
0 1.203125 0.00625 1.203125 0.009375 1.2109375 0.009375 1.2109375 0.00625 1.203125 0.00625
0 0.359375 0.70625 0.359375 0.709375 0.37890625 0.709375 0.37890625 0.70625 0.359375 0.70625
0 0.55859375 0.50625 0.55859375 0.509375 0.58984375 0.509375 0.58984375 0.50625 0.55859375 0.50625
0 0.50390625 0.409375 0.50390625 0.4125 0.5234375 0.4125 0.5234375 0.409375 0.50390625 0.409375
0 0.12109375 0.384375 0.12109375 0.3875 0.13671875 0.3875 0.13671875 0.384375 0.12109375 0.384375
0 0.48828125 0.671875 0.48828125 0.675 0.5234375 0.675 0.5234375 0.671875 0.48828125 0.671875
0 0.4609375 0.246875 0.4609375 0.25 0.48828125 0.25 0.48828125 0.246875 0.4609375 0.246875
0 0.03515625 0.121875 0.03515625 0.125 0.0546875 0.125 0.0546875 0.121875 0.03515625 0.121875
0 0.52734375 0.0 0.52734375 0.003125 0.5625 0.003125 0.5625 0.0 0.52734375 0.0
0 0.7109375 0.0 0.7109375 0.003125 0.75 0.003125 0.75 0.0 0.7109375 0.0
0 1.21484375 0.328125 1.21484375 0.33125 1.2265625 0.33125 1.2265625 0.328125 1.21484375 0.328125
0 0.86328125 0.0625 0.86328125 0.065625 0.890625 0.065625 0.890625 0.0625 0.86328125 0.0625
0 1.1953125 0.575 1.1953125 0.578125 1.20703125 0.578125 1.20703125 0.575 1.1953125 0.575
0 0.046875 0.55 0.046875 0.553125 0.0546875 0.553125 0.0546875 0.55 0.046875 0.55