0 0.984375 0.415625 0.984375 0.41875 0.9921875 0.41875 0.9921875 0.415625 0.984375 0.415625
0 0.203125 0.521875 0.203125 0.525 0.24609375 0.525 0.24609375 0.521875 0.203125 0.521875
0 0.1875 0.0 0.1875 0.003125 0.32421875 0.003125 0.32421875 0.0 0.1875 0.0
0 0.08984375 0.359375 0.08984375 0.3625 0.1171875 0.3625 0.1171875 0.359375 0.08984375 0.359375
0 0.7890625 0.284375 0.7890625 0.2875 0.796875 0.2875 0.796875 0.284375 0.7890625 0.284375
0 0.640625 0.659375 0.640625 0.6625 0.68359375 0.6625 0.68359375 0.659375 0.640625 0.659375
0 0.1484375 0.146875 0.1484375 0.15 0.16796875 0.15 0.16796875 0.146875 0.1484375 0.146875
0 0.7890625 0.053125 0.7890625 0.05625 0.8125 0.05625 0.8125 0.053125 0.7890625 0.053125
0 0.890625 0.490625 0.890625 0.49375 0.90234375 0.49375 0.90234375 0.490625 0.890625 0.490625
0 0.359375 0.640625 0.359375 0.64375 0.3671875 0.64375 0.3671875 0.640625 0.359375 0.640625
0 0.6328125 0.0 0.6328125 0.003125 0.83203125 0.003125 0.83203125 0.0 0.6328125 0.0
0 0.2421875 0.078125 0.2421875 0.08125 0.26953125 0.08125 0.26953125 0.078125 0.2421875 0.078125
0 0.99609375 0.325 0.99609375 0.328125 1.0 0.328125 1.0 0.325 0.99609375 0.325
0 1.1796875 0.20625 1.1796875 0.209375 1.25 0.209375 1.25 0.20625 1.1796875 0.20625
0 0.01953125 0.525 0.01953125 0.528125 0.05859375 0.528125 0.05859375 0.525 0.01953125 0.525
0 0.6640625 0.1 0.6640625 0.103125 0.6796875 0.103125 0.6796875 0.1 0.6640625 0.1
0 1.17578125 0.515625 1.17578125 0.51875 1.2109375 0.51875 1.2109375 0.515625 1.17578125 0.515625
0 0.96875 0.703125 0.96875 0.70625 1.00390625 0.70625 1.00390625 0.703125 0.96875 0.703125