0 0.8134615384615385 0.14367816091954022 0.8134615384615385 0.14511494252873564 0.8192307692307692 0.14511494252873564 0.8192307692307692 0.14367816091954022 0.8134615384615385 0.14367816091954022
0 0.5826923076923077 0.0 0.5826923076923077 0.0014367816091954023 0.6480769230769231 0.0014367816091954023 0.6480769230769231 0.0 0.5826923076923077 0.0
0 0.9673076923076923 0.6853448275862069 0.9673076923076923 0.6867816091954023 0.9903846153846154 0.6867816091954023 0.9903846153846154 0.6853448275862069 0.9673076923076923 0.6853448275862069
0 0.24615384615384617 0.0 0.24615384615384617 0.0014367816091954023 0.2653846153846154 0.0014367816091954023 0.2653846153846154 0.0 0.24615384615384617 0.0
0 0.75 0.7054597701149425 0.75 0.7068965517241379 0.7634615384615384 0.7068965517241379 0.7634615384615384 0.7054597701149425 0.75 0.7054597701149425
0 1.0615384615384615 0.4640804597701149 1.0615384615384615 0.46551724137931033 1.075 0.46551724137931033 1.075 0.4640804597701149 1.0615384615384615 0.4640804597701149
0 0.2826923076923077 0.35201149425287354 0.2826923076923077 0.35344827586206895 0.2923076923076923 0.35344827586206895 0.2923076923076923 0.35201149425287354 0.2826923076923077 0.35201149425287354
0 1.325 0.3649425287356322 1.325 0.36637931034482757 1.3384615384615384 0.36637931034482757 1.3384615384615384 0.3649425287356322 1.325 0.3649425287356322
0 0.4230769230769231 0.07183908045977011 0.4230769230769231 0.07327586206896551 0.4403846153846154 0.07327586206896551 0.4403846153846154 0.07183908045977011 0.4230769230769231 0.07183908045977011
0 0.6134615384615385 0.07040229885057471 0.6134615384615385 0.07183908045977011 0.6346153846153846 0.07183908045977011 0.6346153846153846 0.07040229885057471 0.6134615384615385 0.07040229885057471
0 0.3192307692307692 0.1752873563218391 0.3192307692307692 0.17672413793103448 0.3403846153846154 0.17672413793103448 0.3403846153846154 0.1752873563218391 0.3192307692307692 0.1752873563218391
0 0.48653846153846153 0.09195402298850575 0.48653846153846153 0.09339080459770115 0.5019230769230769 0.09339080459770115 0.5019230769230769 0.09195402298850575 0.48653846153846153 0.09195402298850575
0 0.1076923076923077 0.27873563218390807 0.1076923076923077 0.2801724137931034 0.11923076923076924 0.2801724137931034 0.11923076923076924 0.27873563218390807 0.1076923076923077 0.27873563218390807
0 1.1307692307692307 0.3563218390804598 1.1307692307692307 0.3577586206896552 1.148076923076923 0.3577586206896552 1.148076923076923 0.3563218390804598 1.1307692307692307 0.3563218390804598
0 0.2980769230769231 0.5948275862068966 0.2980769230769231 0.5962643678160919 0.31153846153846154 0.5962643678160919 0.31153846153846154 0.5948275862068966 0.2980769230769231 0.5948275862068966
0 1.2653846153846153 0.35344827586206895 1.2653846153846153 0.35488505747126436 1.271153846153846 0.35488505747126436 1.271153846153846 0.35344827586206895 1.2653846153846153 0.35344827586206895
0 0.1423076923076923 0.10919540229885058 0.1423076923076923 0.11063218390804598 0.1576923076923077 0.11063218390804598 0.1576923076923077 0.10919540229885058 0.1423076923076923 0.10919540229885058
0 1.2557692307692307 0.39511494252873564 1.2557692307692307 0.39655172413793105 1.2596153846153846 0.39655172413793105 1.2596153846153846 0.39511494252873564 1.2557692307692307 0.39511494252873564
0 0.6557692307692308 0.23275862068965517 0.6557692307692308 0.23419540229885058 0.6730769230769231 0.23419540229885058 0.6730769230769231 0.23275862068965517 0.6557692307692308 0.23275862068965517
0 0.9653846153846154 0.1997126436781609 0.9653846153846154 0.20114942528735633 0.9826923076923076 0.20114942528735633 0.9826923076923076 0.1997126436781609 0.9653846153846154 0.1997126436781609
0 0.95 0.5560344827586207 0.95 0.5574712643678161 0.9673076923076923 0.5574712643678161 0.9673076923076923 0.5560344827586207 0.95 0.5560344827586207
0 0.5346153846153846 0.7054597701149425 0.5346153846153846 0.7068965517241379 0.5615384615384615 0.7068965517241379 0.5615384615384615 0.7054597701149425 0.5346153846153846 0.7054597701149425
0 0.31153846153846154 0.2974137931034483 0.31153846153846154 0.2988505747126437 0.325 0.2988505747126437 0.325 0.2974137931034483 0.31153846153846154 0.2974137931034483
0 0.4096153846153846 0.4166666666666667 0.4096153846153846 0.41810344827586204 0.4403846153846154 0.41810344827586204 0.4403846153846154 0.4166666666666667 0.4096153846153846 0.4166666666666667
0 0.2923076923076923 0.10488505747126436 0.2923076923076923 0.10632183908045977 0.29615384615384616 0.10632183908045977 0.29615384615384616 0.10488505747126436 0.2923076923076923 0.10488505747126436
0 1.0826923076923076 0.6982758620689655 1.0826923076923076 0.6997126436781609 1.0942307692307693 0.6997126436781609 1.0942307692307693 0.6982758620689655 1.0826923076923076 0.6982758620689655
0 0.9461538461538461 0.23850574712643677 0.9461538461538461 0.23994252873563218 0.9653846153846154 0.23994252873563218 0.9653846153846154 0.23850574712643677 0.9461538461538461 0.23850574712643677
0 0.24807692307692308 0.16091954022988506 0.24807692307692308 0.16235632183908047 0.25961538461538464 0.16235632183908047 0.25961538461538464 0.16091954022988506 0.24807692307692308 0.16091954022988506
0 0.5269230769230769 0.1939655172413793 0.5269230769230769 0.19540229885057472 0.5365384615384615 0.19540229885057472 0.5365384615384615 0.1939655172413793 0.5269230769230769 0.1939655172413793
0 1.0480769230769231 0.2629310344827586 1.0480769230769231 0.26436781609195403 1.0615384615384615 0.26436781609195403 1.0615384615384615 0.2629310344827586 1.0480769230769231 0.2629310344827586
0 0.03076923076923077 0.39080459770114945 0.03076923076923077 0.3922413793103448 0.051923076923076926 0.3922413793103448 0.051923076923076926 0.39080459770114945 0.03076923076923077 0.39080459770114945
0 1.2192307692307693 0.6192528735632183 1.2192307692307693 0.6206896551724138 1.2442307692307693 0.6206896551724138 1.2442307692307693 0.6192528735632183 1.2192307692307693 0.6192528735632183
0 1.2942307692307693 0.30028735632183906 1.2942307692307693 0.3017241379310345 1.3173076923076923 0.3017241379310345 1.3173076923076923 0.30028735632183906 1.2942307692307693 0.30028735632183906
0 1.1826923076923077 0.34913793103448276 1.1826923076923077 0.3505747126436782 1.2057692307692307 0.3505747126436782 1.2057692307692307 0.34913793103448276 1.1826923076923077 0.34913793103448276
0 1.3346153846153845 0.4540229885057471 1.3346153846153845 0.45545977011494254 1.3384615384615384 0.45545977011494254 1.3384615384615384 0.4540229885057471 1.3346153846153845 0.4540229885057471
0 0.4403846153846154 0.13218390804597702 0.4403846153846154 0.1336206896551724 0.4634615384615385 0.1336206896551724 0.4634615384615385 0.13218390804597702 0.4403846153846154 0.13218390804597702
0 1.1788461538461539 0.4511494252873563 1.1788461538461539 0.4525862068965517 1.1923076923076923 0.4525862068965517 1.1923076923076923 0.4511494252873563 1.1788461538461539 0.4511494252873563
0 0.06346153846153846 0.3563218390804598 0.06346153846153846 0.3577586206896552 0.07307692307692308 0.3577586206896552 0.07307692307692308 0.3563218390804598 0.06346153846153846 0.3563218390804598
0 0.9384615384615385 0.02442528735632184 0.9384615384615385 0.02586206896551724 0.9596153846153846 0.02586206896551724 0.9596153846153846 0.02442528735632184 0.9384615384615385 0.02442528735632184
0 0.6057692307692307 0.14798850574712644 0.6057692307692307 0.14942528735632185 0.6211538461538462 0.14942528735632185 0.6211538461538462 0.14798850574712644 0.6057692307692307 0.14798850574712644
0 0.9403846153846154 0.24568965517241378 0.9403846153846154 0.2471264367816092 0.9538461538461539 0.2471264367816092 0.9538461538461539 0.24568965517241378 0.9403846153846154 0.24568965517241378
0 0.55 0.28879310344827586 0.55 0.29022988505747127 0.5865384615384616 0.29022988505747127 0.5865384615384616 0.28879310344827586 0.55 0.28879310344827586
0 1.2634615384615384 0.5086206896551724 1.2634615384615384 0.5100574712643678 1.2788461538461537 0.5100574712643678 1.2788461538461537 0.5086206896551724 1.2634615384615384 0.5086206896551724
0 0.7134615384615385 0.09770114942528736 0.7134615384615385 0.09913793103448276 0.7288461538461538 0.09913793103448276 0.7288461538461538 0.09770114942528736 0.7134615384615385 0.09770114942528736
0 0.2076923076923077 0.6508620689655172 0.2076923076923077 0.6522988505747126 0.2230769230769231 0.6522988505747126 0.2230769230769231 0.6508620689655172 0.2076923076923077 0.6508620689655172
0 0.4173076923076923 0.3275862068965517 0.4173076923076923 0.3290229885057471 0.4423076923076923 0.3290229885057471 0.4423076923076923 0.3275862068965517 0.4173076923076923 0.3275862068965517
0 0.7634615384615384 0.6149425287356322 0.7634615384615384 0.6163793103448276 0.7673076923076924 0.6163793103448276 0.7673076923076924 0.6149425287356322 0.7634615384615384 0.6149425287356322
0 1.2076923076923076 0.4525862068965517 1.2076923076923076 0.4540229885057471 1.2115384615384615 0.4540229885057471 1.2115384615384615 0.4525862068965517 1.2076923076923076 0.4525862068965517
0 1.1846153846153846 0.06465517241379311 1.1846153846153846 0.06609195402298851 1.2057692307692307 0.06609195402298851 1.2057692307692307 0.06465517241379311 1.1846153846153846 0.06465517241379311
0 0.24423076923076922 0.3850574712643678 0.24423076923076922 0.3864942528735632 0.25576923076923075 0.3864942528735632 0.25576923076923075 0.3850574712643678 0.24423076923076922 0.3850574712643678
0 0.7480769230769231 0.034482758620689655 0.7480769230769231 0.035919540229885055 0.7673076923076924 0.035919540229885055 0.7673076923076924 0.034482758620689655 0.7480769230769231 0.034482758620689655
0 0.7711538461538462 0.5617816091954023 0.7711538461538462 0.5632183908045977 0.7923076923076923 0.5632183908045977 0.7923076923076923 0.5617816091954023 0.7711538461538462 0.5617816091954023
0 0.9807692307692307 0.09770114942528736 0.9807692307692307 0.09913793103448276 0.9846153846153847 0.09913793103448276 0.9846153846153847 0.09770114942528736 0.9807692307692307 0.09770114942528736
0 0.015384615384615385 0.6494252873563219 0.015384615384615385 0.6508620689655172 0.021153846153846155 0.6508620689655172 0.021153846153846155 0.6494252873563219 0.015384615384615385 0.6494252873563219
0 0.7442307692307693 0.2916666666666667 0.7442307692307693 0.29310344827586204 0.7557692307692307 0.29310344827586204 0.7557692307692307 0.2916666666666667 0.7442307692307693 0.2916666666666667
0 1.2942307692307693 0.25 1.2942307692307693 0.2514367816091954 1.3211538461538461 0.2514367816091954 1.3211538461538461 0.25 1.2942307692307693 0.25
0 0.40192307692307694 0.04310344827586207 0.40192307692307694 0.04454022988505747 0.4173076923076923 0.04454022988505747 0.4173076923076923 0.04310344827586207 0.40192307692307694 0.04310344827586207
0 0.7788461538461539 0.2543103448275862 0.7788461538461539 0.2557471264367816 0.7826923076923077 0.2557471264367816 0.7826923076923077 0.2543103448275862 0.7788461538461539 0.2543103448275862
0 0.36346153846153845 0.03017241379310345 0.36346153846153845 0.031609195402298854 0.3730769230769231 0.031609195402298854 0.3730769230769231 0.03017241379310345 0.36346153846153845 0.03017241379310345
0 0.17115384615384616 0.004310344827586207 0.17115384615384616 0.005747126436781609 0.17692307692307693 0.005747126436781609 0.17692307692307693 0.004310344827586207 0.17115384615384616 0.004310344827586207
0 0.5538461538461539 0.7169540229885057 0.5538461538461539 0.7183908045977011 0.5615384615384615 0.7183908045977011 0.5615384615384615 0.7169540229885057 0.5538461538461539 0.7169540229885057
0 0.2692307692307692 0.26580459770114945 0.2692307692307692 0.2672413793103448 0.2826923076923077 0.2672413793103448 0.2826923076923077 0.26580459770114945 0.2692307692307692 0.26580459770114945
0 0.8865384615384615 0.06321839080459771 0.8865384615384615 0.06465517241379311 0.9019230769230769 0.06465517241379311 0.9019230769230769 0.06321839080459771 0.8865384615384615 0.06321839080459771
0 1.2211538461538463 0.3089080459770115 1.2211538461538463 0.3103448275862069 1.2307692307692308 0.3103448275862069 1.2307692307692308 0.3089080459770115 1.2211538461538463 0.3089080459770115
0 0.6461538461538462 0.125 0.6461538461538462 0.12643678160919541 0.6576923076923077 0.12643678160919541 0.6576923076923077 0.125 0.6461538461538462 0.125
0 1.1903846153846154 0.20977011494252873 1.1903846153846154 0.21120689655172414 1.2096153846153845 0.21120689655172414 1.2096153846153845 0.20977011494252873 1.1903846153846154 0.20977011494252873
0 0.7769230769230769 0.2600574712643678 0.7769230769230769 0.2614942528735632 0.8134615384615385 0.2614942528735632 0.8134615384615385 0.2600574712643678 0.7769230769230769 0.2600574712643678
0 0.8923076923076924 0.6867816091954023 0.8923076923076924 0.6882183908045977 0.9 0.6882183908045977 0.9 0.6867816091954023 0.8923076923076924 0.6867816091954023
0 1.0326923076923078 0.3390804597701149 1.0326923076923078 0.34051724137931033 1.05 0.34051724137931033 1.05 0.3390804597701149 1.0326923076923078 0.3390804597701149
0 0.4519230769230769 0.5 0.4519230769230769 0.5014367816091954 0.47115384615384615 0.5014367816091954 0.47115384615384615 0.5 0.4519230769230769 0.5
0 0.5884615384615385 0.4396551724137931 0.5884615384615385 0.4410919540229885 0.6019230769230769 0.4410919540229885 0.6019230769230769 0.4396551724137931 0.5884615384615385 0.4396551724137931
0 0.5653846153846154 0.4942528735632184 0.5653846153846154 0.4956896551724138 0.5692307692307692 0.4956896551724138 0.5692307692307692 0.4942528735632184 0.5653846153846154 0.4942528735632184
0 1.0423076923076924 0.15373563218390804 1.0423076923076924 0.15517241379310345 1.0596153846153846 0.15517241379310345 1.0596153846153846 0.15373563218390804 1.0423076923076924 0.15373563218390804
0 0.5192307692307693 0.7040229885057471 0.5192307692307693 0.7054597701149425 0.5230769230769231 0.7054597701149425 0.5230769230769231 0.7040229885057471 0.5192307692307693 0.7040229885057471
0 0.8865384615384615 0.7227011494252874 0.8865384615384615 0.7241379310344828 0.9115384615384615 0.7241379310344828 0.9115384615384615 0.7227011494252874 0.8865384615384615 0.7227011494252874
0 0.36730769230769234 0.514367816091954 0.36730769230769234 0.5158045977011494 0.3730769230769231 0.5158045977011494 0.3730769230769231 0.514367816091954 0.36730769230769234 0.514367816091954
0 0.7615384615384615 0.603448275862069 0.7615384615384615 0.6048850574712644 0.7826923076923077 0.6048850574712644 0.7826923076923077 0.603448275862069 0.7615384615384615 0.603448275862069
0 0.7096153846153846 0.1824712643678161 0.7096153846153846 0.1839080459770115 0.7173076923076923 0.1839080459770115 0.7173076923076923 0.1824712643678161 0.7096153846153846 0.1824712643678161
0 0.22692307692307692 0.08620689655172414 0.22692307692307692 0.08764367816091954 0.23846153846153847 0.08764367816091954 0.23846153846153847 0.08620689655172414 0.22692307692307692 0.08620689655172414
0 0.4846153846153846 0.47701149425287354 0.4846153846153846 0.47844827586206895 0.49038461538461536 0.47844827586206895 0.49038461538461536 0.47701149425287354 0.4846153846153846 0.47701149425287354
0 1.1057692307692308 0.5445402298850575 1.1057692307692308 0.5459770114942529 1.126923076923077 0.5459770114942529 1.126923076923077 0.5445402298850575 1.1057692307692308 0.5445402298850575
0 0.5230769230769231 0.35344827586206895 0.5230769230769231 0.35488505747126436 0.5269230769230769 0.35488505747126436 0.5269230769230769 0.35344827586206895 0.5230769230769231 0.35344827586206895
0 1.2346153846153847 0.5330459770114943 1.2346153846153847 0.5344827586206896 1.2403846153846154 0.5344827586206896 1.2403846153846154 0.5330459770114943 1.2346153846153847 0.5330459770114943
0 1.1807692307692308 0.7370689655172413 1.1807692307692308 0.7385057471264368 1.1884615384615385 0.7385057471264368 1.1884615384615385 0.7370689655172413 1.1807692307692308 0.7370689655172413
0 0.6230769230769231 0.11063218390804598 0.6230769230769231 0.11206896551724138 0.6384615384615384 0.11206896551724138 0.6384615384615384 0.11063218390804598 0.6230769230769231 0.11063218390804598
0 1.1903846153846154 0.1810344827586207 1.1903846153846154 0.1824712643678161 1.2019230769230769 0.1824712643678161 1.2019230769230769 0.1810344827586207 1.1903846153846154 0.1810344827586207
0 0.3557692307692308 0.3864942528735632 0.3557692307692308 0.3879310344827586 0.36923076923076925 0.3879310344827586 0.36923076923076925 0.3864942528735632 0.3557692307692308 0.3864942528735632
0 0.23076923076923078 0.6580459770114943 0.23076923076923078 0.6594827586206896 0.23461538461538461 0.6594827586206896 0.23461538461538461 0.6580459770114943 0.23076923076923078 0.6580459770114943
0 0.2423076923076923 0.20402298850574713 0.2423076923076923 0.20545977011494254 0.25 0.20545977011494254 0.25 0.20402298850574713 0.2423076923076923 0.20402298850574713
0 0.7307692307692307 0.5977011494252874 0.7307692307692307 0.5991379310344828 0.7403846153846154 0.5991379310344828 0.7403846153846154 0.5977011494252874 0.7307692307692307 0.5977011494252874
0 0.9076923076923077 0.23419540229885058 0.9076923076923077 0.23563218390804597 0.9211538461538461 0.23563218390804597 0.9211538461538461 0.23419540229885058 0.9076923076923077 0.23419540229885058
0 0.40384615384615385 0.07471264367816093 0.40384615384615385 0.07614942528735633 0.4115384615384615 0.07614942528735633 0.4115384615384615 0.07471264367816093 0.40384615384615385 0.07471264367816093
0 1.075 0.07040229885057471 1.075 0.07183908045977011 1.0865384615384615 0.07183908045977011 1.0865384615384615 0.07040229885057471 1.075 0.07040229885057471
0 0.08076923076923077 0.022988505747126436 0.08076923076923077 0.02442528735632184 0.09423076923076923 0.02442528735632184 0.09423076923076923 0.022988505747126436 0.08076923076923077 0.022988505747126436
0 0.9115384615384615 0.2988505747126437 0.9115384615384615 0.30028735632183906 0.9173076923076923 0.30028735632183906 0.9173076923076923 0.2988505747126437 0.9115384615384615 0.2988505747126437
0 0.28846153846153844 0.6048850574712644 0.28846153846153844 0.6063218390804598 0.2923076923076923 0.6063218390804598 0.2923076923076923 0.6048850574712644 0.28846153846153844 0.6048850574712644
0 0.5173076923076924 0.4295977011494253 0.5173076923076924 0.43103448275862066 0.5288461538461539 0.43103448275862066 0.5288461538461539 0.4295977011494253 0.5173076923076924 0.4295977011494253
0 0.10192307692307692 0.39798850574712646 0.10192307692307692 0.3994252873563218 0.10576923076923077 0.3994252873563218 0.10576923076923077 0.39798850574712646 0.10192307692307692 0.39798850574712646
0 1.0 0.11206896551724138 1.0 0.11350574712643678 1.0134615384615384 0.11350574712643678 1.0134615384615384 0.11206896551724138 1.0 0.11206896551724138
0 1.2634615384615384 0.5905172413793104 1.2634615384615384 0.5919540229885057 1.2788461538461537 0.5919540229885057 1.2788461538461537 0.5905172413793104 1.2634615384615384 0.5905172413793104
0 0.8 0.42528735632183906 0.8 0.4267241379310345 0.8115384615384615 0.4267241379310345 0.8115384615384615 0.42528735632183906 0.8 0.42528735632183906
0 0.011538461538461539 0.6839080459770115 0.011538461538461539 0.6853448275862069 0.019230769230769232 0.6853448275862069 0.019230769230769232 0.6839080459770115 0.011538461538461539 0.6839080459770115
0 0.1576923076923077 0.5330459770114943 0.1576923076923077 0.5344827586206896 0.16346153846153846 0.5344827586206896 0.16346153846153846 0.5330459770114943 0.1576923076923077 0.5330459770114943
0 0.023076923076923078 0.4339080459770115 0.023076923076923078 0.4353448275862069 0.03461538461538462 0.4353448275862069 0.03461538461538462 0.4339080459770115 0.023076923076923078 0.4339080459770115
0 0.051923076923076926 0.367816091954023 0.051923076923076926 0.3692528735632184 0.05576923076923077 0.3692528735632184 0.05576923076923077 0.367816091954023 0.051923076923076926 0.367816091954023
0 0.8269230769230769 0.04741379310344827 0.8269230769230769 0.04885057471264368 0.8307692307692308 0.04885057471264368 0.8307692307692308 0.04741379310344827 0.8269230769230769 0.04741379310344827
0 0.33653846153846156 0.5474137931034483 0.33653846153846156 0.5488505747126436 0.35384615384615387 0.5488505747126436 0.35384615384615387 0.5474137931034483 0.33653846153846156 0.5474137931034483
0 1.2442307692307693 0.32471264367816094 1.2442307692307693 0.3261494252873563 1.251923076923077 0.3261494252873563 1.251923076923077 0.32471264367816094 1.2442307692307693 0.32471264367816094
0 0.6096153846153847 0.027298850574712645 0.6096153846153847 0.028735632183908046 0.625 0.028735632183908046 0.625 0.027298850574712645 0.6096153846153847 0.027298850574712645
0 0.6692307692307692 0.6752873563218391 0.6692307692307692 0.6767241379310345 0.7173076923076923 0.6767241379310345 0.7173076923076923 0.6752873563218391 0.6692307692307692 0.6752873563218391
0 0.03461538461538462 0.5416666666666666 0.03461538461538462 0.5431034482758621 0.038461538461538464 0.5431034482758621 0.038461538461538464 0.5416666666666666 0.03461538461538462 0.5416666666666666
0 1.0076923076923077 0.1968390804597701 1.0076923076923077 0.19827586206896552 1.021153846153846 0.19827586206896552 1.021153846153846 0.1968390804597701 1.0076923076923077 0.1968390804597701
0 0.06923076923076923 0.632183908045977 0.06923076923076923 0.6336206896551724 0.07692307692307693 0.6336206896551724 0.07692307692307693 0.632183908045977 0.06923076923076923 0.632183908045977
0 0.1673076923076923 0.10632183908045977 0.1673076923076923 0.10775862068965517 0.17692307692307693 0.10775862068965517 0.17692307692307693 0.10632183908045977 0.1673076923076923 0.10632183908045977
0 0.4076923076923077 0.6192528735632183 0.4076923076923077 0.6206896551724138 0.4442307692307692 0.6206896551724138 0.4442307692307692 0.6192528735632183 0.4076923076923077 0.6192528735632183
0 0.5096153846153846 0.31896551724137934 0.5096153846153846 0.3204022988505747 0.5307692307692308 0.3204022988505747 0.5307692307692308 0.31896551724137934 0.5096153846153846 0.31896551724137934
0 0.8403846153846154 0.6350574712643678 0.8403846153846154 0.6364942528735632 0.8653846153846154 0.6364942528735632 0.8653846153846154 0.6350574712643678 0.8403846153846154 0.6350574712643678
0 0.038461538461538464 0.16954022988505746 0.038461538461538464 0.17097701149425287 0.04807692307692308 0.17097701149425287 0.04807692307692308 0.16954022988505746 0.038461538461538464 0.16954022988505746
0 0.4288461538461538 0.735632183908046 0.4288461538461538 0.7370689655172413 0.43846153846153846 0.7370689655172413 0.43846153846153846 0.735632183908046 0.4288461538461538 0.735632183908046