0 0.15234375 0.60625 0.15234375 0.609375 0.1953125 0.609375 0.1953125 0.60625 0.15234375 0.60625
0 0.0 0.6625 0.0 0.665625 0.00390625 0.665625 0.00390625 0.6625 0.0 0.6625
0 0.96875 0.534375 0.96875 0.5375 1.0234375 0.5375 1.0234375 0.534375 0.96875 0.534375
0 0.45703125 0.30625 0.45703125 0.309375 0.4765625 0.309375 0.4765625 0.30625 0.45703125 0.30625
0 1.00390625 0.28125 1.00390625 0.284375 1.03515625 0.284375 1.03515625 0.28125 1.00390625 0.28125
0 0.41796875 0.16875 0.41796875 0.171875 0.4375 0.171875 0.4375 0.16875 0.41796875 0.16875
0 0.25 0.534375 0.25 0.5375 0.25390625 0.5375 0.25390625 0.534375 0.25 0.534375
0 0.28515625 0.003125 0.28515625 0.00625 0.3828125 0.00625 0.3828125 0.003125 0.28515625 0.003125
0 0.17578125 0.215625 0.17578125 0.21875 0.21484375 0.21875 0.21484375 0.215625 0.17578125 0.215625
0 1.0 0.1875 1.0 0.190625 1.00390625 0.190625 1.00390625 0.1875 1.0 0.1875
0 0.65234375 0.0 0.65234375 0.003125 0.734375 0.003125 0.734375 0.0 0.65234375 0.0
0 0.640625 0.353125 0.640625 0.35625 0.67578125 0.35625 0.67578125 0.353125 0.640625 0.353125
0 0.26953125 0.065625 0.26953125 0.06875 0.3046875 0.06875 0.3046875 0.065625 0.26953125 0.065625
0 0.23046875 0.175 0.23046875 0.178125 0.31640625 0.178125 0.31640625 0.175 0.23046875 0.175