0 0.3096153846153846 0.01867816091954023 0.3096153846153846 0.020114942528735632 0.3153846153846154 0.020114942528735632 0.3153846153846154 0.01867816091954023 0.3096153846153846 0.01867816091954023
0 1.0134615384615384 0.5272988505747126 1.0134615384615384 0.5287356321839081 1.051923076923077 0.5287356321839081 1.051923076923077 0.5272988505747126 1.0134615384615384 0.5272988505747126
0 1.0923076923076922 0.03879310344827586 1.0923076923076922 0.040229885057471264 1.1442307692307692 0.040229885057471264 1.1442307692307692 0.03879310344827586 1.0923076923076922 0.03879310344827586
0 0.3326923076923077 0.7313218390804598 0.3326923076923077 0.7327586206896551 0.3384615384615385 0.7327586206896551 0.3384615384615385 0.7313218390804598 0.3326923076923077 0.7313218390804598
0 0.9038461538461539 0.3764367816091954 0.9038461538461539 0.37787356321839083 0.9288461538461539 0.37787356321839083 0.9288461538461539 0.3764367816091954 0.9038461538461539 0.3764367816091954
0 0.4807692307692308 0.6091954022988506 0.4807692307692308 0.610632183908046 0.49230769230769234 0.610632183908046 0.49230769230769234 0.6091954022988506 0.4807692307692308 0.6091954022988506
0 1.198076923076923 0.21551724137931033 1.198076923076923 0.21695402298850575 1.2115384615384615 0.21695402298850575 1.2115384615384615 0.21551724137931033 1.198076923076923 0.21551724137931033
0 0.45576923076923076 0.3089080459770115 0.45576923076923076 0.3103448275862069 0.46153846153846156 0.3103448275862069 0.46153846153846156 0.3089080459770115 0.45576923076923076 0.3089080459770115
0 0.06346153846153846 0.0 0.06346153846153846 0.0014367816091954023 0.13076923076923078 0.0014367816091954023 0.13076923076923078 0.0 0.06346153846153846 0.0
0 1.0576923076923077 0.05459770114942529 1.0576923076923077 0.05603448275862069 1.075 0.05603448275862069 1.075 0.05459770114942529 1.0576923076923077 0.05459770114942529
0 0.04038461538461539 0.6781609195402298 0.04038461538461539 0.6795977011494253 0.06153846153846154 0.6795977011494253 0.06153846153846154 0.6781609195402298 0.04038461538461539 0.6781609195402298
0 0.4480769230769231 0.11637931034482758 0.4480769230769231 0.11781609195402298 0.4576923076923077 0.11781609195402298 0.4576923076923077 0.11637931034482758 0.4480769230769231 0.11637931034482758
0 0.8134615384615385 0.4540229885057471 0.8134615384615385 0.45545977011494254 0.8461538461538461 0.45545977011494254 0.8461538461538461 0.4540229885057471 0.8134615384615385 0.4540229885057471
0 0.11730769230769231 0.7040229885057471 0.11730769230769231 0.7054597701149425 0.1423076923076923 0.7054597701149425 0.1423076923076923 0.7040229885057471 0.11730769230769231 0.7040229885057471
0 0.5769230769230769 0.5718390804597702 0.5769230769230769 0.5732758620689655 0.6019230769230769 0.5732758620689655 0.6019230769230769 0.5718390804597702 0.5769230769230769 0.5718390804597702
0 0.6307692307692307 0.010057471264367816 0.6307692307692307 0.011494252873563218 0.6384615384615384 0.011494252873563218 0.6384615384615384 0.010057471264367816 0.6307692307692307 0.010057471264367816
0 0.7692307692307693 0.6910919540229885 0.7692307692307693 0.6925287356321839 0.775 0.6925287356321839 0.775 0.6910919540229885 0.7692307692307693 0.6910919540229885
0 0.5076923076923077 0.6063218390804598 0.5076923076923077 0.6077586206896551 0.5230769230769231 0.6077586206896551 0.5230769230769231 0.6063218390804598 0.5076923076923077 0.6063218390804598
0 0.7961538461538461 0.4813218390804598 0.7961538461538461 0.4827586206896552 0.8 0.4827586206896552 0.8 0.4813218390804598 0.7961538461538461 0.4813218390804598
0 0.22884615384615384 0.4942528735632184 0.22884615384615384 0.4956896551724138 0.24423076923076922 0.4956896551724138 0.24423076923076922 0.4942528735632184 0.22884615384615384 0.4942528735632184
0 0.95 0.4425287356321839 0.95 0.44396551724137934 0.9769230769230769 0.44396551724137934 0.9769230769230769 0.4425287356321839 0.95 0.4425287356321839
0 0.36346153846153845 0.09626436781609195 0.36346153846153845 0.09770114942528736 0.36730769230769234 0.09770114942528736 0.36730769230769234 0.09626436781609195 0.36346153846153845 0.09626436781609195
0 0.6942307692307692 0.0 0.6942307692307692 0.0014367816091954023 0.7365384615384616 0.0014367816091954023 0.7365384615384616 0.0 0.6942307692307692 0.0
0 0.13653846153846153 0.4281609195402299 0.13653846153846153 0.4295977011494253 0.13846153846153847 0.4295977011494253 0.13846153846153847 0.4281609195402299 0.13653846153846153 0.4281609195402299
0 1.146153846153846 0.1810344827586207 1.146153846153846 0.1824712643678161 1.1634615384615385 0.1824712643678161 1.1634615384615385 0.1810344827586207 1.146153846153846 0.1810344827586207
0 0.48653846153846153 0.5373563218390804 0.48653846153846153 0.5387931034482759 0.5019230769230769 0.5387931034482759 0.5019230769230769 0.5373563218390804 0.48653846153846153 0.5373563218390804
0 0.21346153846153845 0.5 0.21346153846153845 0.5014367816091954 0.2153846153846154 0.5014367816091954 0.2153846153846154 0.5 0.21346153846153845 0.5
0 0.8173076923076923 0.7212643678160919 0.8173076923076923 0.7227011494252874 0.8307692307692308 0.7227011494252874 0.8307692307692308 0.7212643678160919 0.8173076923076923 0.7212643678160919
0 0.8961538461538462 0.7169540229885057 0.8961538461538462 0.7183908045977011 0.9096153846153846 0.7183908045977011 0.9096153846153846 0.7169540229885057 0.8961538461538462 0.7169540229885057
0 0.5269230769230769 0.3764367816091954 0.5269230769230769 0.37787356321839083 0.5538461538461539 0.37787356321839083 0.5538461538461539 0.3764367816091954 0.5269230769230769 0.3764367816091954
0 1.325 0.5948275862068966 1.325 0.5962643678160919 1.3384615384615384 0.5962643678160919 1.3384615384615384 0.5948275862068966 1.325 0.5948275862068966
0 0.6788461538461539 0.1839080459770115 0.6788461538461539 0.1853448275862069 0.6884615384615385 0.1853448275862069 0.6884615384615385 0.1839080459770115 0.6788461538461539 0.1839080459770115
0 0.10961538461538461 0.7140804597701149 0.10961538461538461 0.7155172413793104 0.125 0.7155172413793104 0.125 0.7140804597701149 0.10961538461538461 0.7140804597701149
0 0.17884615384615385 0.21695402298850575 0.17884615384615385 0.21839080459770116 0.18846153846153846 0.21839080459770116 0.18846153846153846 0.21695402298850575 0.17884615384615385 0.21695402298850575
0 0.19038461538461537 0.29454022988505746 0.19038461538461537 0.2959770114942529 0.19423076923076923 0.2959770114942529 0.19423076923076923 0.29454022988505746 0.19038461538461537 0.29454022988505746
0 0.7173076923076923 0.2974137931034483 0.7173076923076923 0.2988505747126437 0.7288461538461538 0.2988505747126437 0.7288461538461538 0.2974137931034483 0.7173076923076923 0.2974137931034483
0 0.6846153846153846 0.12931034482758622 0.6846153846153846 0.1307471264367816 0.698076923076923 0.1307471264367816 0.698076923076923 0.12931034482758622 0.6846153846153846 0.12931034482758622
0 0.6576923076923077 0.22844827586206898 0.6576923076923077 0.22988505747126436 0.6711538461538461 0.22988505747126436 0.6711538461538461 0.22844827586206898 0.6576923076923077 0.22844827586206898
0 0.4596153846153846 0.021551724137931036 0.4596153846153846 0.022988505747126436 0.4653846153846154 0.022988505747126436 0.4653846153846154 0.021551724137931036 0.4596153846153846 0.021551724137931036