0 1.0461538461538462 0.14942528735632185 1.0461538461538462 0.15086206896551724 1.0653846153846154 0.15086206896551724 1.0653846153846154 0.14942528735632185 1.0461538461538462 0.14942528735632185
0 1.0557692307692308 0.040229885057471264 1.0557692307692308 0.041666666666666664 1.073076923076923 0.041666666666666664 1.073076923076923 0.040229885057471264 1.0557692307692308 0.040229885057471264
0 0.09615384615384616 0.22844827586206898 0.09615384615384616 0.22988505747126436 0.10384615384615385 0.22988505747126436 0.10384615384615385 0.22844827586206898 0.09615384615384616 0.22844827586206898
0 0.39615384615384613 0.7097701149425287 0.39615384615384613 0.7112068965517241 0.40576923076923077 0.7112068965517241 0.40576923076923077 0.7097701149425287 0.39615384615384613 0.7097701149425287
0 0.18461538461538463 0.3218390804597701 0.18461538461538463 0.3232758620689655 0.19038461538461537 0.3232758620689655 0.19038461538461537 0.3218390804597701 0.18461538461538463 0.3218390804597701
0 0.3038461538461538 0.14080459770114942 0.3038461538461538 0.14224137931034483 0.3096153846153846 0.14224137931034483 0.3096153846153846 0.14080459770114942 0.3038461538461538 0.14080459770114942
0 1.1942307692307692 0.7011494252873564 1.1942307692307692 0.7025862068965517 1.2134615384615384 0.7025862068965517 1.2134615384615384 0.7011494252873564 1.1942307692307692 0.7011494252873564
0 0.7115384615384616 0.41235632183908044 0.7115384615384616 0.41379310344827586 0.7288461538461538 0.41379310344827586 0.7288461538461538 0.41235632183908044 0.7115384615384616 0.41235632183908044
0 1.1403846153846153 0.39511494252873564 1.1403846153846153 0.39655172413793105 1.146153846153846 0.39655172413793105 1.146153846153846 0.39511494252873564 1.1403846153846153 0.39511494252873564
0 1.25 0.01867816091954023 1.25 0.020114942528735632 1.2538461538461538 0.020114942528735632 1.2538461538461538 0.01867816091954023 1.25 0.01867816091954023
0 0.926923076923077 0.0 0.926923076923077 0.0014367816091954023 1.0 0.0014367816091954023 1.0 0.0 0.926923076923077 0.0
0 0.8403846153846154 0.3706896551724138 0.8403846153846154 0.37212643678160917 0.8461538461538461 0.37212643678160917 0.8461538461538461 0.3706896551724138 0.8403846153846154 0.3706896551724138
0 0.9788461538461538 0.10775862068965517 0.9788461538461538 0.10919540229885058 0.9903846153846154 0.10919540229885058 0.9903846153846154 0.10775862068965517 0.9788461538461538 0.10775862068965517
0 1.0173076923076922 0.28304597701149425 1.0173076923076922 0.28448275862068967 1.025 0.28448275862068967 1.025 0.28304597701149425 1.0173076923076922 0.28304597701149425
0 0.6923076923076923 0.7399425287356322 0.6923076923076923 0.7413793103448276 0.6961538461538461 0.7413793103448276 0.6961538461538461 0.7399425287356322 0.6923076923076923 0.7399425287356322
0 1.2346153846153847 0.25 1.2346153846153847 0.2514367816091954 1.248076923076923 0.2514367816091954 1.248076923076923 0.25 1.2346153846153847 0.25
0 0.6961538461538461 0.0 0.6961538461538461 0.0014367816091954023 0.775 0.0014367816091954023 0.775 0.0 0.6961538461538461 0.0
0 0.551923076923077 0.5704022988505747 0.551923076923077 0.5718390804597702 0.5615384615384615 0.5718390804597702 0.5615384615384615 0.5704022988505747 0.551923076923077 0.5704022988505747
0 0.8730769230769231 0.1839080459770115 0.8730769230769231 0.1853448275862069 0.8769230769230769 0.1853448275862069 0.8769230769230769 0.1839080459770115 0.8730769230769231 0.1839080459770115
0 1.0961538461538463 0.16666666666666666 1.0961538461538463 0.16810344827586207 1.1153846153846154 0.16810344827586207 1.1153846153846154 0.16666666666666666 1.0961538461538463 0.16666666666666666
0 0.2692307692307692 0.5344827586206896 0.2692307692307692 0.5359195402298851 0.2903846153846154 0.5359195402298851 0.2903846153846154 0.5344827586206896 0.2692307692307692 0.5344827586206896
0 0.8807692307692307 0.14942528735632185 0.8807692307692307 0.15086206896551724 0.8923076923076924 0.15086206896551724 0.8923076923076924 0.14942528735632185 0.8807692307692307 0.14942528735632185
0 0.12115384615384615 0.35919540229885055 0.12115384615384615 0.36063218390804597 0.1326923076923077 0.36063218390804597 0.1326923076923077 0.35919540229885055 0.12115384615384615 0.35919540229885055
0 0.023076923076923078 0.6379310344827587 0.023076923076923078 0.639367816091954 0.05 0.639367816091954 0.05 0.6379310344827587 0.023076923076923078 0.6379310344827587
0 1.103846153846154 0.45689655172413796 1.103846153846154 0.4583333333333333 1.1076923076923078 0.4583333333333333 1.1076923076923078 0.45689655172413796 1.103846153846154 0.45689655172413796
0 0.6384615384615384 0.6149425287356322 0.6384615384615384 0.6163793103448276 0.6480769230769231 0.6163793103448276 0.6480769230769231 0.6149425287356322 0.6384615384615384 0.6149425287356322
0 0.9230769230769231 0.6408045977011494 0.9230769230769231 0.6422413793103449 0.9326923076923077 0.6422413793103449 0.9326923076923077 0.6408045977011494 0.9230769230769231 0.6408045977011494
0 0.3076923076923077 0.5675287356321839 0.3076923076923077 0.5689655172413793 0.31153846153846154 0.5689655172413793 0.31153846153846154 0.5675287356321839 0.3076923076923077 0.5675287356321839
0 1.2673076923076922 0.20545977011494254 1.2673076923076922 0.20689655172413793 1.2903846153846155 0.20689655172413793 1.2903846153846155 0.20545977011494254 1.2673076923076922 0.20545977011494254
0 1.3115384615384615 0.22988505747126436 1.3115384615384615 0.23132183908045978 1.323076923076923 0.23132183908045978 1.323076923076923 0.22988505747126436 1.3115384615384615 0.22988505747126436
0 0.0019230769230769232 0.6537356321839081 0.0019230769230769232 0.6551724137931034 0.0057692307692307696 0.6551724137931034 0.0057692307692307696 0.6537356321839081 0.0019230769230769232 0.6537356321839081
0 1.3115384615384615 0.5158045977011494 1.3115384615384615 0.5172413793103449 1.3153846153846154 0.5172413793103449 1.3153846153846154 0.5158045977011494 1.3115384615384615 0.5158045977011494
0 0.27307692307692305 0.27155172413793105 0.27307692307692305 0.27298850574712646 0.29423076923076924 0.27298850574712646 0.29423076923076924 0.27155172413793105 0.27307692307692305 0.27155172413793105
0 0.5480769230769231 0.1839080459770115 0.5480769230769231 0.1853448275862069 0.5538461538461539 0.1853448275862069 0.5538461538461539 0.1839080459770115 0.5480769230769231 0.1839080459770115
0 1.2076923076923076 0.7227011494252874 1.2076923076923076 0.7241379310344828 1.226923076923077 0.7241379310344828 1.226923076923077 0.7227011494252874 1.2076923076923076 0.7227011494252874
0 1.2788461538461537 0.5617816091954023 1.2788461538461537 0.5632183908045977 1.2826923076923078 0.5632183908045977 1.2826923076923078 0.5617816091954023 1.2788461538461537 0.5617816091954023
0 0.5961538461538461 0.031609195402298854 0.5961538461538461 0.033045977011494254 0.6 0.033045977011494254 0.6 0.031609195402298854 0.5961538461538461 0.031609195402298854
0 1.123076923076923 0.15229885057471265 1.123076923076923 0.15373563218390804 1.126923076923077 0.15373563218390804 1.126923076923077 0.15229885057471265 1.123076923076923 0.15229885057471265
0 0.7557692307692307 0.5459770114942529 0.7557692307692307 0.5474137931034483 0.7634615384615384 0.5474137931034483 0.7634615384615384 0.5459770114942529 0.7557692307692307 0.5459770114942529
0 0.6942307692307692 0.3620689655172414 0.6942307692307692 0.3635057471264368 0.7019230769230769 0.3635057471264368 0.7019230769230769 0.3620689655172414 0.6942307692307692 0.3620689655172414
0 1.248076923076923 0.40948275862068967 1.248076923076923 0.4109195402298851 1.2596153846153846 0.4109195402298851 1.2596153846153846 0.40948275862068967 1.248076923076923 0.40948275862068967
0 0.4 0.0 0.4 0.0014367816091954023 0.4230769230769231 0.0014367816091954023 0.4230769230769231 0.0 0.4 0.0
0 0.25961538461538464 0.008620689655172414 0.25961538461538464 0.010057471264367816 0.28846153846153844 0.010057471264367816 0.28846153846153844 0.008620689655172414 0.25961538461538464 0.008620689655172414
0 0.25576923076923075 0.45545977011494254 0.25576923076923075 0.45689655172413796 0.26346153846153847 0.45689655172413796 0.26346153846153847 0.45545977011494254 0.25576923076923075 0.45545977011494254
0 0.4230769230769231 0.2988505747126437 0.4230769230769231 0.30028735632183906 0.4307692307692308 0.30028735632183906 0.4307692307692308 0.2988505747126437 0.4230769230769231 0.2988505747126437
0 0.625 0.06896551724137931 0.625 0.07040229885057471 0.6615384615384615 0.07040229885057471 0.6615384615384615 0.06896551724137931 0.625 0.06896551724137931
0 0.0 0.0 0.0 0.0014367816091954023 0.032692307692307694 0.0014367816091954023 0.032692307692307694 0.0 0.0 0.0
0 0.6730769230769231 0.6623563218390804 0.6730769230769231 0.6637931034482759 0.6865384615384615 0.6637931034482759 0.6865384615384615 0.6623563218390804 0.6730769230769231 0.6623563218390804
0 0.06538461538461539 0.5129310344827587 0.06538461538461539 0.514367816091954 0.06923076923076923 0.514367816091954 0.06923076923076923 0.5129310344827587 0.06538461538461539 0.5129310344827587
0 0.2903846153846154 0.0 0.2903846153846154 0.0014367816091954023 0.3076923076923077 0.0014367816091954023 0.3076923076923077 0.0 0.2903846153846154 0.0
0 0.6192307692307693 0.4985632183908046 0.6192307692307693 0.5 0.6346153846153846 0.5 0.6346153846153846 0.4985632183908046 0.6192307692307693 0.4985632183908046
0 1.2692307692307692 0.12643678160919541 1.2692307692307692 0.1278735632183908 1.2884615384615385 0.1278735632183908 1.2884615384615385 0.12643678160919541 1.2692307692307692 0.12643678160919541
0 0.7211538461538461 0.17097701149425287 0.7211538461538461 0.1724137931034483 0.7230769230769231 0.1724137931034483 0.7230769230769231 0.17097701149425287 0.7211538461538461 0.17097701149425287
0 0.04423076923076923 0.5919540229885057 0.04423076923076923 0.5933908045977011 0.06153846153846154 0.5933908045977011 0.06153846153846154 0.5919540229885057 0.04423076923076923 0.5919540229885057
0 0.46923076923076923 0.0 0.46923076923076923 0.0014367816091954023 0.5096153846153846 0.0014367816091954023 0.5096153846153846 0.0 0.46923076923076923 0.0
0 0.12115384615384615 0.19827586206896552 0.12115384615384615 0.1997126436781609 0.14615384615384616 0.1997126436781609 0.14615384615384616 0.19827586206896552 0.12115384615384615 0.19827586206896552
0 0.38269230769230766 0.28879310344827586 0.38269230769230766 0.29022988505747127 0.3942307692307692 0.29022988505747127 0.3942307692307692 0.28879310344827586 0.38269230769230766 0.28879310344827586
0 0.5096153846153846 0.3103448275862069 0.5096153846153846 0.3117816091954023 0.5211538461538462 0.3117816091954023 0.5211538461538462 0.3103448275862069 0.5096153846153846 0.3103448275862069
0 0.0 0.35344827586206895 0.0 0.35488505747126436 0.0057692307692307696 0.35488505747126436 0.0057692307692307696 0.35344827586206895 0.0 0.35344827586206895
0 0.55 0.08908045977011494 0.55 0.09051724137931035 0.5538461538461539 0.09051724137931035 0.5538461538461539 0.08908045977011494 0.55 0.08908045977011494
0 0.40576923076923077 0.4425287356321839 0.40576923076923077 0.44396551724137934 0.4153846153846154 0.44396551724137934 0.4153846153846154 0.4425287356321839 0.40576923076923077 0.4425287356321839
0 0.14615384615384616 0.08620689655172414 0.14615384615384616 0.08764367816091954 0.15384615384615385 0.08764367816091954 0.15384615384615385 0.08620689655172414 0.14615384615384616 0.08620689655172414
0 0.7846153846153846 0.6551724137931034 0.7846153846153846 0.6566091954022989 0.7980769230769231 0.6566091954022989 0.7980769230769231 0.6551724137931034 0.7846153846153846 0.6551724137931034
0 0.5653846153846154 0.4454022988505747 0.5653846153846154 0.4468390804597701 0.5826923076923077 0.4468390804597701 0.5826923076923077 0.4454022988505747 0.5653846153846154 0.4454022988505747
0 0.07307692307692308 0.3735632183908046 0.07307692307692308 0.375 0.09038461538461538 0.375 0.09038461538461538 0.3735632183908046 0.07307692307692308 0.3735632183908046
0 0.575 0.4985632183908046 0.575 0.5 0.5826923076923077 0.5 0.5826923076923077 0.4985632183908046 0.575 0.4985632183908046
0 0.3923076923076923 0.27586206896551724 0.3923076923076923 0.27729885057471265 0.4115384615384615 0.27729885057471265 0.4115384615384615 0.27586206896551724 0.3923076923076923 0.27586206896551724
0 0.4634615384615385 0.5272988505747126 0.4634615384615385 0.5287356321839081 0.46923076923076923 0.5287356321839081 0.46923076923076923 0.5272988505747126 0.4634615384615385 0.5272988505747126
0 1.0557692307692308 0.7083333333333334 1.0557692307692308 0.7097701149425287 1.0711538461538461 0.7097701149425287 1.0711538461538461 0.7083333333333334 1.0557692307692308 0.7083333333333334
0 0.07307692307692308 0.33045977011494254 0.07307692307692308 0.33189655172413796 0.08653846153846154 0.33189655172413796 0.08653846153846154 0.33045977011494254 0.07307692307692308 0.33045977011494254
0 0.3057692307692308 0.4899425287356322 0.3057692307692308 0.49137931034482757 0.31346153846153846 0.49137931034482757 0.31346153846153846 0.4899425287356322 0.3057692307692308 0.4899425287356322
0 0.49038461538461536 0.22126436781609196 0.49038461538461536 0.22270114942528735 0.49423076923076925 0.22270114942528735 0.49423076923076925 0.22126436781609196 0.49038461538461536 0.22126436781609196
0 0.36153846153846153 0.5086206896551724 0.36153846153846153 0.5100574712643678 0.3769230769230769 0.5100574712643678 0.3769230769230769 0.5086206896551724 0.36153846153846153 0.5086206896551724
0 0.3903846153846154 0.7442528735632183 0.3903846153846154 0.7456896551724138 0.4 0.7456896551724138 0.4 0.7442528735632183 0.3903846153846154 0.7442528735632183
0 1.15 0.6063218390804598 1.15 0.6077586206896551 1.1673076923076924 0.6077586206896551 1.1673076923076924 0.6063218390804598 1.15 0.6063218390804598
0 0.7903846153846154 0.4640804597701149 0.7903846153846154 0.46551724137931033 0.801923076923077 0.46551724137931033 0.801923076923077 0.4640804597701149 0.7903846153846154 0.4640804597701149
0 0.6711538461538461 0.13218390804597702 0.6711538461538461 0.1336206896551724 0.6942307692307692 0.1336206896551724 0.6942307692307692 0.13218390804597702 0.6711538461538461 0.13218390804597702
0 0.7326923076923076 0.12931034482758622 0.7326923076923076 0.1307471264367816 0.7480769230769231 0.1307471264367816 0.7480769230769231 0.12931034482758622 0.7326923076923076 0.12931034482758622
0 0.2230769230769231 0.6135057471264368 0.2230769230769231 0.6149425287356322 0.22884615384615384 0.6149425287356322 0.22884615384615384 0.6135057471264368 0.2230769230769231 0.6135057471264368
0 0.35384615384615387 0.03879310344827586 0.35384615384615387 0.040229885057471264 0.36153846153846153 0.040229885057471264 0.36153846153846153 0.03879310344827586 0.35384615384615387 0.03879310344827586
0 0.36346153846153845 0.44971264367816094 0.36346153846153845 0.4511494252873563 0.38269230769230766 0.4511494252873563 0.38269230769230766 0.44971264367816094 0.36346153846153845 0.44971264367816094
0 0.3173076923076923 0.0 0.3173076923076923 0.0014367816091954023 0.34423076923076923 0.0014367816091954023 0.34423076923076923 0.0 0.3173076923076923 0.0
0 1.2634615384615384 0.632183908045977 1.2634615384615384 0.6336206896551724 1.275 0.6336206896551724 1.275 0.632183908045977 1.2634615384615384 0.632183908045977
0 1.3346153846153845 0.5186781609195402 1.3346153846153845 0.5201149425287356 1.3384615384615384 0.5201149425287356 1.3384615384615384 0.5186781609195402 1.3346153846153845 0.5186781609195402
0 0.5653846153846154 0.34339080459770116 0.5653846153846154 0.3448275862068966 0.5711538461538461 0.3448275862068966 0.5711538461538461 0.34339080459770116 0.5653846153846154 0.34339080459770116
0 0.9942307692307693 0.09195402298850575 0.9942307692307693 0.09339080459770115 1.0057692307692307 0.09339080459770115 1.0057692307692307 0.09195402298850575 0.9942307692307693 0.09195402298850575
0 0.06346153846153846 0.15229885057471265 0.06346153846153846 0.15373563218390804 0.09423076923076923 0.15373563218390804 0.09423076923076923 0.15229885057471265 0.06346153846153846 0.15229885057471265
0 0.45384615384615384 0.5086206896551724 0.45384615384615384 0.5100574712643678 0.4673076923076923 0.5100574712643678 0.4673076923076923 0.5086206896551724 0.45384615384615384 0.5086206896551724
0 0.47115384615384615 0.6005747126436781 0.47115384615384615 0.6020114942528736 0.4807692307692308 0.6020114942528736 0.4807692307692308 0.6005747126436781 0.47115384615384615 0.6005747126436781
0 0.9076923076923077 0.10775862068965517 0.9076923076923077 0.10919540229885058 0.9153846153846154 0.10919540229885058 0.9153846153846154 0.10775862068965517 0.9076923076923077 0.10775862068965517
0 0.3576923076923077 0.7083333333333334 0.3576923076923077 0.7097701149425287 0.37115384615384617 0.7097701149425287 0.37115384615384617 0.7083333333333334 0.3576923076923077 0.7083333333333334
0 0.5769230769230769 0.08620689655172414 0.5769230769230769 0.08764367816091954 0.5884615384615385 0.08764367816091954 0.5884615384615385 0.08620689655172414 0.5769230769230769 0.08620689655172414