0 1.075 0.1968390804597701 1.075 0.19827586206896552 1.0961538461538463 0.19827586206896552 1.0961538461538463 0.1968390804597701 1.075 0.1968390804597701
0 1.0884615384615384 0.6882183908045977 1.0884615384615384 0.6896551724137931 1.1057692307692308 0.6896551724137931 1.1057692307692308 0.6882183908045977 1.0884615384615384 0.6882183908045977
0 0.275 0.5790229885057471 0.275 0.5804597701149425 0.29423076923076924 0.5804597701149425 0.29423076923076924 0.5790229885057471 0.275 0.5790229885057471
0 0.7403846153846154 0.09339080459770115 0.7403846153846154 0.09482758620689655 0.7461538461538462 0.09482758620689655 0.7461538461538462 0.09339080459770115 0.7403846153846154 0.09339080459770115
0 0.3038461538461538 0.4870689655172414 0.3038461538461538 0.4885057471264368 0.3269230769230769 0.4885057471264368 0.3269230769230769 0.4870689655172414 0.3038461538461538 0.4870689655172414
0 1.2403846153846154 0.4511494252873563 1.2403846153846154 0.4525862068965517 1.25 0.4525862068965517 1.25 0.4511494252873563 1.2403846153846154 0.4511494252873563
0 0.28846153846153844 0.48563218390804597 0.28846153846153844 0.4870689655172414 0.2980769230769231 0.4870689655172414 0.2980769230769231 0.48563218390804597 0.28846153846153844 0.48563218390804597
0 1.1730769230769231 0.6063218390804598 1.1730769230769231 0.6077586206896551 1.1826923076923077 0.6077586206896551 1.1826923076923077 0.6063218390804598 1.1730769230769231 0.6063218390804598
0 0.5980769230769231 0.04454022988505747 0.5980769230769231 0.04597701149425287 0.6269230769230769 0.04597701149425287 0.6269230769230769 0.04454022988505747 0.5980769230769231 0.04454022988505747
0 0.8961538461538462 0.728448275862069 0.8961538461538462 0.7298850574712644 0.9115384615384615 0.7298850574712644 0.9115384615384615 0.728448275862069 0.8961538461538462 0.728448275862069
0 0.07884615384615384 0.3261494252873563 0.07884615384615384 0.3275862068965517 0.09423076923076923 0.3275862068965517 0.09423076923076923 0.3261494252873563 0.07884615384615384 0.3261494252873563
0 0.9326923076923077 0.34626436781609193 0.9326923076923077 0.34770114942528735 0.9384615384615385 0.34770114942528735 0.9384615384615385 0.34626436781609193 0.9326923076923077 0.34626436781609193
0 1.2153846153846153 0.21982758620689655 1.2153846153846153 0.22126436781609196 1.2211538461538463 0.22126436781609196 1.2211538461538463 0.21982758620689655 1.2153846153846153 0.21982758620689655
0 0.926923076923077 0.646551724137931 0.926923076923077 0.6479885057471264 0.9615384615384616 0.6479885057471264 0.9615384615384616 0.646551724137931 0.926923076923077 0.646551724137931
0 0.7480769230769231 0.37787356321839083 0.7480769230769231 0.3793103448275862 0.7711538461538462 0.3793103448275862 0.7711538461538462 0.37787356321839083 0.7480769230769231 0.37787356321839083
0 1.0038461538461538 0.21551724137931033 1.0038461538461538 0.21695402298850575 1.021153846153846 0.21695402298850575 1.021153846153846 0.21551724137931033 1.0038461538461538 0.21551724137931033
0 0.9134615384615384 0.3692528735632184 0.9134615384615384 0.3706896551724138 0.925 0.3706896551724138 0.925 0.3692528735632184 0.9134615384615384 0.3692528735632184
0 0.9788461538461538 0.6048850574712644 0.9788461538461538 0.6063218390804598 0.9942307692307693 0.6063218390804598 0.9942307692307693 0.6048850574712644 0.9788461538461538 0.6048850574712644
0 0.3211538461538462 0.735632183908046 0.3211538461538462 0.7370689655172413 0.3557692307692308 0.7370689655172413 0.3557692307692308 0.735632183908046 0.3211538461538462 0.735632183908046
0 0.6615384615384615 0.14224137931034483 0.6615384615384615 0.14367816091954022 0.6826923076923077 0.14367816091954022 0.6826923076923077 0.14224137931034483 0.6615384615384615 0.14224137931034483
0 1.2634615384615384 0.1235632183908046 1.2634615384615384 0.125 1.2846153846153847 0.125 1.2846153846153847 0.1235632183908046 1.2634615384615384 0.1235632183908046
0 1.2211538461538463 0.008620689655172414 1.2211538461538463 0.010057471264367816 1.2615384615384615 0.010057471264367816 1.2615384615384615 0.008620689655172414 1.2211538461538463 0.008620689655172414
0 0.7980769230769231 0.0 0.7980769230769231 0.0014367816091954023 0.8788461538461538 0.0014367816091954023 0.8788461538461538 0.0 0.7980769230769231 0.0
0 0.8153846153846154 0.7054597701149425 0.8153846153846154 0.7068965517241379 0.8173076923076923 0.7068965517241379 0.8173076923076923 0.7054597701149425 0.8153846153846154 0.7054597701149425
0 0.5807692307692308 0.0 0.5807692307692308 0.0014367816091954023 0.6865384615384615 0.0014367816091954023 0.6865384615384615 0.0 0.5807692307692308 0.0
0 0.19038461538461537 0.12643678160919541 0.19038461538461537 0.1278735632183908 0.21153846153846154 0.1278735632183908 0.21153846153846154 0.12643678160919541 0.19038461538461537 0.12643678160919541
0 0.5769230769230769 0.3994252873563218 0.5769230769230769 0.40086206896551724 0.6 0.40086206896551724 0.6 0.3994252873563218 0.5769230769230769 0.3994252873563218
0 0.38269230769230766 0.4525862068965517 0.38269230769230766 0.4540229885057471 0.38461538461538464 0.4540229885057471 0.38461538461538464 0.4525862068965517 0.38269230769230766 0.4525862068965517
0 0.6288461538461538 0.40086206896551724 0.6288461538461538 0.40229885057471265 0.6519230769230769 0.40229885057471265 0.6519230769230769 0.40086206896551724 0.6288461538461538 0.40086206896551724
0 0.42115384615384616 0.5474137931034483 0.42115384615384616 0.5488505747126436 0.4269230769230769 0.5488505747126436 0.4269230769230769 0.5474137931034483 0.42115384615384616 0.5474137931034483
0 0.37884615384615383 0.4525862068965517 0.37884615384615383 0.4540229885057471 0.38269230769230766 0.4540229885057471 0.38269230769230766 0.4525862068965517 0.37884615384615383 0.4525862068965517
0 0.9557692307692308 0.0 0.9557692307692308 0.0014367816091954023 1.0 0.0014367816091954023 1.0 0.0 0.9557692307692308 0.0
0 0.4634615384615385 0.41235632183908044 0.4634615384615385 0.41379310344827586 0.475 0.41379310344827586 0.475 0.41235632183908044 0.4634615384615385 0.41235632183908044
0 1.2826923076923078 0.45689655172413796 1.2826923076923078 0.4583333333333333 1.3038461538461539 0.4583333333333333 1.3038461538461539 0.45689655172413796 1.2826923076923078 0.45689655172413796
0 0.3269230769230769 0.5431034482758621 0.3269230769230769 0.5445402298850575 0.34807692307692306 0.5445402298850575 0.34807692307692306 0.5431034482758621 0.3269230769230769 0.5431034482758621
0 0.6307692307692307 0.6379310344827587 0.6307692307692307 0.639367816091954 0.6442307692307693 0.639367816091954 0.6442307692307693 0.6379310344827587 0.6307692307692307 0.6379310344827587
0 0.06538461538461539 0.03879310344827586 0.06538461538461539 0.040229885057471264 0.07307692307692308 0.040229885057471264 0.07307692307692308 0.03879310344827586 0.06538461538461539 0.03879310344827586
0 0.25384615384615383 0.005747126436781609 0.25384615384615383 0.007183908045977011 0.26153846153846155 0.007183908045977011 0.26153846153846155 0.005747126436781609 0.25384615384615383 0.005747126436781609