0 0.47884615384615387 0.005747126436781609 0.47884615384615387 0.007183908045977011 0.5 0.007183908045977011 0.5 0.005747126436781609 0.47884615384615387 0.005747126436781609
0 0.6615384615384615 0.33189655172413796 0.6615384615384615 0.3333333333333333 0.6711538461538461 0.3333333333333333 0.6711538461538461 0.33189655172413796 0.6615384615384615 0.33189655172413796
0 0.9057692307692308 0.27586206896551724 0.9057692307692308 0.27729885057471265 0.9076923076923077 0.27729885057471265 0.9076923076923077 0.27586206896551724 0.9057692307692308 0.27586206896551724
0 0.225 0.22270114942528735 0.225 0.22413793103448276 0.23076923076923078 0.22413793103448276 0.23076923076923078 0.22270114942528735 0.225 0.22270114942528735
0 0.16153846153846155 0.22988505747126436 0.16153846153846155 0.23132183908045978 0.16923076923076924 0.23132183908045978 0.16923076923076924 0.22988505747126436 0.16153846153846155 0.22988505747126436
0 0.8942307692307693 0.017241379310344827 0.8942307692307693 0.01867816091954023 0.8980769230769231 0.01867816091954023 0.8980769230769231 0.017241379310344827 0.8942307692307693 0.017241379310344827
0 1.0865384615384615 0.742816091954023 1.0865384615384615 0.7442528735632183 1.0942307692307693 0.7442528735632183 1.0942307692307693 0.742816091954023 1.0865384615384615 0.742816091954023
0 0.7538461538461538 0.1882183908045977 0.7538461538461538 0.1896551724137931 0.7615384615384615 0.1896551724137931 0.7615384615384615 0.1882183908045977 0.7538461538461538 0.1882183908045977
0 0.9134615384615384 0.5416666666666666 0.9134615384615384 0.5431034482758621 0.9211538461538461 0.5431034482758621 0.9211538461538461 0.5416666666666666 0.9134615384615384 0.5416666666666666
0 0.2 0.48419540229885055 0.2 0.48563218390804597 0.20576923076923076 0.48563218390804597 0.20576923076923076 0.48419540229885055 0.2 0.48419540229885055
0 0.375 0.30603448275862066 0.375 0.3074712643678161 0.38653846153846155 0.3074712643678161 0.38653846153846155 0.30603448275862066 0.375 0.30603448275862066
0 0.05961538461538462 0.06896551724137931 0.05961538461538462 0.07040229885057471 0.0673076923076923 0.07040229885057471 0.0673076923076923 0.06896551724137931 0.05961538461538462 0.06896551724137931
0 0.6230769230769231 0.5416666666666666 0.6230769230769231 0.5431034482758621 0.6307692307692307 0.5431034482758621 0.6307692307692307 0.5416666666666666 0.6230769230769231 0.5416666666666666
0 0.2846153846153846 0.2025862068965517 0.2846153846153846 0.20402298850574713 0.2903846153846154 0.20402298850574713 0.2903846153846154 0.2025862068965517 0.2846153846153846 0.2025862068965517
0 0.12884615384615383 0.22844827586206898 0.12884615384615383 0.22988505747126436 0.15576923076923077 0.22988505747126436 0.15576923076923077 0.22844827586206898 0.12884615384615383 0.22844827586206898
0 0.6596153846153846 0.7255747126436781 0.6596153846153846 0.7270114942528736 0.6673076923076923 0.7270114942528736 0.6673076923076923 0.7255747126436781 0.6596153846153846 0.7255747126436781
0 0.17307692307692307 0.5761494252873564 0.17307692307692307 0.5775862068965517 0.18076923076923077 0.5775862068965517 0.18076923076923077 0.5761494252873564 0.17307692307692307 0.5761494252873564
0 0.9846153846153847 0.0 0.9846153846153847 0.0014367816091954023 1.0 0.0014367816091954023 1.0 0.0 0.9846153846153847 0.0
0 0.9076923076923077 0.2916666666666667 0.9076923076923077 0.29310344827586204 0.9134615384615384 0.29310344827586204 0.9134615384615384 0.2916666666666667 0.9076923076923077 0.2916666666666667
0 0.8480769230769231 0.5272988505747126 0.8480769230769231 0.5287356321839081 0.8576923076923076 0.5287356321839081 0.8576923076923076 0.5272988505747126 0.8480769230769231 0.5272988505747126
0 0.5134615384615384 0.2629310344827586 0.5134615384615384 0.26436781609195403 0.5192307692307693 0.26436781609195403 0.5192307692307693 0.2629310344827586 0.5134615384615384 0.2629310344827586
0 0.2153846153846154 0.5775862068965517 0.2153846153846154 0.5790229885057471 0.21923076923076923 0.5790229885057471 0.21923076923076923 0.5775862068965517 0.2153846153846154 0.5775862068965517
0 1.25 0.2801724137931034 1.25 0.28160919540229884 1.2576923076923077 0.28160919540229884 1.2576923076923077 0.2801724137931034 1.25 0.2801724137931034
0 0.5711538461538461 0.47701149425287354 0.5711538461538461 0.47844827586206895 0.5769230769230769 0.47844827586206895 0.5769230769230769 0.47701149425287354 0.5711538461538461 0.47701149425287354
0 0.8576923076923076 0.06609195402298851 0.8576923076923076 0.06752873563218391 0.8634615384615385 0.06752873563218391 0.8634615384615385 0.06609195402298851 0.8576923076923076 0.06609195402298851
0 0.8403846153846154 0.14798850574712644 0.8403846153846154 0.14942528735632185 0.8538461538461538 0.14942528735632185 0.8538461538461538 0.14798850574712644 0.8403846153846154 0.14798850574712644
0 0.9538461538461539 0.13649425287356323 0.9538461538461539 0.13793103448275862 0.9769230769230769 0.13793103448275862 0.9769230769230769 0.13649425287356323 0.9538461538461539 0.13649425287356323
0 0.7865384615384615 0.1336206896551724 0.7865384615384615 0.13505747126436782 0.7961538461538461 0.13505747126436782 0.7961538461538461 0.1336206896551724 0.7865384615384615 0.1336206896551724
0 0.7865384615384615 0.0 0.7865384615384615 0.0014367816091954023 0.8173076923076923 0.0014367816091954023 0.8173076923076923 0.0 0.7865384615384615 0.0
0 0.2403846153846154 0.17097701149425287 0.2403846153846154 0.1724137931034483 0.25961538461538464 0.1724137931034483 0.25961538461538464 0.17097701149425287 0.2403846153846154 0.17097701149425287
0 0.06346153846153846 0.46839080459770116 0.06346153846153846 0.4698275862068966 0.06923076923076923 0.4698275862068966 0.06923076923076923 0.46839080459770116 0.06346153846153846 0.46839080459770116
0 0.9711538461538461 0.0 0.9711538461538461 0.0014367816091954023 0.9846153846153847 0.0014367816091954023 0.9846153846153847 0.0 0.9711538461538461 0.0
0 0.6615384615384615 0.40229885057471265 0.6615384615384615 0.40373563218390807 0.6711538461538461 0.40373563218390807 0.6711538461538461 0.40229885057471265 0.6615384615384615 0.40229885057471265
0 0.31346153846153846 0.492816091954023 0.31346153846153846 0.4942528735632184 0.3230769230769231 0.4942528735632184 0.3230769230769231 0.492816091954023 0.31346153846153846 0.492816091954023
0 0.6365384615384615 0.6681034482758621 0.6365384615384615 0.6695402298850575 0.6480769230769231 0.6695402298850575 0.6480769230769231 0.6681034482758621 0.6365384615384615 0.6681034482758621
0 0.6711538461538461 0.25 0.6711538461538461 0.2514367816091954 0.6807692307692308 0.2514367816091954 0.6807692307692308 0.25 0.6711538461538461 0.25
0 0.975 0.1781609195402299 0.975 0.17959770114942528 0.9807692307692307 0.17959770114942528 0.9807692307692307 0.1781609195402299 0.975 0.1781609195402299
0 1.2576923076923077 0.4209770114942529 1.2576923076923077 0.4224137931034483 1.2615384615384615 0.4224137931034483 1.2615384615384615 0.4209770114942529 1.2576923076923077 0.4209770114942529
0 0.5596153846153846 0.19827586206896552 0.5596153846153846 0.1997126436781609 0.5653846153846154 0.1997126436781609 0.5653846153846154 0.19827586206896552 0.5596153846153846 0.19827586206896552
0 0.8480769230769231 0.10775862068965517 0.8480769230769231 0.10919540229885058 0.875 0.10919540229885058 0.875 0.10775862068965517 0.8480769230769231 0.10775862068965517
0 0.2846153846153846 0.40804597701149425 0.2846153846153846 0.40948275862068967 0.2903846153846154 0.40948275862068967 0.2903846153846154 0.40804597701149425 0.2846153846153846 0.40804597701149425
0 0.8807692307692307 0.0014367816091954023 0.8807692307692307 0.0028735632183908046 0.8903846153846153 0.0028735632183908046 0.8903846153846153 0.0014367816091954023 0.8807692307692307 0.0014367816091954023
0 1.226923076923077 0.1752873563218391 1.226923076923077 0.17672413793103448 1.2365384615384616 0.17672413793103448 1.2365384615384616 0.1752873563218391 1.226923076923077 0.1752873563218391
0 0.032692307692307694 0.3290229885057471 0.032692307692307694 0.33045977011494254 0.04423076923076923 0.33045977011494254 0.04423076923076923 0.3290229885057471 0.032692307692307694 0.3290229885057471
0 1.2326923076923078 0.5158045977011494 1.2326923076923078 0.5172413793103449 1.248076923076923 0.5172413793103449 1.248076923076923 0.5158045977011494 1.2326923076923078 0.5158045977011494
0 0.9192307692307692 0.5574712643678161 0.9192307692307692 0.5589080459770115 0.9326923076923077 0.5589080459770115 0.9326923076923077 0.5574712643678161 0.9192307692307692 0.5574712643678161
0 1.2365384615384616 0.23275862068965517 1.2365384615384616 0.23419540229885058 1.2461538461538462 0.23419540229885058 1.2461538461538462 0.23275862068965517 1.2365384615384616 0.23275862068965517
0 0.009615384615384616 0.1824712643678161 0.009615384615384616 0.1839080459770115 0.015384615384615385 0.1839080459770115 0.015384615384615385 0.1824712643678161 0.009615384615384616 0.1824712643678161
0 0.7346153846153847 0.31896551724137934 0.7346153846153847 0.3204022988505747 0.7442307692307693 0.3204022988505747 0.7442307692307693 0.31896551724137934 0.7346153846153847 0.31896551724137934
0 0.8903846153846153 0.382183908045977 0.8903846153846153 0.38362068965517243 0.9 0.38362068965517243 0.9 0.382183908045977 0.8903846153846153 0.382183908045977
0 0.15384615384615385 0.07471264367816093 0.15384615384615385 0.07614942528735633 0.1673076923076923 0.07614942528735633 0.1673076923076923 0.07471264367816093 0.15384615384615385 0.07471264367816093
0 0.48653846153846153 0.34195402298850575 0.48653846153846153 0.34339080459770116 0.4980769230769231 0.34339080459770116 0.4980769230769231 0.34195402298850575 0.48653846153846153 0.34195402298850575
0 0.49423076923076925 0.4511494252873563 0.49423076923076925 0.4525862068965517 0.5038461538461538 0.4525862068965517 0.5038461538461538 0.4511494252873563 0.49423076923076925 0.4511494252873563
0 0.6076923076923076 0.08045977011494253 0.6076923076923076 0.08189655172413793 0.6211538461538462 0.08189655172413793 0.6211538461538462 0.08045977011494253 0.6076923076923076 0.08045977011494253
0 0.3769230769230769 0.44971264367816094 0.3769230769230769 0.4511494252873563 0.38461538461538464 0.4511494252873563 0.38461538461538464 0.44971264367816094 0.3769230769230769 0.44971264367816094
0 1.2230769230769232 0.5890804597701149 1.2230769230769232 0.5905172413793104 1.2307692307692308 0.5905172413793104 1.2307692307692308 0.5890804597701149 1.2230769230769232 0.5890804597701149
0 0.5461538461538461 0.6120689655172413 0.5461538461538461 0.6135057471264368 0.5615384615384615 0.6135057471264368 0.5615384615384615 0.6120689655172413 0.5461538461538461 0.6120689655172413
0 0.8192307692307692 0.35488505747126436 0.8192307692307692 0.3563218390804598 0.8307692307692308 0.3563218390804598 0.8307692307692308 0.35488505747126436 0.8192307692307692 0.35488505747126436
0 0.7269230769230769 0.5316091954022989 0.7269230769230769 0.5330459770114943 0.7346153846153847 0.5330459770114943 0.7346153846153847 0.5316091954022989 0.7269230769230769 0.5316091954022989
0 0.6038461538461538 0.31896551724137934 0.6038461538461538 0.3204022988505747 0.6192307692307693 0.3204022988505747 0.6192307692307693 0.31896551724137934 0.6038461538461538 0.31896551724137934
0 0.5961538461538461 0.3045977011494253 0.5961538461538461 0.30603448275862066 0.6019230769230769 0.30603448275862066 0.6019230769230769 0.3045977011494253 0.5961538461538461 0.3045977011494253
0 0.5557692307692308 0.5330459770114943 0.5557692307692308 0.5344827586206896 0.5692307692307692 0.5344827586206896 0.5692307692307692 0.5330459770114943 0.5557692307692308 0.5330459770114943
0 0.7230769230769231 0.1307471264367816 0.7230769230769231 0.13218390804597702 0.7365384615384616 0.13218390804597702 0.7365384615384616 0.1307471264367816 0.7230769230769231 0.1307471264367816
0 0.07884615384615384 0.14798850574712644 0.07884615384615384 0.14942528735632185 0.09038461538461538 0.14942528735632185 0.09038461538461538 0.14798850574712644 0.07884615384615384 0.14798850574712644
0 0.21346153846153845 0.1824712643678161 0.21346153846153845 0.1839080459770115 0.225 0.1839080459770115 0.225 0.1824712643678161 0.21346153846153845 0.1824712643678161
0 0.573076923076923 0.21264367816091953 0.573076923076923 0.21408045977011494 0.5826923076923077 0.21408045977011494 0.5826923076923077 0.21264367816091953 0.573076923076923 0.21264367816091953
0 0.425 0.35488505747126436 0.425 0.3563218390804598 0.4288461538461538 0.3563218390804598 0.4288461538461538 0.35488505747126436 0.425 0.35488505747126436
0 0.8923076923076924 0.5028735632183908 0.8923076923076924 0.5043103448275862 0.8942307692307693 0.5043103448275862 0.8942307692307693 0.5028735632183908 0.8923076923076924 0.5028735632183908
0 0.34807692307692306 0.23419540229885058 0.34807692307692306 0.23563218390804597 0.3576923076923077 0.23563218390804597 0.3576923076923077 0.23419540229885058 0.34807692307692306 0.23419540229885058
0 0.23076923076923078 0.4899425287356322 0.23076923076923078 0.49137931034482757 0.23461538461538461 0.49137931034482757 0.23461538461538461 0.4899425287356322 0.23076923076923078 0.4899425287356322
0 0.21346153846153845 0.05890804597701149 0.21346153846153845 0.0603448275862069 0.21923076923076923 0.0603448275862069 0.21923076923076923 0.05890804597701149 0.21346153846153845 0.05890804597701149
0 0.5288461538461539 0.2600574712643678 0.5288461538461539 0.2614942528735632 0.5442307692307692 0.2614942528735632 0.5442307692307692 0.2600574712643678 0.5288461538461539 0.2600574712643678
0 0.3423076923076923 0.4224137931034483 0.3423076923076923 0.4238505747126437 0.35192307692307695 0.4238505747126437 0.35192307692307695 0.4224137931034483 0.3423076923076923 0.4224137931034483
0 0.4673076923076923 0.0 0.4673076923076923 0.0014367816091954023 0.5 0.0014367816091954023 0.5 0.0 0.4673076923076923 0.0
0 0.7 0.21695402298850575 0.7 0.21839080459770116 0.7057692307692308 0.21839080459770116 0.7057692307692308 0.21695402298850575 0.7 0.21695402298850575
0 0.26346153846153847 0.06609195402298851 0.26346153846153847 0.06752873563218391 0.27307692307692305 0.06752873563218391 0.27307692307692305 0.06609195402298851 0.26346153846153847 0.06609195402298851
0 0.9653846153846154 0.28735632183908044 0.9653846153846154 0.28879310344827586 0.9807692307692307 0.28879310344827586 0.9807692307692307 0.28735632183908044 0.9653846153846154 0.28735632183908044
0 0.43653846153846154 0.4885057471264368 0.43653846153846154 0.4899425287356322 0.4480769230769231 0.4899425287356322 0.4480769230769231 0.4885057471264368 0.43653846153846154 0.4885057471264368
0 0.49615384615384617 0.5272988505747126 0.49615384615384617 0.5287356321839081 0.5096153846153846 0.5287356321839081 0.5096153846153846 0.5272988505747126 0.49615384615384617 0.5272988505747126
0 1.2557692307692307 0.2614942528735632 1.2557692307692307 0.2629310344827586 1.2615384615384615 0.2629310344827586 1.2615384615384615 0.2614942528735632 1.2557692307692307 0.2614942528735632
0 1.103846153846154 0.6623563218390804 1.103846153846154 0.6637931034482759 1.1115384615384616 0.6637931034482759 1.1115384615384616 0.6623563218390804 1.103846153846154 0.6623563218390804
0 0.11538461538461539 0.2686781609195402 0.11538461538461539 0.27011494252873564 0.12115384615384615 0.27011494252873564 0.12115384615384615 0.2686781609195402 0.11538461538461539 0.2686781609195402
0 0.7153846153846154 0.0 0.7153846153846154 0.0014367816091954023 0.7538461538461538 0.0014367816091954023 0.7538461538461538 0.0 0.7153846153846154 0.0
0 1.248076923076923 0.3864942528735632 1.248076923076923 0.3879310344827586 1.25 0.3879310344827586 1.25 0.3864942528735632 1.248076923076923 0.3864942528735632
0 0.7903846153846154 0.5732758620689655 0.7903846153846154 0.5747126436781609 0.8153846153846154 0.5747126436781609 0.8153846153846154 0.5732758620689655 0.7903846153846154 0.5732758620689655
0 0.7538461538461538 0.2557471264367816 0.7538461538461538 0.257183908045977 0.7615384615384615 0.257183908045977 0.7615384615384615 0.2557471264367816 0.7538461538461538 0.2557471264367816
0 0.2423076923076923 0.6551724137931034 0.2423076923076923 0.6566091954022989 0.24807692307692308 0.6566091954022989 0.24807692307692308 0.6551724137931034 0.2423076923076923 0.6551724137931034
0 1.0115384615384615 0.3448275862068966 1.0115384615384615 0.34626436781609193 1.0173076923076922 0.34626436781609193 1.0173076923076922 0.3448275862068966 1.0115384615384615 0.3448275862068966
0 0.5346153846153846 0.15086206896551724 0.5346153846153846 0.15229885057471265 0.5403846153846154 0.15229885057471265 0.5403846153846154 0.15086206896551724 0.5346153846153846 0.15086206896551724
0 0.573076923076923 0.1235632183908046 0.573076923076923 0.125 0.5923076923076923 0.125 0.5923076923076923 0.1235632183908046 0.573076923076923 0.1235632183908046
0 0.7730769230769231 0.13936781609195403 0.7730769230769231 0.14080459770114942 0.7826923076923077 0.14080459770114942 0.7826923076923077 0.13936781609195403 0.7730769230769231 0.13936781609195403
0 0.6519230769230769 0.26436781609195403 0.6519230769230769 0.26580459770114945 0.6596153846153846 0.26580459770114945 0.6596153846153846 0.26436781609195403 0.6519230769230769 0.26436781609195403
0 0.22115384615384615 0.08764367816091954 0.22115384615384615 0.08908045977011494 0.23653846153846153 0.08908045977011494 0.23653846153846153 0.08764367816091954 0.22115384615384615 0.08764367816091954
0 0.5461538461538461 0.06321839080459771 0.5461538461538461 0.06465517241379311 0.551923076923077 0.06465517241379311 0.551923076923077 0.06321839080459771 0.5461538461538461 0.06321839080459771
0 0.011538461538461539 0.2471264367816092 0.011538461538461539 0.24856321839080459 0.015384615384615385 0.24856321839080459 0.015384615384615385 0.2471264367816092 0.011538461538461539 0.2471264367816092
0 1.301923076923077 0.6652298850574713 1.301923076923077 0.6666666666666666 1.3096153846153846 0.6666666666666666 1.3096153846153846 0.6652298850574713 1.301923076923077 0.6652298850574713
0 1.2846153846153847 0.5876436781609196 1.2846153846153847 0.5890804597701149 1.2923076923076924 0.5890804597701149 1.2923076923076924 0.5876436781609196 1.2846153846153847 0.5876436781609196
0 0.4076923076923077 0.12931034482758622 0.4076923076923077 0.1307471264367816 0.4173076923076923 0.1307471264367816 0.4173076923076923 0.12931034482758622 0.4076923076923077 0.12931034482758622
0 1.0038461538461538 0.4468390804597701 1.0038461538461538 0.4482758620689655 1.0192307692307692 0.4482758620689655 1.0192307692307692 0.4468390804597701 1.0038461538461538 0.4468390804597701
0 0.8403846153846154 0.04741379310344827 0.8403846153846154 0.04885057471264368 0.8480769230769231 0.04885057471264368 0.8480769230769231 0.04741379310344827 0.8403846153846154 0.04741379310344827
0 0.7076923076923077 0.6221264367816092 0.7076923076923077 0.6235632183908046 0.7192307692307692 0.6235632183908046 0.7192307692307692 0.6221264367816092 0.7076923076923077 0.6221264367816092
0 1.075 0.3505747126436782 1.075 0.35201149425287354 1.0865384615384615 0.35201149425287354 1.0865384615384615 0.3505747126436782 1.075 0.3505747126436782
0 1.3 0.37212643678160917 1.3 0.3735632183908046 1.3057692307692308 0.3735632183908046 1.3057692307692308 0.37212643678160917 1.3 0.37212643678160917
0 0.6807692307692308 0.4425287356321839 0.6807692307692308 0.44396551724137934 0.6903846153846154 0.44396551724137934 0.6903846153846154 0.4425287356321839 0.6807692307692308 0.4425287356321839
0 1.3096153846153846 0.6709770114942529 1.3096153846153846 0.6724137931034483 1.3192307692307692 0.6724137931034483 1.3192307692307692 0.6709770114942529 1.3096153846153846 0.6709770114942529
0 0.8961538461538462 0.33477011494252873 0.8961538461538462 0.33620689655172414 0.9019230769230769 0.33620689655172414 0.9019230769230769 0.33477011494252873 0.8961538461538462 0.33477011494252873
0 1.0057692307692307 0.22557471264367815 1.0057692307692307 0.22701149425287356 1.0173076923076922 0.22701149425287356 1.0173076923076922 0.22557471264367815 1.0057692307692307 0.22557471264367815
0 1.15 0.6637931034482759 1.15 0.6652298850574713 1.1557692307692307 0.6652298850574713 1.1557692307692307 0.6637931034482759 1.15 0.6637931034482759
0 0.5653846153846154 0.36063218390804597 0.5653846153846154 0.3620689655172414 0.5711538461538461 0.3620689655172414 0.5711538461538461 0.36063218390804597 0.5653846153846154 0.36063218390804597
0 0.25961538461538464 0.6537356321839081 0.25961538461538464 0.6551724137931034 0.27115384615384613 0.6551724137931034 0.27115384615384613 0.6537356321839081 0.25961538461538464 0.6537356321839081
0 0.23846153846153847 0.37212643678160917 0.23846153846153847 0.3735632183908046 0.24615384615384617 0.3735632183908046 0.24615384615384617 0.37212643678160917 0.23846153846153847 0.37212643678160917
0 0.009615384615384616 0.010057471264367816 0.009615384615384616 0.011494252873563218 0.021153846153846155 0.011494252873563218 0.021153846153846155 0.010057471264367816 0.009615384615384616 0.010057471264367816
0 0.25769230769230766 0.1724137931034483 0.25769230769230766 0.17385057471264367 0.27307692307692305 0.17385057471264367 0.27307692307692305 0.1724137931034483 0.25769230769230766 0.1724137931034483
0 1.275 0.14224137931034483 1.275 0.14367816091954022 1.2846153846153847 0.14367816091954022 1.2846153846153847 0.14224137931034483 1.275 0.14224137931034483
0 0.37884615384615383 0.2859195402298851 0.37884615384615383 0.28735632183908044 0.3903846153846154 0.28735632183908044 0.3903846153846154 0.2859195402298851 0.37884615384615383 0.2859195402298851
0 0.551923076923077 0.4051724137931034 0.551923076923077 0.40660919540229884 0.5538461538461539 0.40660919540229884 0.5538461538461539 0.4051724137931034 0.551923076923077 0.4051724137931034
0 1.2634615384615384 0.6235632183908046 1.2634615384615384 0.625 1.271153846153846 0.625 1.271153846153846 0.6235632183908046 1.2634615384615384 0.6235632183908046
0 0.2153846153846154 0.5977011494252874 0.2153846153846154 0.5991379310344828 0.2230769230769231 0.5991379310344828 0.2230769230769231 0.5977011494252874 0.2153846153846154 0.5977011494252874
0 0.7461538461538462 0.10919540229885058 0.7461538461538462 0.11063218390804598 0.7557692307692307 0.11063218390804598 0.7557692307692307 0.10919540229885058 0.7461538461538462 0.10919540229885058
0 0.5788461538461539 0.5172413793103449 0.5788461538461539 0.5186781609195402 0.5923076923076923 0.5186781609195402 0.5923076923076923 0.5172413793103449 0.5788461538461539 0.5172413793103449
0 0.19230769230769232 0.4583333333333333 0.19230769230769232 0.45977011494252873 0.20384615384615384 0.45977011494252873 0.20384615384615384 0.4583333333333333 0.19230769230769232 0.4583333333333333
0 0.0019230769230769232 0.5244252873563219 0.0019230769230769232 0.5258620689655172 0.021153846153846155 0.5258620689655172 0.021153846153846155 0.5244252873563219 0.0019230769230769232 0.5244252873563219
0 0.33076923076923076 0.08333333333333333 0.33076923076923076 0.08477011494252873 0.3423076923076923 0.08477011494252873 0.3423076923076923 0.08333333333333333 0.33076923076923076 0.08333333333333333
0 0.09615384615384616 0.5014367816091954 0.09615384615384616 0.5028735632183908 0.10576923076923077 0.5028735632183908 0.10576923076923077 0.5014367816091954 0.09615384615384616 0.5014367816091954
0 0.4980769230769231 0.17672413793103448 0.4980769230769231 0.1781609195402299 0.5057692307692307 0.1781609195402299 0.5057692307692307 0.17672413793103448 0.4980769230769231 0.17672413793103448
0 0.34807692307692306 0.05890804597701149 0.34807692307692306 0.0603448275862069 0.36730769230769234 0.0603448275862069 0.36730769230769234 0.05890804597701149 0.34807692307692306 0.05890804597701149
0 0.5442307692307692 0.367816091954023 0.5442307692307692 0.3692528735632184 0.5634615384615385 0.3692528735632184 0.5634615384615385 0.367816091954023 0.5442307692307692 0.367816091954023
0 0.4307692307692308 0.1925287356321839 0.4307692307692308 0.1939655172413793 0.4442307692307692 0.1939655172413793 0.4442307692307692 0.1925287356321839 0.4307692307692308 0.1925287356321839
0 0.8538461538461538 0.3031609195402299 0.8538461538461538 0.3045977011494253 0.8576923076923076 0.3045977011494253 0.8576923076923076 0.3031609195402299 0.8538461538461538 0.3031609195402299
0 0.09038461538461538 0.1824712643678161 0.09038461538461538 0.1839080459770115 0.09807692307692308 0.1839080459770115 0.09807692307692308 0.1824712643678161 0.09038461538461538 0.1824712643678161
0 0.46923076923076923 0.16091954022988506 0.46923076923076923 0.16235632183908047 0.4846153846153846 0.16235632183908047 0.4846153846153846 0.16091954022988506 0.46923076923076923 0.16091954022988506
0 0.26346153846153847 0.6982758620689655 0.26346153846153847 0.6997126436781609 0.2846153846153846 0.6997126436781609 0.2846153846153846 0.6982758620689655 0.26346153846153847 0.6982758620689655
0 0.19230769230769232 0.09051724137931035 0.19230769230769232 0.09195402298850575 0.20576923076923076 0.09195402298850575 0.20576923076923076 0.09051724137931035 0.19230769230769232 0.09051724137931035
0 0.8615384615384616 0.5014367816091954 0.8615384615384616 0.5028735632183908 0.8711538461538462 0.5028735632183908 0.8711538461538462 0.5014367816091954 0.8615384615384616 0.5014367816091954
0 0.8096153846153846 0.3089080459770115 0.8096153846153846 0.3103448275862069 0.8288461538461539 0.3103448275862069 0.8288461538461539 0.3089080459770115 0.8096153846153846 0.3089080459770115
0 0.09038461538461538 0.041666666666666664 0.09038461538461538 0.04310344827586207 0.11346153846153846 0.04310344827586207 0.11346153846153846 0.041666666666666664 0.09038461538461538 0.041666666666666664
0 0.6730769230769231 0.5057471264367817 0.6730769230769231 0.507183908045977 0.6788461538461539 0.507183908045977 0.6788461538461539 0.5057471264367817 0.6730769230769231 0.5057471264367817
0 0.7134615384615385 0.44971264367816094 0.7134615384615385 0.4511494252873563 0.7269230769230769 0.4511494252873563 0.7269230769230769 0.44971264367816094 0.7134615384615385 0.44971264367816094
0 0.6576923076923077 0.0 0.6576923076923077 0.0014367816091954023 0.6923076923076923 0.0014367816091954023 0.6923076923076923 0.0 0.6576923076923077 0.0
0 0.8942307692307693 0.14655172413793102 0.8942307692307693 0.14798850574712644 0.9096153846153846 0.14798850574712644 0.9096153846153846 0.14655172413793102 0.8942307692307693 0.14655172413793102
0 1.0365384615384616 0.06321839080459771 1.0365384615384616 0.06465517241379311 1.0442307692307693 0.06465517241379311 1.0442307692307693 0.06321839080459771 1.0365384615384616 0.06321839080459771
0 1.2 0.3089080459770115 1.2 0.3103448275862069 1.2192307692307693 0.3103448275862069 1.2192307692307693 0.3089080459770115 1.2 0.3089080459770115
0 0.6192307692307693 0.4410919540229885 0.6192307692307693 0.4425287356321839 0.6326923076923077 0.4425287356321839 0.6326923076923077 0.4410919540229885 0.6192307692307693 0.4410919540229885
0 1.2076923076923076 0.39655172413793105 1.2076923076923076 0.39798850574712646 1.2115384615384615 0.39798850574712646 1.2115384615384615 0.39655172413793105 1.2076923076923076 0.39655172413793105
0 0.7403846153846154 0.7298850574712644 0.7403846153846154 0.7313218390804598 0.7461538461538462 0.7313218390804598 0.7461538461538462 0.7298850574712644 0.7403846153846154 0.7298850574712644
0 0.425 0.4525862068965517 0.425 0.4540229885057471 0.43846153846153846 0.4540229885057471 0.43846153846153846 0.4525862068965517 0.425 0.4525862068965517
0 1.1615384615384616 0.5689655172413793 1.1615384615384616 0.5704022988505747 1.175 0.5704022988505747 1.175 0.5689655172413793 1.1615384615384616 0.5689655172413793
0 1.225 0.40948275862068967 1.225 0.4109195402298851 1.2326923076923078 0.4109195402298851 1.2326923076923078 0.40948275862068967 1.225 0.40948275862068967
0 0.1423076923076923 0.2959770114942529 0.1423076923076923 0.2974137931034483 0.1576923076923077 0.2974137931034483 0.1576923076923077 0.2959770114942529 0.1423076923076923 0.2959770114942529
0 1.1903846153846154 0.7112068965517241 1.1903846153846154 0.7126436781609196 1.2 0.7126436781609196 1.2 0.7112068965517241 1.1903846153846154 0.7112068965517241
0 1.2961538461538462 0.521551724137931 1.2961538461538462 0.5229885057471264 1.3057692307692308 0.5229885057471264 1.3057692307692308 0.521551724137931 1.2961538461538462 0.521551724137931
0 0.5269230769230769 0.017241379310344827 0.5269230769230769 0.01867816091954023 0.5326923076923077 0.01867816091954023 0.5326923076923077 0.017241379310344827 0.5269230769230769 0.017241379310344827
0 0.25 0.2629310344827586 0.25 0.26436781609195403 0.25384615384615383 0.26436781609195403 0.25384615384615383 0.2629310344827586 0.25 0.2629310344827586
0 0.8673076923076923 0.6551724137931034 0.8673076923076923 0.6566091954022989 0.875 0.6566091954022989 0.875 0.6551724137931034 0.8673076923076923 0.6551724137931034
0 0.13076923076923078 0.20402298850574713 0.13076923076923078 0.20545977011494254 0.1423076923076923 0.20545977011494254 0.1423076923076923 0.20402298850574713 0.13076923076923078 0.20402298850574713
0 0.2923076923076923 0.6637931034482759 0.2923076923076923 0.6652298850574713 0.3019230769230769 0.6652298850574713 0.3019230769230769 0.6637931034482759 0.2923076923076923 0.6637931034482759
0 0.07692307692307693 0.4454022988505747 0.07692307692307693 0.4468390804597701 0.08076923076923077 0.4468390804597701 0.08076923076923077 0.4454022988505747 0.07692307692307693 0.4454022988505747
0 0.1326923076923077 0.7385057471264368 0.1326923076923077 0.7399425287356322 0.13653846153846153 0.7399425287356322 0.13653846153846153 0.7385057471264368 0.1326923076923077 0.7385057471264368
0 0.09230769230769231 0.46839080459770116 0.09230769230769231 0.4698275862068966 0.09807692307692308 0.4698275862068966 0.09807692307692308 0.46839080459770116 0.09230769230769231 0.46839080459770116
0 0.11153846153846154 0.0 0.11153846153846154 0.0014367816091954023 0.125 0.0014367816091954023 0.125 0.0 0.11153846153846154 0.0
0 1.2826923076923078 0.6293103448275862 1.2826923076923078 0.6307471264367817 1.2865384615384616 0.6307471264367817 1.2865384615384616 0.6293103448275862 1.2826923076923078 0.6293103448275862
0 0.26346153846153847 0.610632183908046 0.26346153846153847 0.6120689655172413 0.27307692307692305 0.6120689655172413 0.27307692307692305 0.610632183908046 0.26346153846153847 0.610632183908046
0 1.025 0.5445402298850575 1.025 0.5459770114942529 1.0288461538461537 0.5459770114942529 1.0288461538461537 0.5445402298850575 1.025 0.5445402298850575
0 1.2538461538461538 0.6910919540229885 1.2538461538461538 0.6925287356321839 1.2615384615384615 0.6925287356321839 1.2615384615384615 0.6910919540229885 1.2538461538461538 0.6910919540229885
0 1.0576923076923077 0.22557471264367815 1.0576923076923077 0.22701149425287356 1.0634615384615385 0.22701149425287356 1.0634615384615385 0.22557471264367815 1.0576923076923077 0.22557471264367815
0 0.41923076923076924 0.06465517241379311 0.41923076923076924 0.06609195402298851 0.4326923076923077 0.06609195402298851 0.4326923076923077 0.06465517241379311 0.41923076923076924 0.06465517241379311
0 0.7403846153846154 0.6997126436781609 0.7403846153846154 0.7011494252873564 0.7480769230769231 0.7011494252873564 0.7480769230769231 0.6997126436781609 0.7403846153846154 0.6997126436781609
0 0.16346153846153846 0.1724137931034483 0.16346153846153846 0.17385057471264367 0.18076923076923077 0.17385057471264367 0.18076923076923077 0.1724137931034483 0.16346153846153846 0.1724137931034483
0 0.6576923076923077 0.3635057471264368 0.6576923076923077 0.3649425287356322 0.6653846153846154 0.3649425287356322 0.6653846153846154 0.3635057471264368 0.6576923076923077 0.3635057471264368
0 0.5134615384615384 0.24281609195402298 0.5134615384615384 0.2442528735632184 0.5173076923076924 0.2442528735632184 0.5173076923076924 0.24281609195402298 0.5134615384615384 0.24281609195402298
0 0.7 0.3879310344827586 0.7 0.38936781609195403 0.7115384615384616 0.38936781609195403 0.7115384615384616 0.3879310344827586 0.7 0.3879310344827586
0 0.35384615384615387 0.1810344827586207 0.35384615384615387 0.1824712643678161 0.3596153846153846 0.1824712643678161 0.3596153846153846 0.1810344827586207 0.35384615384615387 0.1810344827586207
0 1.323076923076923 0.3045977011494253 1.323076923076923 0.30603448275862066 1.3326923076923076 0.30603448275862066 1.3326923076923076 0.3045977011494253 1.323076923076923 0.3045977011494253
0 0.038461538461538464 0.4166666666666667 0.038461538461538464 0.41810344827586204 0.05 0.41810344827586204 0.05 0.4166666666666667 0.038461538461538464 0.4166666666666667
0 1.2096153846153845 0.3117816091954023 1.2096153846153845 0.3132183908045977 1.2153846153846153 0.3132183908045977 1.2153846153846153 0.3117816091954023 1.2096153846153845 0.3117816091954023
0 0.47307692307692306 0.7040229885057471 0.47307692307692306 0.7054597701149425 0.48653846153846153 0.7054597701149425 0.48653846153846153 0.7040229885057471 0.47307692307692306 0.7040229885057471
0 0.775 0.42528735632183906 0.775 0.4267241379310345 0.7807692307692308 0.4267241379310345 0.7807692307692308 0.42528735632183906 0.775 0.42528735632183906
0 0.5865384615384616 0.5833333333333334 0.5865384615384616 0.5847701149425287 0.5903846153846154 0.5847701149425287 0.5903846153846154 0.5833333333333334 0.5865384615384616 0.5833333333333334
0 0.9634615384615385 0.6336206896551724 0.9634615384615385 0.6350574712643678 0.9673076923076923 0.6350574712643678 0.9673076923076923 0.6336206896551724 0.9634615384615385 0.6336206896551724
0 0.9461538461538461 0.47844827586206895 0.9461538461538461 0.47988505747126436 0.9615384615384616 0.47988505747126436 0.9615384615384616 0.47844827586206895 0.9461538461538461 0.47844827586206895
0 0.09615384615384616 0.09626436781609195 0.09615384615384616 0.09770114942528736 0.11346153846153846 0.09770114942528736 0.11346153846153846 0.09626436781609195 0.09615384615384616 0.09626436781609195
0 0.06346153846153846 0.6020114942528736 0.06346153846153846 0.603448275862069 0.06923076923076923 0.603448275862069 0.06923076923076923 0.6020114942528736 0.06346153846153846 0.6020114942528736
0 0.22884615384615384 0.017241379310344827 0.22884615384615384 0.01867816091954023 0.23846153846153847 0.01867816091954023 0.23846153846153847 0.017241379310344827 0.22884615384615384 0.017241379310344827
0 0.2 0.5747126436781609 0.2 0.5761494252873564 0.2076923076923077 0.5761494252873564 0.2076923076923077 0.5747126436781609 0.2 0.5747126436781609
0 0.5653846153846154 0.6522988505747126 0.5653846153846154 0.6537356321839081 0.573076923076923 0.6537356321839081 0.573076923076923 0.6522988505747126 0.5653846153846154 0.6522988505747126
0 0.2153846153846154 0.40660919540229884 0.2153846153846154 0.40804597701149425 0.22692307692307692 0.40804597701149425 0.22692307692307692 0.40660919540229884 0.2153846153846154 0.40660919540229884
0 0.7019230769230769 0.6925287356321839 0.7019230769230769 0.6939655172413793 0.7192307692307692 0.6939655172413793 0.7192307692307692 0.6925287356321839 0.7019230769230769 0.6925287356321839
0 0.3730769230769231 0.03735632183908046 0.3730769230769231 0.03879310344827586 0.38269230769230766 0.03879310344827586 0.38269230769230766 0.03735632183908046 0.3730769230769231 0.03735632183908046
0 1.3038461538461539 0.7083333333333334 1.3038461538461539 0.7097701149425287 1.3076923076923077 0.7097701149425287 1.3076923076923077 0.7083333333333334 1.3038461538461539 0.7083333333333334
0 0.3326923076923077 0.14367816091954022 0.3326923076923077 0.14511494252873564 0.3423076923076923 0.14511494252873564 0.3423076923076923 0.14367816091954022 0.3326923076923077 0.14367816091954022
0 0.11923076923076924 0.7126436781609196 0.11923076923076924 0.7140804597701149 0.12307692307692308 0.7140804597701149 0.12307692307692308 0.7126436781609196 0.11923076923076924 0.7126436781609196
0 0.07115384615384615 0.6494252873563219 0.07115384615384615 0.6508620689655172 0.08653846153846154 0.6508620689655172 0.08653846153846154 0.6494252873563219 0.07115384615384615 0.6494252873563219
0 0.41923076923076924 0.7097701149425287 0.41923076923076924 0.7112068965517241 0.4307692307692308 0.7112068965517241 0.4307692307692308 0.7097701149425287 0.41923076923076924 0.7097701149425287
0 0.03076923076923077 0.46551724137931033 0.03076923076923077 0.46695402298850575 0.038461538461538464 0.46695402298850575 0.038461538461538464 0.46551724137931033 0.03076923076923077 0.46551724137931033
0 0.8269230769230769 0.6939655172413793 0.8269230769230769 0.6954022988505747 0.8384615384615385 0.6954022988505747 0.8384615384615385 0.6939655172413793 0.8269230769230769 0.6939655172413793
0 0.07307692307692308 0.39798850574712646 0.07307692307692308 0.3994252873563218 0.08846153846153847 0.3994252873563218 0.08846153846153847 0.39798850574712646 0.07307692307692308 0.39798850574712646
0 0.9307692307692308 0.5287356321839081 0.9307692307692308 0.5301724137931034 0.9365384615384615 0.5301724137931034 0.9365384615384615 0.5287356321839081 0.9307692307692308 0.5287356321839081
0 0.125 0.0 0.125 0.0014367816091954023 0.15 0.0014367816091954023 0.15 0.0 0.125 0.0
0 1.2230769230769232 0.4640804597701149 1.2230769230769232 0.46551724137931033 1.2307692307692308 0.46551724137931033 1.2307692307692308 0.4640804597701149 1.2230769230769232 0.4640804597701149
0 1.0538461538461539 0.7241379310344828 1.0538461538461539 0.7255747126436781 1.0596153846153846 0.7255747126436781 1.0596153846153846 0.7241379310344828 1.0538461538461539 0.7241379310344828
0 1.0634615384615385 0.021551724137931036 1.0634615384615385 0.022988505747126436 1.0711538461538461 0.022988505747126436 1.0711538461538461 0.021551724137931036 1.0634615384615385 0.021551724137931036
0 0.07692307692307693 0.25 0.07692307692307693 0.2514367816091954 0.08653846153846154 0.2514367816091954 0.08653846153846154 0.25 0.07692307692307693 0.25
0 0.05961538461538462 0.5431034482758621 0.05961538461538462 0.5445402298850575 0.06153846153846154 0.5445402298850575 0.06153846153846154 0.5431034482758621 0.05961538461538462 0.5431034482758621
0 1.1615384615384616 0.5574712643678161 1.1615384615384616 0.5589080459770115 1.175 0.5589080459770115 1.175 0.5574712643678161 1.1615384615384616 0.5574712643678161
0 0.8307692307692308 0.04741379310344827 0.8307692307692308 0.04885057471264368 0.8365384615384616 0.04885057471264368 0.8365384615384616 0.04741379310344827 0.8307692307692308 0.04741379310344827
0 1.0442307692307693 0.36063218390804597 1.0442307692307693 0.3620689655172414 1.0461538461538462 0.3620689655172414 1.0461538461538462 0.36063218390804597 1.0442307692307693 0.36063218390804597
0 1.1307692307692307 0.15373563218390804 1.1307692307692307 0.15517241379310345 1.1442307692307692 0.15517241379310345 1.1442307692307692 0.15373563218390804 1.1307692307692307 0.15373563218390804
0 0.5115384615384615 0.10632183908045977 0.5115384615384615 0.10775862068965517 0.5173076923076924 0.10775862068965517 0.5173076923076924 0.10632183908045977 0.5115384615384615 0.10632183908045977
0 0.47115384615384615 0.3635057471264368 0.47115384615384615 0.3649425287356322 0.4807692307692308 0.3649425287356322 0.4807692307692308 0.3635057471264368 0.47115384615384615 0.3635057471264368
0 1.1 0.1925287356321839 1.1 0.1939655172413793 1.1096153846153847 0.1939655172413793 1.1096153846153847 0.1925287356321839 1.1 0.1925287356321839
0 1.2230769230769232 0.5948275862068966 1.2230769230769232 0.5962643678160919 1.2365384615384616 0.5962643678160919 1.2365384615384616 0.5948275862068966 1.2230769230769232 0.5948275862068966
0 0.12115384615384615 0.6091954022988506 0.12115384615384615 0.610632183908046 0.125 0.610632183908046 0.125 0.6091954022988506 0.12115384615384615 0.6091954022988506
0 0.7826923076923077 0.48419540229885055 0.7826923076923077 0.48563218390804597 0.7884615384615384 0.48563218390804597 0.7884615384615384 0.48419540229885055 0.7826923076923077 0.48419540229885055
0 0.0 0.0 0.0 0.0014367816091954023 0.021153846153846155 0.0014367816091954023 0.021153846153846155 0.0 0.0 0.0
0 0.3192307692307692 0.6839080459770115 0.3192307692307692 0.6853448275862069 0.3269230769230769 0.6853448275862069 0.3269230769230769 0.6839080459770115 0.3192307692307692 0.6839080459770115
0 0.9326923076923077 0.041666666666666664 0.9326923076923077 0.04310344827586207 0.9519230769230769 0.04310344827586207 0.9519230769230769 0.041666666666666664 0.9326923076923077 0.041666666666666664
0 1.3346153846153845 0.6925287356321839 1.3346153846153845 0.6939655172413793 1.3384615384615384 0.6939655172413793 1.3384615384615384 0.6925287356321839 1.3346153846153845 0.6925287356321839
0 0.08269230769230769 0.47413793103448276 0.08269230769230769 0.4755747126436782 0.08653846153846154 0.4755747126436782 0.08653846153846154 0.47413793103448276 0.08269230769230769 0.47413793103448276
0 1.3192307692307692 0.7341954022988506 1.3192307692307692 0.735632183908046 1.3288461538461538 0.735632183908046 1.3288461538461538 0.7341954022988506 1.3192307692307692 0.7341954022988506
0 1.2403846153846154 0.3692528735632184 1.2403846153846154 0.3706896551724138 1.2596153846153846 0.3706896551724138 1.2596153846153846 0.3692528735632184 1.2403846153846154 0.3692528735632184
0 0.7692307692307693 0.3850574712643678 0.7692307692307693 0.3864942528735632 0.7730769230769231 0.3864942528735632 0.7730769230769231 0.3850574712643678 0.7692307692307693 0.3850574712643678
0 1.0403846153846155 0.39798850574712646 1.0403846153846155 0.3994252873563218 1.05 0.3994252873563218 1.05 0.39798850574712646 1.0403846153846155 0.39798850574712646
0 0.2076923076923077 0.1221264367816092 0.2076923076923077 0.1235632183908046 0.21153846153846154 0.1235632183908046 0.21153846153846154 0.1221264367816092 0.2076923076923077 0.1221264367816092
0 0.6557692307692308 0.4899425287356322 0.6557692307692308 0.49137931034482757 0.6615384615384615 0.49137931034482757 0.6615384615384615 0.4899425287356322 0.6557692307692308 0.4899425287356322
0 0.28076923076923077 0.7255747126436781 0.28076923076923077 0.7270114942528736 0.2923076923076923 0.7270114942528736 0.2923076923076923 0.7255747126436781 0.28076923076923077 0.7255747126436781
0 0.7692307692307693 0.031609195402298854 0.7692307692307693 0.033045977011494254 0.7884615384615384 0.033045977011494254 0.7884615384615384 0.031609195402298854 0.7692307692307693 0.031609195402298854
0 0.2653846153846154 0.27729885057471265 0.2653846153846154 0.27873563218390807 0.2846153846153846 0.27873563218390807 0.2846153846153846 0.27729885057471265 0.2653846153846154 0.27729885057471265
0 0.046153846153846156 0.0 0.046153846153846156 0.0014367816091954023 0.08076923076923077 0.0014367816091954023 0.08076923076923077 0.0 0.046153846153846156 0.0
0 0.6519230769230769 0.3563218390804598 0.6519230769230769 0.3577586206896552 0.6653846153846154 0.3577586206896552 0.6653846153846154 0.3563218390804598 0.6519230769230769 0.3563218390804598
0 0.7923076923076923 0.45977011494252873 0.7923076923076923 0.46120689655172414 0.8038461538461539 0.46120689655172414 0.8038461538461539 0.45977011494252873 0.7923076923076923 0.45977011494252873
0 0.8173076923076923 0.0 0.8173076923076923 0.0014367816091954023 0.8519230769230769 0.0014367816091954023 0.8519230769230769 0.0 0.8173076923076923 0.0
0 0.17115384615384616 0.2025862068965517 0.17115384615384616 0.20402298850574713 0.175 0.20402298850574713 0.175 0.2025862068965517 0.17115384615384616 0.2025862068965517
0 0.38269230769230766 0.7068965517241379 0.38269230769230766 0.7083333333333334 0.38653846153846155 0.7083333333333334 0.38653846153846155 0.7068965517241379 0.38269230769230766 0.7068965517241379
0 0.8384615384615385 0.3160919540229885 0.8384615384615385 0.3175287356321839 0.8519230769230769 0.3175287356321839 0.8519230769230769 0.3160919540229885 0.8384615384615385 0.3160919540229885
0 1.1192307692307693 0.5890804597701149 1.1192307692307693 0.5905172413793104 1.123076923076923 0.5905172413793104 1.123076923076923 0.5890804597701149 1.1192307692307693 0.5890804597701149
0 0.625 0.6824712643678161 0.625 0.6839080459770115 0.6307692307692307 0.6839080459770115 0.6307692307692307 0.6824712643678161 0.625 0.6824712643678161
0 0.7692307692307693 0.5330459770114943 0.7692307692307693 0.5344827586206896 0.7826923076923077 0.5344827586206896 0.7826923076923077 0.5330459770114943 0.7692307692307693 0.5330459770114943
0 1.125 0.5862068965517241 1.125 0.5876436781609196 1.1326923076923077 0.5876436781609196 1.1326923076923077 0.5862068965517241 1.125 0.5862068965517241
0 1.0846153846153845 0.08908045977011494 1.0846153846153845 0.09051724137931035 1.101923076923077 0.09051724137931035 1.101923076923077 0.08908045977011494 1.0846153846153845 0.08908045977011494
0 0.5634615384615385 0.0 0.5634615384615385 0.0014367816091954023 0.5980769230769231 0.0014367816091954023 0.5980769230769231 0.0 0.5634615384615385 0.0
0 0.39807692307692305 0.36637931034482757 0.39807692307692305 0.367816091954023 0.4115384615384615 0.367816091954023 0.4115384615384615 0.36637931034482757 0.39807692307692305 0.36637931034482757
0 0.5788461538461539 0.23419540229885058 0.5788461538461539 0.23563218390804597 0.5923076923076923 0.23563218390804597 0.5923076923076923 0.23419540229885058 0.5788461538461539 0.23419540229885058
0 0.8807692307692307 0.5502873563218391 0.8807692307692307 0.5517241379310345 0.8826923076923077 0.5517241379310345 0.8826923076923077 0.5502873563218391 0.8807692307692307 0.5502873563218391
0 1.0384615384615385 0.1896551724137931 1.0384615384615385 0.1910919540229885 1.051923076923077 0.1910919540229885 1.051923076923077 0.1896551724137931 1.0384615384615385 0.1896551724137931
0 1.0942307692307693 0.3692528735632184 1.0942307692307693 0.3706896551724138 1.1 0.3706896551724138 1.1 0.3692528735632184 1.0942307692307693 0.3692528735632184
0 1.1115384615384616 0.015804597701149427 1.1115384615384616 0.017241379310344827 1.1192307692307693 0.017241379310344827 1.1192307692307693 0.015804597701149427 1.1115384615384616 0.015804597701149427
0 0.16923076923076924 0.28448275862068967 0.16923076923076924 0.2859195402298851 0.17884615384615385 0.2859195402298851 0.17884615384615385 0.28448275862068967 0.16923076923076924 0.28448275862068967
0 0.08076923076923077 0.01867816091954023 0.08076923076923077 0.020114942528735632 0.08461538461538462 0.020114942528735632 0.08461538461538462 0.01867816091954023 0.08076923076923077 0.01867816091954023
0 1.2615384615384615 0.020114942528735632 1.2615384615384615 0.021551724137931036 1.2653846153846153 0.021551724137931036 1.2653846153846153 0.020114942528735632 1.2615384615384615 0.020114942528735632
0 0.2653846153846154 0.09482758620689655 0.2653846153846154 0.09626436781609195 0.27115384615384613 0.09626436781609195 0.27115384615384613 0.09482758620689655 0.2653846153846154 0.09482758620689655
0 0.7442307692307693 0.5258620689655172 0.7442307692307693 0.5272988505747126 0.75 0.5272988505747126 0.75 0.5258620689655172 0.7442307692307693 0.5258620689655172
0 1.0769230769230769 0.5660919540229885 1.0769230769230769 0.5675287356321839 1.0903846153846153 0.5675287356321839 1.0903846153846153 0.5660919540229885 1.0769230769230769 0.5660919540229885
0 1.3346153846153845 0.47126436781609193 1.3346153846153845 0.47270114942528735 1.3365384615384615 0.47270114942528735 1.3365384615384615 0.47126436781609193 1.3346153846153845 0.47126436781609193
0 0.9326923076923077 0.19540229885057472 0.9326923076923077 0.1968390804597701 0.9384615384615385 0.1968390804597701 0.9384615384615385 0.19540229885057472 0.9326923076923077 0.19540229885057472
0 0.325 0.639367816091954 0.325 0.6408045977011494 0.3384615384615385 0.6408045977011494 0.3384615384615385 0.639367816091954 0.325 0.639367816091954
0 0.575 0.3204022988505747 0.575 0.3218390804597701 0.5846153846153846 0.3218390804597701 0.5846153846153846 0.3204022988505747 0.575 0.3204022988505747
0 1.3076923076923077 0.36063218390804597 1.3076923076923077 0.3620689655172414 1.3134615384615385 0.3620689655172414 1.3134615384615385 0.36063218390804597 1.3076923076923077 0.36063218390804597
0 1.023076923076923 0.6609195402298851 1.023076923076923 0.6623563218390804 1.0461538461538462 0.6623563218390804 1.0461538461538462 0.6609195402298851 1.023076923076923 0.6609195402298851
0 0.8269230769230769 0.6479885057471264 0.8269230769230769 0.6494252873563219 0.8346153846153846 0.6494252873563219 0.8346153846153846 0.6479885057471264 0.8269230769230769 0.6479885057471264
0 0.1346153846153846 0.5890804597701149 0.1346153846153846 0.5905172413793104 0.14423076923076922 0.5905172413793104 0.14423076923076922 0.5890804597701149 0.1346153846153846 0.5890804597701149