0 1.0859375 0.6375 1.0859375 0.640625 1.1015625 0.640625 1.1015625 0.6375 1.0859375 0.6375
0 0.51953125 0.484375 0.51953125 0.4875 0.546875 0.4875 0.546875 0.484375 0.51953125 0.484375
0 1.0234375 0.1375 1.0234375 0.140625 1.03515625 0.140625 1.03515625 0.1375 1.0234375 0.1375
0 0.26953125 0.2375 0.26953125 0.240625 0.2890625 0.240625 0.2890625 0.2375 0.26953125 0.2375
0 0.29296875 0.053125 0.29296875 0.05625 0.3203125 0.05625 0.3203125 0.053125 0.29296875 0.053125
0 0.328125 0.0625 0.328125 0.065625 0.3359375 0.065625 0.3359375 0.0625 0.328125 0.0625
0 0.71875 0.675 0.71875 0.678125 0.80078125 0.678125 0.80078125 0.675 0.71875 0.675
0 1.0 0.425 1.0 0.428125 1.00390625 0.428125 1.00390625 0.425 1.0 0.425
0 0.20703125 0.55625 0.20703125 0.559375 0.23046875 0.559375 0.23046875 0.55625 0.20703125 0.55625
0 0.6875 0.340625 0.6875 0.34375 0.69921875 0.34375 0.69921875 0.340625 0.6875 0.340625
0 1.0390625 0.071875 1.0390625 0.075 1.0625 0.075 1.0625 0.071875 1.0390625 0.071875
0 0.36328125 0.73125 0.36328125 0.734375 0.41796875 0.734375 0.41796875 0.73125 0.36328125 0.73125
0 0.265625 0.075 0.265625 0.078125 0.28515625 0.078125 0.28515625 0.075 0.265625 0.075