0 0.0 0.325 0.0 0.328125 0.00390625 0.328125 0.00390625 0.325 0.0 0.325
0 1.18359375 0.29375 1.18359375 0.296875 1.203125 0.296875 1.203125 0.29375 1.18359375 0.29375
0 0.73046875 0.1125 0.73046875 0.115625 0.7421875 0.115625 0.7421875 0.1125 0.73046875 0.1125
0 0.25390625 0.51875 0.25390625 0.521875 0.28125 0.521875 0.28125 0.51875 0.25390625 0.51875
0 1.20703125 0.4375 1.20703125 0.440625 1.22265625 0.440625 1.22265625 0.4375 1.20703125 0.4375
0 0.75390625 0.078125 0.75390625 0.08125 0.79296875 0.08125 0.79296875 0.078125 0.75390625 0.078125
0 0.57421875 0.115625 0.57421875 0.11875 0.6015625 0.11875 0.6015625 0.115625 0.57421875 0.115625
0 0.72265625 0.2 0.72265625 0.203125 0.74609375 0.203125 0.74609375 0.2 0.72265625 0.2
0 0.35546875 0.3 0.35546875 0.303125 0.390625 0.303125 0.390625 0.3 0.35546875 0.3
0 0.953125 0.0 0.953125 0.003125 0.99609375 0.003125 0.99609375 0.0 0.953125 0.0
0 0.68359375 0.05625 0.68359375 0.059375 0.7109375 0.059375 0.7109375 0.05625 0.68359375 0.05625
0 0.375 0.06875 0.375 0.071875 0.37890625 0.071875 0.37890625 0.06875 0.375 0.06875
0 0.3828125 0.21875 0.3828125 0.221875 0.40625 0.221875 0.40625 0.21875 0.3828125 0.21875
0 1.05078125 0.1625 1.05078125 0.165625 1.08203125 0.165625 1.08203125 0.1625 1.05078125 0.1625
0 0.91796875 0.66875 0.91796875 0.671875 0.953125 0.671875 0.953125 0.66875 0.91796875 0.66875
0 0.63671875 0.365625 0.63671875 0.36875 0.65234375 0.36875 0.65234375 0.365625 0.63671875 0.365625
0 0.140625 0.3875 0.140625 0.390625 0.1640625 0.390625 0.1640625 0.3875 0.140625 0.3875
0 0.13671875 0.2125 0.13671875 0.215625 0.1640625 0.215625 0.1640625 0.2125 0.13671875 0.2125
0 1.09375 0.178125 1.09375 0.18125 1.11328125 0.18125 1.11328125 0.178125 1.09375 0.178125
0 0.015625 0.36875 0.015625 0.371875 0.0390625 0.371875 0.0390625 0.36875 0.015625 0.36875
0 0.03515625 0.0 0.03515625 0.003125 0.0625 0.003125 0.0625 0.0 0.03515625 0.0
0 0.30078125 0.4625 0.30078125 0.465625 0.31640625 0.465625 0.31640625 0.4625 0.30078125 0.4625
0 0.75 0.415625 0.75 0.41875 0.7578125 0.41875 0.7578125 0.415625 0.75 0.415625
0 0.9609375 0.153125 0.9609375 0.15625 0.97265625 0.15625 0.97265625 0.153125 0.9609375 0.153125
0 0.234375 0.284375 0.234375 0.2875 0.24609375 0.2875 0.24609375 0.284375 0.234375 0.284375
0 0.7265625 0.396875 0.7265625 0.4 0.7421875 0.4 0.7421875 0.396875 0.7265625 0.396875
0 1.03125 0.53125 1.03125 0.534375 1.0703125 0.534375 1.0703125 0.53125 1.03125 0.53125
0 0.4140625 0.415625 0.4140625 0.41875 0.44921875 0.41875 0.44921875 0.415625 0.4140625 0.415625
0 1.015625 0.2125 1.015625 0.215625 1.02734375 0.215625 1.02734375 0.2125 1.015625 0.2125
0 0.828125 0.51875 0.828125 0.521875 0.84375 0.521875 0.84375 0.51875 0.828125 0.51875
0 0.42578125 0.48125 0.42578125 0.484375 0.4453125 0.484375 0.4453125 0.48125 0.42578125 0.48125
0 0.0703125 0.284375 0.0703125 0.2875 0.09765625 0.2875 0.09765625 0.284375 0.0703125 0.284375
0 0.35546875 0.571875 0.35546875 0.575 0.38671875 0.575 0.38671875 0.571875 0.35546875 0.571875
0 1.00390625 0.034375 1.00390625 0.0375 1.015625 0.0375 1.015625 0.034375 1.00390625 0.034375
0 0.31640625 0.4125 0.31640625 0.415625 0.33984375 0.415625 0.33984375 0.4125 0.31640625 0.4125
0 0.08203125 0.61875 0.08203125 0.621875 0.11328125 0.621875 0.11328125 0.61875 0.08203125 0.61875
0 0.0625 0.0 0.0625 0.003125 0.15234375 0.003125 0.15234375 0.0 0.0625 0.0
0 1.22265625 0.14375 1.22265625 0.146875 1.24609375 0.146875 1.24609375 0.14375 1.22265625 0.14375
0 0.47265625 0.728125 0.47265625 0.73125 0.49609375 0.73125 0.49609375 0.728125 0.47265625 0.728125
0 0.5 0.54375 0.5 0.546875 0.546875 0.546875 0.546875 0.54375 0.5 0.54375
0 0.734375 0.03125 0.734375 0.034375 0.75390625 0.034375 0.75390625 0.03125 0.734375 0.03125
0 1.08203125 0.2375 1.08203125 0.240625 1.11328125 0.240625 1.11328125 0.2375 1.08203125 0.2375
0 0.859375 0.2625 0.859375 0.265625 0.890625 0.265625 0.890625 0.2625 0.859375 0.2625
0 1.09375 0.28125 1.09375 0.284375 1.1015625 0.284375 1.1015625 0.28125 1.09375 0.28125
0 1.2421875 0.3625 1.2421875 0.365625 1.25 0.365625 1.25 0.3625 1.2421875 0.3625
0 0.6640625 0.178125 0.6640625 0.18125 0.68359375 0.18125 0.68359375 0.178125 0.6640625 0.178125
0 0.1015625 0.75625 0.1015625 0.759375 0.12890625 0.759375 0.12890625 0.75625 0.1015625 0.75625
0 1.234375 0.5875 1.234375 0.590625 1.25 0.590625 1.25 0.5875 1.234375 0.5875
0 1.01953125 0.396875 1.01953125 0.4 1.03125 0.4 1.03125 0.396875 1.01953125 0.396875
0 0.68359375 0.453125 0.68359375 0.45625 0.703125 0.45625 0.703125 0.453125 0.68359375 0.453125
0 0.2265625 0.584375 0.2265625 0.5875 0.24609375 0.5875 0.24609375 0.584375 0.2265625 0.584375
0 0.05859375 0.303125 0.05859375 0.30625 0.0703125 0.30625 0.0703125 0.303125 0.05859375 0.303125
0 0.75 0.028125 0.75 0.03125 0.7578125 0.03125 0.7578125 0.028125 0.75 0.028125
0 0.80078125 0.171875 0.80078125 0.175 0.82421875 0.175 0.82421875 0.171875 0.80078125 0.171875
0 0.26171875 0.6625 0.26171875 0.665625 0.29296875 0.665625 0.29296875 0.6625 0.26171875 0.6625
0 0.19921875 0.0 0.19921875 0.003125 0.28125 0.003125 0.28125 0.0 0.19921875 0.0
0 0.47265625 0.06875 0.47265625 0.071875 0.49609375 0.071875 0.49609375 0.06875 0.47265625 0.06875
0 0.50390625 0.64375 0.50390625 0.646875 0.515625 0.646875 0.515625 0.64375 0.50390625 0.64375
0 0.3984375 0.3625 0.3984375 0.365625 0.40234375 0.365625 0.40234375 0.3625 0.3984375 0.3625
0 0.44140625 0.75625 0.44140625 0.759375 0.47265625 0.759375 0.47265625 0.75625 0.44140625 0.75625
0 0.578125 0.64375 0.578125 0.646875 0.59765625 0.646875 0.59765625 0.64375 0.578125 0.64375