0 0.87890625 0.1125 0.87890625 0.115625 0.89453125 0.115625 0.89453125 0.1125 0.87890625 0.1125
0 0.41796875 0.609375 0.41796875 0.6125 0.43359375 0.6125 0.43359375 0.609375 0.41796875 0.609375
0 0.41796875 0.6625 0.41796875 0.665625 0.453125 0.665625 0.453125 0.6625 0.41796875 0.6625
0 0.16796875 0.7375 0.16796875 0.740625 0.171875 0.740625 0.171875 0.7375 0.16796875 0.7375
0 0.01171875 0.446875 0.01171875 0.45 0.015625 0.45 0.015625 0.446875 0.01171875 0.446875
0 0.73828125 0.265625 0.73828125 0.26875 0.75 0.26875 0.75 0.265625 0.73828125 0.265625
0 0.66796875 0.040625 0.66796875 0.04375 0.67578125 0.04375 0.67578125 0.040625 0.66796875 0.040625
0 1.22265625 0.75625 1.22265625 0.759375 1.23828125 0.759375 1.23828125 0.75625 1.22265625 0.75625
0 0.33984375 0.7625 0.33984375 0.765625 0.34375 0.765625 0.34375 0.7625 0.33984375 0.7625
0 0.265625 0.0 0.265625 0.003125 0.3046875 0.003125 0.3046875 0.0 0.265625 0.0
0 0.1328125 0.128125 0.1328125 0.13125 0.14453125 0.13125 0.14453125 0.128125 0.1328125 0.128125
0 0.23046875 0.728125 0.23046875 0.73125 0.2421875 0.73125 0.2421875 0.728125 0.23046875 0.728125
0 0.05078125 0.103125 0.05078125 0.10625 0.0546875 0.10625 0.0546875 0.103125 0.05078125 0.103125
0 0.24609375 0.615625 0.24609375 0.61875 0.25 0.61875 0.25 0.615625 0.24609375 0.615625
0 1.15234375 0.084375 1.15234375 0.0875 1.1640625 0.0875 1.1640625 0.084375 1.15234375 0.084375
0 1.14453125 0.721875 1.14453125 0.725 1.18359375 0.725 1.18359375 0.721875 1.14453125 0.721875
0 0.16015625 0.484375 0.16015625 0.4875 0.18359375 0.4875 0.18359375 0.484375 0.16015625 0.484375
0 1.03515625 0.596875 1.03515625 0.6 1.05078125 0.6 1.05078125 0.596875 1.03515625 0.596875
0 1.16796875 0.528125 1.16796875 0.53125 1.17578125 0.53125 1.17578125 0.528125 1.16796875 0.528125
0 0.5703125 0.0 0.5703125 0.003125 0.6328125 0.003125 0.6328125 0.0 0.5703125 0.0
0 0.125 0.615625 0.125 0.61875 0.140625 0.61875 0.140625 0.615625 0.125 0.615625
0 0.33203125 0.6625 0.33203125 0.665625 0.33984375 0.665625 0.33984375 0.6625 0.33203125 0.6625
0 1.13671875 0.290625 1.13671875 0.29375 1.14453125 0.29375 1.14453125 0.290625 1.13671875 0.290625
0 0.03515625 0.69375 0.03515625 0.696875 0.04296875 0.696875 0.04296875 0.69375 0.03515625 0.69375
0 1.1484375 0.334375 1.1484375 0.3375 1.16015625 0.3375 1.16015625 0.334375 1.1484375 0.334375
0 1.0234375 0.06875 1.0234375 0.071875 1.0390625 0.071875 1.0390625 0.06875 1.0234375 0.06875
0 0.125 0.359375 0.125 0.3625 0.12890625 0.3625 0.12890625 0.359375 0.125 0.359375
0 0.4921875 0.503125 0.4921875 0.50625 0.50390625 0.50625 0.50390625 0.503125 0.4921875 0.503125
0 0.66015625 0.503125 0.66015625 0.50625 0.67578125 0.50625 0.67578125 0.503125 0.66015625 0.503125
0 0.03515625 0.371875 0.03515625 0.375 0.046875 0.375 0.046875 0.371875 0.03515625 0.371875
0 0.40625 0.453125 0.40625 0.45625 0.4296875 0.45625 0.4296875 0.453125 0.40625 0.453125
0 0.40234375 0.365625 0.40234375 0.36875 0.40625 0.36875 0.40625 0.365625 0.40234375 0.365625
0 0.67578125 0.296875 0.67578125 0.3 0.6875 0.3 0.6875 0.296875 0.67578125 0.296875
0 0.76953125 0.11875 0.76953125 0.121875 0.7890625 0.121875 0.7890625 0.11875 0.76953125 0.11875
0 1.1328125 0.015625 1.1328125 0.01875 1.15625 0.01875 1.15625 0.015625 1.1328125 0.015625
0 0.40234375 0.575 0.40234375 0.578125 0.4140625 0.578125 0.4140625 0.575 0.40234375 0.575
0 0.30859375 0.5875 0.30859375 0.590625 0.3203125 0.590625 0.3203125 0.5875 0.30859375 0.5875
0 0.18359375 0.196875 0.18359375 0.2 0.1875 0.2 0.1875 0.196875 0.18359375 0.196875
0 0.078125 0.753125 0.078125 0.75625 0.0859375 0.75625 0.0859375 0.753125 0.078125 0.753125
0 0.65625 0.1 0.65625 0.103125 0.66015625 0.103125 0.66015625 0.1 0.65625 0.1
0 0.6171875 0.7375 0.6171875 0.740625 0.68359375 0.740625 0.68359375 0.7375 0.6171875 0.7375
0 0.2578125 0.453125 0.2578125 0.45625 0.26953125 0.45625 0.26953125 0.453125 0.2578125 0.453125
0 0.43359375 0.50625 0.43359375 0.509375 0.4375 0.509375 0.4375 0.50625 0.43359375 0.50625
0 0.328125 0.684375 0.328125 0.6875 0.3359375 0.6875 0.3359375 0.684375 0.328125 0.684375
0 0.8203125 0.509375 0.8203125 0.5125 0.83984375 0.5125 0.83984375 0.509375 0.8203125 0.509375
0 0.01171875 0.509375 0.01171875 0.5125 0.03125 0.5125 0.03125 0.509375 0.01171875 0.509375
0 0.62109375 0.415625 0.62109375 0.41875 0.625 0.41875 0.625 0.415625 0.62109375 0.415625
0 1.1484375 0.278125 1.1484375 0.28125 1.16796875 0.28125 1.16796875 0.278125 1.1484375 0.278125
0 0.43359375 0.0 0.43359375 0.003125 0.52734375 0.003125 0.52734375 0.0 0.43359375 0.0
0 1.1875 0.684375 1.1875 0.6875 1.21875 0.6875 1.21875 0.684375 1.1875 0.684375
0 0.58203125 0.109375 0.58203125 0.1125 0.5859375 0.1125 0.5859375 0.109375 0.58203125 0.109375
0 0.13671875 0.315625 0.13671875 0.31875 0.140625 0.31875 0.140625 0.315625 0.13671875 0.315625
0 0.00390625 0.671875 0.00390625 0.675 0.01953125 0.675 0.01953125 0.671875 0.00390625 0.671875
0 0.64453125 0.6125 0.64453125 0.615625 0.66015625 0.615625 0.66015625 0.6125 0.64453125 0.6125
0 0.06640625 0.321875 0.06640625 0.325 0.078125 0.325 0.078125 0.321875 0.06640625 0.321875
0 0.47265625 0.1 0.47265625 0.103125 0.51171875 0.103125 0.51171875 0.1 0.47265625 0.1
0 1.04296875 0.084375 1.04296875 0.0875 1.0546875 0.0875 1.0546875 0.084375 1.04296875 0.084375
0 0.66015625 0.63125 0.66015625 0.634375 0.671875 0.634375 0.671875 0.63125 0.66015625 0.63125
0 0.984375 0.684375 0.984375 0.6875 0.98828125 0.6875 0.98828125 0.684375 0.984375 0.684375
0 1.10546875 0.6625 1.10546875 0.665625 1.1171875 0.665625 1.1171875 0.6625 1.10546875 0.6625
0 1.234375 0.625 1.234375 0.628125 1.24609375 0.628125 1.24609375 0.625 1.234375 0.625
0 1.0234375 0.40625 1.0234375 0.409375 1.04296875 0.409375 1.04296875 0.40625 1.0234375 0.40625
0 0.01171875 0.56875 0.01171875 0.571875 0.015625 0.571875 0.015625 0.56875 0.01171875 0.56875
0 0.6875 0.0 0.6875 0.003125 0.77734375 0.003125 0.77734375 0.0 0.6875 0.0