0 0.044921875 0.509375 0.044921875 0.5109375 0.0625 0.5109375 0.0625 0.509375 0.044921875 0.509375
0 0.44921875 0.50625 0.44921875 0.5078125 0.486328125 0.5078125 0.486328125 0.50625 0.44921875 0.50625
0 0.0546875 0.0265625 0.0546875 0.028125 0.09375 0.028125 0.09375 0.0265625 0.0546875 0.0265625
0 1.00390625 0.078125 1.00390625 0.0796875 1.0078125 0.0796875 1.0078125 0.078125 1.00390625 0.078125
0 0.123046875 0.08125 0.123046875 0.0828125 0.140625 0.0828125 0.140625 0.08125 0.123046875 0.08125
0 0.271484375 0.16875 0.271484375 0.1703125 0.275390625 0.1703125 0.275390625 0.16875 0.271484375 0.16875
0 0.455078125 0.3203125 0.455078125 0.321875 0.48046875 0.321875 0.48046875 0.3203125 0.455078125 0.3203125
0 0.427734375 0.765625 0.427734375 0.7671875 0.43359375 0.7671875 0.43359375 0.765625 0.427734375 0.765625
0 0.904296875 0.6953125 0.904296875 0.696875 0.916015625 0.696875 0.916015625 0.6953125 0.904296875 0.6953125
0 0.443359375 0.6609375 0.443359375 0.6625 0.47265625 0.6625 0.47265625 0.6609375 0.443359375 0.6609375
0 0.638671875 0.0875 0.638671875 0.0890625 0.669921875 0.0890625 0.669921875 0.0875 0.638671875 0.0875
0 0.345703125 0.628125 0.345703125 0.6296875 0.353515625 0.6296875 0.353515625 0.628125 0.345703125 0.628125
0 0.005859375 0.05 0.005859375 0.0515625 0.0234375 0.0515625 0.0234375 0.05 0.005859375 0.05
0 1.21875 0.740625 1.21875 0.7421875 1.224609375 0.7421875 1.224609375 0.740625 1.21875 0.740625
0 0.5390625 0.6484375 0.5390625 0.65 0.564453125 0.65 0.564453125 0.6484375 0.5390625 0.6484375
0 0.837890625 0.69375 0.837890625 0.6953125 0.869140625 0.6953125 0.869140625 0.69375 0.837890625 0.69375
0 0.408203125 0.471875 0.408203125 0.4734375 0.427734375 0.4734375 0.427734375 0.471875 0.408203125 0.471875
0 0.671875 0.315625 0.671875 0.3171875 0.67578125 0.3171875 0.67578125 0.315625 0.671875 0.315625
0 0.5 0.559375 0.5 0.5609375 0.505859375 0.5609375 0.505859375 0.559375 0.5 0.559375
0 0.68359375 0.0 0.68359375 0.0015625 0.783203125 0.0015625 0.783203125 0.0 0.68359375 0.0
0 0.94140625 0.4546875 0.94140625 0.45625 0.96484375 0.45625 0.96484375 0.4546875 0.94140625 0.4546875
0 0.59375 0.3515625 0.59375 0.353125 0.6015625 0.353125 0.6015625 0.3515625 0.59375 0.3515625
0 0.640625 0.040625 0.640625 0.0421875 0.65234375 0.0421875 0.65234375 0.040625 0.640625 0.040625
0 0.306640625 0.0765625 0.306640625 0.078125 0.328125 0.078125 0.328125 0.0765625 0.306640625 0.0765625
0 1.123046875 0.140625 1.123046875 0.1421875 1.14453125 0.1421875 1.14453125 0.140625 1.123046875 0.140625
0 0.59765625 0.521875 0.59765625 0.5234375 0.609375 0.5234375 0.609375 0.521875 0.59765625 0.521875
0 0.04296875 0.140625 0.04296875 0.1421875 0.07421875 0.1421875 0.07421875 0.140625 0.04296875 0.140625
0 0.107421875 0.465625 0.107421875 0.4671875 0.123046875 0.4671875 0.123046875 0.465625 0.107421875 0.465625
0 0.927734375 0.6875 0.927734375 0.6890625 0.947265625 0.6890625 0.947265625 0.6875 0.927734375 0.6875
0 0.220703125 0.621875 0.220703125 0.6234375 0.244140625 0.6234375 0.244140625 0.621875 0.220703125 0.621875
0 0.6171875 0.1359375 0.6171875 0.1375 0.642578125 0.1375 0.642578125 0.1359375 0.6171875 0.1359375
0 1.169921875 0.3390625 1.169921875 0.340625 1.185546875 0.340625 1.185546875 0.3390625 1.169921875 0.3390625
0 0.5078125 0.3703125 0.5078125 0.371875 0.521484375 0.371875 0.521484375 0.3703125 0.5078125 0.3703125
0 1.12890625 0.559375 1.12890625 0.5609375 1.1328125 0.5609375 1.1328125 0.559375 1.12890625 0.559375
0 1.095703125 0.4609375 1.095703125 0.4625 1.109375 0.4625 1.109375 0.4609375 1.095703125 0.4609375
0 0.75 0.0015625 0.75 0.003125 0.771484375 0.003125 0.771484375 0.0015625 0.75 0.0015625
0 0.087890625 0.1015625 0.087890625 0.103125 0.11328125 0.103125 0.11328125 0.1015625 0.087890625 0.1015625
0 0.341796875 0.5859375 0.341796875 0.5875 0.34765625 0.5875 0.34765625 0.5859375 0.341796875 0.5859375
0 0.560546875 0.71875 0.560546875 0.7203125 0.59375 0.7203125 0.59375 0.71875 0.560546875 0.71875
0 0.38671875 0.7234375 0.38671875 0.725 0.404296875 0.725 0.404296875 0.7234375 0.38671875 0.7234375
0 0.716796875 0.3765625 0.716796875 0.378125 0.728515625 0.378125 0.728515625 0.3765625 0.716796875 0.3765625
0 0.716796875 0.728125 0.716796875 0.7296875 0.74609375 0.7296875 0.74609375 0.728125 0.716796875 0.728125
0 0.759765625 0.6734375 0.759765625 0.675 0.7734375 0.675 0.7734375 0.6734375 0.759765625 0.6734375
0 1.0234375 0.66875 1.0234375 0.6703125 1.041015625 0.6703125 1.041015625 0.66875 1.0234375 0.66875