0 0.171875 0.34375 0.171875 0.346875 0.1875 0.346875 0.1875 0.34375 0.171875 0.34375
0 0.3203125 0.440625 0.3203125 0.44375 0.3359375 0.44375 0.3359375 0.440625 0.3203125 0.440625
0 0.79296875 0.115625 0.79296875 0.11875 0.80859375 0.11875 0.80859375 0.115625 0.79296875 0.115625
0 0.48828125 0.490625 0.48828125 0.49375 0.51953125 0.49375 0.51953125 0.490625 0.48828125 0.490625
0 0.0078125 0.725 0.0078125 0.728125 0.01953125 0.728125 0.01953125 0.725 0.0078125 0.725
0 0.70703125 0.6625 0.70703125 0.665625 0.75390625 0.665625 0.75390625 0.6625 0.70703125 0.6625
0 0.7265625 0.34375 0.7265625 0.346875 0.734375 0.346875 0.734375 0.34375 0.7265625 0.34375
0 0.33203125 0.75625 0.33203125 0.759375 0.33984375 0.759375 0.33984375 0.75625 0.33203125 0.75625
0 1.015625 0.65625 1.015625 0.659375 1.0390625 0.659375 1.0390625 0.65625 1.015625 0.65625
0 0.7109375 0.24375 0.7109375 0.246875 0.7265625 0.246875 0.7265625 0.24375 0.7109375 0.24375
0 0.57421875 0.565625 0.57421875 0.56875 0.6171875 0.56875 0.6171875 0.565625 0.57421875 0.565625
0 0.609375 0.0 0.609375 0.003125 0.77734375 0.003125 0.77734375 0.0 0.609375 0.0
0 0.6484375 0.09375 0.6484375 0.096875 0.6640625 0.096875 0.6640625 0.09375 0.6484375 0.09375
0 0.62890625 0.103125 0.62890625 0.10625 0.65234375 0.10625 0.65234375 0.103125 0.62890625 0.103125