0 1.1557692307692307 0.3074712643678161 1.1557692307692307 0.3089080459770115 1.1711538461538462 0.3089080459770115 1.1711538461538462 0.3074712643678161 1.1557692307692307 0.3074712643678161
0 0.3384615384615385 0.5617816091954023 0.3384615384615385 0.5632183908045977 0.34423076923076923 0.5632183908045977 0.34423076923076923 0.5617816091954023 0.3384615384615385 0.5617816091954023
0 0.3557692307692308 0.21982758620689655 0.3557692307692308 0.22126436781609196 0.3596153846153846 0.22126436781609196 0.3596153846153846 0.21982758620689655 0.3557692307692308 0.21982758620689655
0 1.0903846153846153 0.4425287356321839 1.0903846153846153 0.44396551724137934 1.0961538461538463 0.44396551724137934 1.0961538461538463 0.4425287356321839 1.0903846153846153 0.4425287356321839
0 1.3096153846153846 0.21264367816091953 1.3096153846153846 0.21408045977011494 1.3192307692307692 0.21408045977011494 1.3192307692307692 0.21264367816091953 1.3096153846153846 0.21264367816091953
0 0.15576923076923077 0.2543103448275862 0.15576923076923077 0.2557471264367816 0.1596153846153846 0.2557471264367816 0.1596153846153846 0.2543103448275862 0.15576923076923077 0.2543103448275862
0 0.948076923076923 0.6149425287356322 0.948076923076923 0.6163793103448276 0.9557692307692308 0.6163793103448276 0.9557692307692308 0.6149425287356322 0.948076923076923 0.6149425287356322
0 0.9461538461538461 0.5732758620689655 0.9461538461538461 0.5747126436781609 0.9538461538461539 0.5747126436781609 0.9538461538461539 0.5732758620689655 0.9461538461538461 0.5732758620689655
0 0.676923076923077 0.32471264367816094 0.676923076923077 0.3261494252873563 0.6923076923076923 0.3261494252873563 0.6923076923076923 0.32471264367816094 0.676923076923077 0.32471264367816094
0 0.11923076923076924 0.3994252873563218 0.11923076923076924 0.40086206896551724 0.13076923076923078 0.40086206896551724 0.13076923076923078 0.3994252873563218 0.11923076923076924 0.3994252873563218
0 0.1076923076923077 0.625 0.1076923076923077 0.6264367816091954 0.12884615384615383 0.6264367816091954 0.12884615384615383 0.625 0.1076923076923077 0.625
0 0.125 0.2471264367816092 0.125 0.24856321839080459 0.14423076923076922 0.24856321839080459 0.14423076923076922 0.2471264367816092 0.125 0.2471264367816092
0 0.6096153846153847 0.21839080459770116 0.6096153846153847 0.21982758620689655 0.6192307692307693 0.21982758620689655 0.6192307692307693 0.21839080459770116 0.6096153846153847 0.21839080459770116
0 0.15384615384615385 0.1752873563218391 0.15384615384615385 0.17672413793103448 0.16153846153846155 0.17672413793103448 0.16153846153846155 0.1752873563218391 0.15384615384615385 0.1752873563218391
0 1.0115384615384615 0.5876436781609196 1.0115384615384615 0.5890804597701149 1.025 0.5890804597701149 1.025 0.5876436781609196 1.0115384615384615 0.5876436781609196
0 1.1788461538461539 0.2514367816091954 1.1788461538461539 0.25287356321839083 1.1942307692307692 0.25287356321839083 1.1942307692307692 0.2514367816091954 1.1788461538461539 0.2514367816091954
0 0.375 0.33764367816091956 0.375 0.3390804597701149 0.40384615384615385 0.3390804597701149 0.40384615384615385 0.33764367816091956 0.375 0.33764367816091956
0 0.2173076923076923 0.1781609195402299 0.2173076923076923 0.17959770114942528 0.23076923076923078 0.17959770114942528 0.23076923076923078 0.1781609195402299 0.2173076923076923 0.1781609195402299
0 0.9115384615384615 0.014367816091954023 0.9115384615384615 0.015804597701149427 0.9173076923076923 0.015804597701149427 0.9173076923076923 0.014367816091954023 0.9115384615384615 0.014367816091954023
0 0.28846153846153844 0.10057471264367816 0.28846153846153844 0.10201149425287356 0.29615384615384616 0.10201149425287356 0.29615384615384616 0.10057471264367816 0.28846153846153844 0.10057471264367816
0 0.975 0.6695402298850575 0.975 0.6709770114942529 0.9807692307692307 0.6709770114942529 0.9807692307692307 0.6695402298850575 0.975 0.6695402298850575
0 0.43846153846153846 0.03017241379310345 0.43846153846153846 0.031609195402298854 0.4519230769230769 0.031609195402298854 0.4519230769230769 0.03017241379310345 0.43846153846153846 0.03017241379310345
0 0.8442307692307692 0.0 0.8442307692307692 0.0014367816091954023 0.8942307692307693 0.0014367816091954023 0.8942307692307693 0.0 0.8442307692307692 0.0
0 1.248076923076923 0.45689655172413796 1.248076923076923 0.4583333333333333 1.2615384615384615 0.4583333333333333 1.2615384615384615 0.45689655172413796 1.248076923076923 0.45689655172413796
0 0.3942307692307692 0.19827586206896552 0.3942307692307692 0.1997126436781609 0.4 0.1997126436781609 0.4 0.19827586206896552 0.3942307692307692 0.19827586206896552
0 0.4076923076923077 0.05459770114942529 0.4076923076923077 0.05603448275862069 0.4173076923076923 0.05603448275862069 0.4173076923076923 0.05459770114942529 0.4076923076923077 0.05459770114942529
0 0.8307692307692308 0.45977011494252873 0.8307692307692308 0.46120689655172414 0.8423076923076923 0.46120689655172414 0.8423076923076923 0.45977011494252873 0.8307692307692308 0.45977011494252873
0 0.6730769230769231 0.42528735632183906 0.6730769230769231 0.4267241379310345 0.6826923076923077 0.4267241379310345 0.6826923076923077 0.42528735632183906 0.6730769230769231 0.42528735632183906
0 0.175 0.7155172413793104 0.175 0.7169540229885057 0.18846153846153846 0.7169540229885057 0.18846153846153846 0.7155172413793104 0.175 0.7155172413793104
0 0.24615384615384617 0.6436781609195402 0.24615384615384617 0.6451149425287356 0.26346153846153847 0.6451149425287356 0.26346153846153847 0.6436781609195402 0.24615384615384617 0.6436781609195402
0 0.551923076923077 0.7413793103448276 0.551923076923077 0.742816091954023 0.5711538461538461 0.742816091954023 0.5711538461538461 0.7413793103448276 0.551923076923077 0.7413793103448276
0 1.146153846153846 0.3146551724137931 1.146153846153846 0.3160919540229885 1.1711538461538462 0.3160919540229885 1.1711538461538462 0.3146551724137931 1.146153846153846 0.3146551724137931
0 0.225 0.04454022988505747 0.225 0.04597701149425287 0.2326923076923077 0.04597701149425287 0.2326923076923077 0.04454022988505747 0.225 0.04454022988505747
0 0.3269230769230769 0.3994252873563218 0.3269230769230769 0.40086206896551724 0.3403846153846154 0.40086206896551724 0.3403846153846154 0.3994252873563218 0.3269230769230769 0.3994252873563218
0 1.2884615384615385 0.21839080459770116 1.2884615384615385 0.21982758620689655 1.2980769230769231 0.21982758620689655 1.2980769230769231 0.21839080459770116 1.2884615384615385 0.21839080459770116
0 0.4519230769230769 0.15948275862068967 0.4519230769230769 0.16091954022988506 0.46153846153846156 0.16091954022988506 0.46153846153846156 0.15948275862068967 0.4519230769230769 0.15948275862068967
0 1.1846153846153846 0.28735632183908044 1.1846153846153846 0.28879310344827586 1.198076923076923 0.28879310344827586 1.198076923076923 0.28735632183908044 1.1846153846153846 0.28735632183908044
0 1.1730769230769231 0.4899425287356322 1.1730769230769231 0.49137931034482757 1.1788461538461539 0.49137931034482757 1.1788461538461539 0.4899425287356322 1.1730769230769231 0.4899425287356322
0 1.1326923076923077 0.5991379310344828 1.1326923076923077 0.6005747126436781 1.1442307692307692 0.6005747126436781 1.1442307692307692 0.5991379310344828 1.1326923076923077 0.5991379310344828
0 0.6269230769230769 0.38362068965517243 0.6269230769230769 0.3850574712643678 0.6307692307692307 0.3850574712643678 0.6307692307692307 0.38362068965517243 0.6269230769230769 0.38362068965517243
0 1.1211538461538462 0.6681034482758621 1.1211538461538462 0.6695402298850575 1.1346153846153846 0.6695402298850575 1.1346153846153846 0.6681034482758621 1.1211538461538462 0.6681034482758621
0 0.38461538461538464 0.7155172413793104 0.38461538461538464 0.7169540229885057 0.39615384615384613 0.7169540229885057 0.39615384615384613 0.7155172413793104 0.38461538461538464 0.7155172413793104
0 0.6115384615384616 0.3175287356321839 0.6115384615384616 0.31896551724137934 0.6230769230769231 0.31896551724137934 0.6230769230769231 0.3175287356321839 0.6115384615384616 0.3175287356321839
0 0.25384615384615383 0.17097701149425287 0.25384615384615383 0.1724137931034483 0.26346153846153847 0.1724137931034483 0.26346153846153847 0.17097701149425287 0.25384615384615383 0.17097701149425287
0 1.275 0.06752873563218391 1.275 0.06896551724137931 1.2903846153846155 0.06896551724137931 1.2903846153846155 0.06752873563218391 1.275 0.06752873563218391
0 0.3596153846153846 0.1882183908045977 0.3596153846153846 0.1896551724137931 0.37884615384615383 0.1896551724137931 0.37884615384615383 0.1882183908045977 0.3596153846153846 0.1882183908045977
0 0.9365384615384615 0.14080459770114942 0.9365384615384615 0.14224137931034483 0.95 0.14224137931034483 0.95 0.14080459770114942 0.9365384615384615 0.14080459770114942
0 0.9865384615384616 0.5028735632183908 0.9865384615384616 0.5043103448275862 1.0057692307692307 0.5043103448275862 1.0057692307692307 0.5028735632183908 0.9865384615384616 0.5028735632183908
0 0.04807692307692308 0.4698275862068966 0.04807692307692308 0.47126436781609193 0.075 0.47126436781609193 0.075 0.4698275862068966 0.04807692307692308 0.4698275862068966
0 0.46923076923076923 0.1221264367816092 0.46923076923076923 0.1235632183908046 0.48846153846153845 0.1235632183908046 0.48846153846153845 0.1221264367816092 0.46923076923076923 0.1221264367816092
0 0.9 0.45689655172413796 0.9 0.4583333333333333 0.9096153846153846 0.4583333333333333 0.9096153846153846 0.45689655172413796 0.9 0.45689655172413796
0 0.7557692307692307 0.004310344827586207 0.7557692307692307 0.005747126436781609 0.7711538461538462 0.005747126436781609 0.7711538461538462 0.004310344827586207 0.7557692307692307 0.004310344827586207
0 0.9326923076923077 0.6709770114942529 0.9326923076923077 0.6724137931034483 0.9384615384615385 0.6724137931034483 0.9384615384615385 0.6709770114942529 0.9326923076923077 0.6709770114942529
0 0.21346153846153845 0.7054597701149425 0.21346153846153845 0.7068965517241379 0.225 0.7068965517241379 0.225 0.7054597701149425 0.21346153846153845 0.7054597701149425
0 0.698076923076923 0.15804597701149425 0.698076923076923 0.15948275862068967 0.7153846153846154 0.15948275862068967 0.7153846153846154 0.15804597701149425 0.698076923076923 0.15804597701149425
0 0.9673076923076923 0.41954022988505746 0.9673076923076923 0.4209770114942529 0.9903846153846154 0.4209770114942529 0.9903846153846154 0.41954022988505746 0.9673076923076923 0.41954022988505746
0 0.6423076923076924 0.6091954022988506 0.6423076923076924 0.610632183908046 0.6692307692307692 0.610632183908046 0.6692307692307692 0.6091954022988506 0.6423076923076924 0.6091954022988506
0 0.1423076923076923 0.1810344827586207 0.1423076923076923 0.1824712643678161 0.1519230769230769 0.1824712643678161 0.1519230769230769 0.1810344827586207 0.1423076923076923 0.1810344827586207
0 0.625 0.5603448275862069 0.625 0.5617816091954023 0.6442307692307693 0.5617816091954023 0.6442307692307693 0.5603448275862069 0.625 0.5603448275862069
0 0.625 0.23275862068965517 0.625 0.23419540229885058 0.6326923076923077 0.23419540229885058 0.6326923076923077 0.23275862068965517 0.625 0.23275862068965517
0 0.8403846153846154 0.04454022988505747 0.8403846153846154 0.04597701149425287 0.8480769230769231 0.04597701149425287 0.8480769230769231 0.04454022988505747 0.8403846153846154 0.04454022988505747
0 0.3269230769230769 0.36063218390804597 0.3269230769230769 0.3620689655172414 0.3346153846153846 0.3620689655172414 0.3346153846153846 0.36063218390804597 0.3269230769230769 0.36063218390804597
0 0.8134615384615385 0.27729885057471265 0.8134615384615385 0.27873563218390807 0.823076923076923 0.27873563218390807 0.823076923076923 0.27729885057471265 0.8134615384615385 0.27729885057471265
0 0.6884615384615385 0.5186781609195402 0.6884615384615385 0.5201149425287356 0.7192307692307692 0.5201149425287356 0.7192307692307692 0.5186781609195402 0.6884615384615385 0.5186781609195402
0 0.31153846153846154 0.5775862068965517 0.31153846153846154 0.5790229885057471 0.3269230769230769 0.5790229885057471 0.3269230769230769 0.5775862068965517 0.31153846153846154 0.5775862068965517
0 0.825 0.1839080459770115 0.825 0.1853448275862069 0.8365384615384616 0.1853448275862069 0.8365384615384616 0.1839080459770115 0.825 0.1839080459770115
0 0.013461538461538462 0.37787356321839083 0.013461538461538462 0.3793103448275862 0.026923076923076925 0.3793103448275862 0.026923076923076925 0.37787356321839083 0.013461538461538462 0.37787356321839083
0 0.04807692307692308 0.0 0.04807692307692308 0.0014367816091954023 0.09230769230769231 0.0014367816091954023 0.09230769230769231 0.0 0.04807692307692308 0.0
0 0.9057692307692308 0.28448275862068967 0.9057692307692308 0.2859195402298851 0.9115384615384615 0.2859195402298851 0.9115384615384615 0.28448275862068967 0.9057692307692308 0.28448275862068967
0 0.19423076923076923 0.5488505747126436 0.19423076923076923 0.5502873563218391 0.22692307692307692 0.5502873563218391 0.22692307692307692 0.5488505747126436 0.19423076923076923 0.5488505747126436
0 0.27307692307692305 0.4827586206896552 0.27307692307692305 0.48419540229885055 0.27692307692307694 0.48419540229885055 0.27692307692307694 0.4827586206896552 0.27307692307692305 0.4827586206896552
0 0.028846153846153848 0.728448275862069 0.028846153846153848 0.7298850574712644 0.04230769230769231 0.7298850574712644 0.04230769230769231 0.728448275862069 0.028846153846153848 0.728448275862069
0 0.8 0.5028735632183908 0.8 0.5043103448275862 0.8192307692307692 0.5043103448275862 0.8192307692307692 0.5028735632183908 0.8 0.5028735632183908
0 0.19615384615384615 0.1939655172413793 0.19615384615384615 0.19540229885057472 0.20961538461538462 0.19540229885057472 0.20961538461538462 0.1939655172413793 0.19615384615384615 0.1939655172413793
0 1.1442307692307692 0.1206896551724138 1.1442307692307692 0.1221264367816092 1.1557692307692307 0.1221264367816092 1.1557692307692307 0.1206896551724138 1.1442307692307692 0.1206896551724138
0 1.148076923076923 0.43103448275862066 1.148076923076923 0.4324712643678161 1.1519230769230768 0.4324712643678161 1.1519230769230768 0.43103448275862066 1.148076923076923 0.43103448275862066
0 0.9307692307692308 0.31896551724137934 0.9307692307692308 0.3204022988505747 0.9384615384615385 0.3204022988505747 0.9384615384615385 0.31896551724137934 0.9307692307692308 0.31896551724137934
0 0.5769230769230769 0.5459770114942529 0.5769230769230769 0.5474137931034483 0.5807692307692308 0.5474137931034483 0.5807692307692308 0.5459770114942529 0.5769230769230769 0.5459770114942529
0 0.9903846153846154 0.07902298850574713 0.9903846153846154 0.08045977011494253 1.001923076923077 0.08045977011494253 1.001923076923077 0.07902298850574713 0.9903846153846154 0.07902298850574713
0 0.5653846153846154 0.21408045977011494 0.5653846153846154 0.21551724137931033 0.5692307692307692 0.21551724137931033 0.5692307692307692 0.21408045977011494 0.5653846153846154 0.21408045977011494
0 0.5538461538461539 0.08477011494252873 0.5538461538461539 0.08620689655172414 0.5711538461538461 0.08620689655172414 0.5711538461538461 0.08477011494252873 0.5538461538461539 0.08477011494252873
0 1.1942307692307692 0.10919540229885058 1.1942307692307692 0.11063218390804598 1.2038461538461538 0.11063218390804598 1.2038461538461538 0.10919540229885058 1.1942307692307692 0.10919540229885058
0 0.07307692307692308 0.22126436781609196 0.07307692307692308 0.22270114942528735 0.08653846153846154 0.22270114942528735 0.08653846153846154 0.22126436781609196 0.07307692307692308 0.22126436781609196
0 0.7480769230769231 0.5775862068965517 0.7480769230769231 0.5790229885057471 0.7653846153846153 0.5790229885057471 0.7653846153846153 0.5775862068965517 0.7480769230769231 0.5775862068965517
0 0.23076923076923078 0.4238505747126437 0.23076923076923078 0.42528735632183906 0.25 0.42528735632183906 0.25 0.4238505747126437 0.23076923076923078 0.4238505747126437
0 0.3326923076923077 0.646551724137931 0.3326923076923077 0.6479885057471264 0.35 0.6479885057471264 0.35 0.646551724137931 0.3326923076923077 0.646551724137931
0 0.0 0.0 0.0 0.0014367816091954023 0.03653846153846154 0.0014367816091954023 0.03653846153846154 0.0 0.0 0.0
0 0.09807692307692308 0.5028735632183908 0.09807692307692308 0.5043103448275862 0.10384615384615385 0.5043103448275862 0.10384615384615385 0.5028735632183908 0.09807692307692308 0.5028735632183908
0 0.4153846153846154 0.25 0.4153846153846154 0.2514367816091954 0.425 0.2514367816091954 0.425 0.25 0.4153846153846154 0.25
0 0.07884615384615384 0.1853448275862069 0.07884615384615384 0.1867816091954023 0.1 0.1867816091954023 0.1 0.1853448275862069 0.07884615384615384 0.1853448275862069
0 0.07115384615384615 0.632183908045977 0.07115384615384615 0.6336206896551724 0.07692307692307693 0.6336206896551724 0.07692307692307693 0.632183908045977 0.07115384615384615 0.632183908045977
0 0.05 0.4295977011494253 0.05 0.43103448275862066 0.05384615384615385 0.43103448275862066 0.05384615384615385 0.4295977011494253 0.05 0.4295977011494253
0 0.7826923076923077 0.05028735632183908 0.7826923076923077 0.05172413793103448 0.7980769230769231 0.05172413793103448 0.7980769230769231 0.05028735632183908 0.7826923076923077 0.05028735632183908
0 0.9846153846153847 0.09770114942528736 0.9846153846153847 0.09913793103448276 0.9923076923076923 0.09913793103448276 0.9923076923076923 0.09770114942528736 0.9846153846153847 0.09770114942528736
0 0.20961538461538462 0.4511494252873563 0.20961538461538462 0.4525862068965517 0.23076923076923078 0.4525862068965517 0.23076923076923078 0.4511494252873563 0.20961538461538462 0.4511494252873563
0 1.3134615384615385 0.12931034482758622 1.3134615384615385 0.1307471264367816 1.3173076923076923 0.1307471264367816 1.3173076923076923 0.12931034482758622 1.3134615384615385 0.12931034482758622
0 0.12692307692307692 0.5244252873563219 0.12692307692307692 0.5258620689655172 0.14038461538461539 0.5258620689655172 0.14038461538461539 0.5244252873563219 0.12692307692307692 0.5244252873563219
0 0.23076923076923078 0.6451149425287356 0.23076923076923078 0.646551724137931 0.24615384615384617 0.646551724137931 0.24615384615384617 0.6451149425287356 0.23076923076923078 0.6451149425287356
0 0.823076923076923 0.6982758620689655 0.823076923076923 0.6997126436781609 0.8326923076923077 0.6997126436781609 0.8326923076923077 0.6982758620689655 0.823076923076923 0.6982758620689655
0 0.9461538461538461 0.1925287356321839 0.9461538461538461 0.1939655172413793 0.9615384615384616 0.1939655172413793 0.9615384615384616 0.1925287356321839 0.9461538461538461 0.1925287356321839
0 0.011538461538461539 0.0014367816091954023 0.011538461538461539 0.0028735632183908046 0.025 0.0028735632183908046 0.025 0.0014367816091954023 0.011538461538461539 0.0014367816091954023
0 0.5961538461538461 0.041666666666666664 0.5961538461538461 0.04310344827586207 0.6115384615384616 0.04310344827586207 0.6115384615384616 0.041666666666666664 0.5961538461538461 0.041666666666666664
0 1.1596153846153847 0.610632183908046 1.1596153846153847 0.6120689655172413 1.176923076923077 0.6120689655172413 1.176923076923077 0.610632183908046 1.1596153846153847 0.610632183908046
0 1.2538461538461538 0.7155172413793104 1.2538461538461538 0.7169540229885057 1.2615384615384615 0.7169540229885057 1.2615384615384615 0.7155172413793104 1.2538461538461538 0.7155172413793104
0 0.075 0.08908045977011494 0.075 0.09051724137931035 0.08653846153846154 0.09051724137931035 0.08653846153846154 0.08908045977011494 0.075 0.08908045977011494
0 0.1346153846153846 0.021551724137931036 0.1346153846153846 0.022988505747126436 0.14423076923076922 0.022988505747126436 0.14423076923076922 0.021551724137931036 0.1346153846153846 0.021551724137931036
0 0.3096153846153846 0.33620689655172414 0.3096153846153846 0.33764367816091956 0.3269230769230769 0.33764367816091956 0.3269230769230769 0.33620689655172414 0.3096153846153846 0.33620689655172414
0 0.3576923076923077 0.5373563218390804 0.3576923076923077 0.5387931034482759 0.36923076923076925 0.5387931034482759 0.36923076923076925 0.5373563218390804 0.3576923076923077 0.5373563218390804
0 0.19230769230769232 0.33764367816091956 0.19230769230769232 0.3390804597701149 0.20961538461538462 0.3390804597701149 0.20961538461538462 0.33764367816091956 0.19230769230769232 0.33764367816091956
0 0.5346153846153846 0.34195402298850575 0.5346153846153846 0.34339080459770116 0.5365384615384615 0.34339080459770116 0.5365384615384615 0.34195402298850575 0.5346153846153846 0.34195402298850575
0 0.4980769230769231 0.1867816091954023 0.4980769230769231 0.1882183908045977 0.5038461538461538 0.1882183908045977 0.5038461538461538 0.1867816091954023 0.4980769230769231 0.1867816091954023
0 0.7057692307692308 0.36063218390804597 0.7057692307692308 0.3620689655172414 0.7153846153846154 0.3620689655172414 0.7153846153846154 0.36063218390804597 0.7057692307692308 0.36063218390804597
0 0.19423076923076923 0.21839080459770116 0.19423076923076923 0.21982758620689655 0.20576923076923076 0.21982758620689655 0.20576923076923076 0.21839080459770116 0.19423076923076923 0.21839080459770116
0 0.3403846153846154 0.2514367816091954 0.3403846153846154 0.25287356321839083 0.35192307692307695 0.25287356321839083 0.35192307692307695 0.2514367816091954 0.3403846153846154 0.2514367816091954
0 1.2961538461538462 0.7097701149425287 1.2961538461538462 0.7112068965517241 1.3057692307692308 0.7112068965517241 1.3057692307692308 0.7097701149425287 1.2961538461538462 0.7097701149425287
0 0.8115384615384615 0.4425287356321839 0.8115384615384615 0.44396551724137934 0.8269230769230769 0.44396551724137934 0.8269230769230769 0.4425287356321839 0.8115384615384615 0.4425287356321839
0 0.8057692307692308 0.2514367816091954 0.8057692307692308 0.25287356321839083 0.8153846153846154 0.25287356321839083 0.8153846153846154 0.2514367816091954 0.8057692307692308 0.2514367816091954
0 0.25769230769230766 0.6379310344827587 0.25769230769230766 0.639367816091954 0.2692307692307692 0.639367816091954 0.2692307692307692 0.6379310344827587 0.25769230769230766 0.6379310344827587
0 0.40576923076923077 0.6925287356321839 0.40576923076923077 0.6939655172413793 0.41923076923076924 0.6939655172413793 0.41923076923076924 0.6925287356321839 0.40576923076923077 0.6925287356321839
0 1.1384615384615384 0.14942528735632185 1.1384615384615384 0.15086206896551724 1.146153846153846 0.15086206896551724 1.146153846153846 0.14942528735632185 1.1384615384615384 0.14942528735632185
0 1.1634615384615385 0.6824712643678161 1.1634615384615385 0.6839080459770115 1.1788461538461539 0.6839080459770115 1.1788461538461539 0.6824712643678161 1.1634615384615385 0.6824712643678161
0 1.2461538461538462 0.02442528735632184 1.2461538461538462 0.02586206896551724 1.251923076923077 0.02586206896551724 1.251923076923077 0.02442528735632184 1.2461538461538462 0.02442528735632184
0 0.4423076923076923 0.007183908045977011 0.4423076923076923 0.008620689655172414 0.4519230769230769 0.008620689655172414 0.4519230769230769 0.007183908045977011 0.4423076923076923 0.007183908045977011
0 0.6730769230769231 0.6609195402298851 0.6730769230769231 0.6623563218390804 0.6788461538461539 0.6623563218390804 0.6788461538461539 0.6609195402298851 0.6730769230769231 0.6609195402298851
0 0.5423076923076923 0.09195402298850575 0.5423076923076923 0.09339080459770115 0.5442307692307692 0.09339080459770115 0.5442307692307692 0.09195402298850575 0.5423076923076923 0.09195402298850575
0 1.2692307692307692 0.05747126436781609 1.2692307692307692 0.05890804597701149 1.2884615384615385 0.05890804597701149 1.2884615384615385 0.05747126436781609 1.2692307692307692 0.05747126436781609
0 1.146153846153846 0.4209770114942529 1.146153846153846 0.4224137931034483 1.1615384615384616 0.4224137931034483 1.1615384615384616 0.4209770114942529 1.146153846153846 0.4209770114942529
0 1.15 0.5704022988505747 1.15 0.5718390804597702 1.1807692307692308 0.5718390804597702 1.1807692307692308 0.5704022988505747 1.15 0.5704022988505747
0 0.31346153846153846 0.1997126436781609 0.31346153846153846 0.20114942528735633 0.32884615384615384 0.20114942528735633 0.32884615384615384 0.1997126436781609 0.31346153846153846 0.1997126436781609
0 0.3903846153846154 0.6120689655172413 0.3903846153846154 0.6135057471264368 0.4 0.6135057471264368 0.4 0.6120689655172413 0.3903846153846154 0.6120689655172413
0 0.6596153846153846 0.4511494252873563 0.6596153846153846 0.4525862068965517 0.6653846153846154 0.4525862068965517 0.6653846153846154 0.4511494252873563 0.6596153846153846 0.4511494252873563
0 0.6807692307692308 0.23419540229885058 0.6807692307692308 0.23563218390804597 0.698076923076923 0.23563218390804597 0.698076923076923 0.23419540229885058 0.6807692307692308 0.23419540229885058
0 1.05 0.09482758620689655 1.05 0.09626436781609195 1.0673076923076923 0.09626436781609195 1.0673076923076923 0.09482758620689655 1.05 0.09482758620689655
0 0.38269230769230766 0.5675287356321839 0.38269230769230766 0.5689655172413793 0.40192307692307694 0.5689655172413793 0.40192307692307694 0.5675287356321839 0.38269230769230766 0.5675287356321839
0 1.0788461538461538 0.6839080459770115 1.0788461538461538 0.6853448275862069 1.1 0.6853448275862069 1.1 0.6839080459770115 1.0788461538461538 0.6839080459770115
0 1.1096153846153847 0.15948275862068967 1.1096153846153847 0.16091954022988506 1.1192307692307693 0.16091954022988506 1.1192307692307693 0.15948275862068967 1.1096153846153847 0.15948275862068967
0 1.3076923076923077 0.4956896551724138 1.3076923076923077 0.49712643678160917 1.323076923076923 0.49712643678160917 1.323076923076923 0.4956896551724138 1.3076923076923077 0.4956896551724138
0 0.10384615384615385 0.6479885057471264 0.10384615384615385 0.6494252873563219 0.11153846153846154 0.6494252873563219 0.11153846153846154 0.6479885057471264 0.10384615384615385 0.6479885057471264
0 0.23846153846153847 0.7140804597701149 0.23846153846153847 0.7155172413793104 0.25 0.7155172413793104 0.25 0.7140804597701149 0.23846153846153847 0.7140804597701149
0 0.8365384615384616 0.7112068965517241 0.8365384615384616 0.7126436781609196 0.8557692307692307 0.7126436781609196 0.8557692307692307 0.7112068965517241 0.8365384615384616 0.7112068965517241
0 0.4326923076923077 0.3764367816091954 0.4326923076923077 0.37787356321839083 0.4423076923076923 0.37787356321839083 0.4423076923076923 0.3764367816091954 0.4326923076923077 0.3764367816091954
0 0.8788461538461538 0.08908045977011494 0.8788461538461538 0.09051724137931035 0.8826923076923077 0.09051724137931035 0.8826923076923077 0.08908045977011494 0.8788461538461538 0.08908045977011494
0 0.35384615384615387 0.3879310344827586 0.35384615384615387 0.38936781609195403 0.36538461538461536 0.38936781609195403 0.36538461538461536 0.3879310344827586 0.35384615384615387 0.3879310344827586
0 0.075 0.08333333333333333 0.075 0.08477011494252873 0.08653846153846154 0.08477011494252873 0.08653846153846154 0.08333333333333333 0.075 0.08333333333333333
0 1.2365384615384616 0.24856321839080459 1.2365384615384616 0.25 1.2461538461538462 0.25 1.2461538461538462 0.24856321839080459 1.2365384615384616 0.24856321839080459
0 0.8788461538461538 0.6364942528735632 0.8788461538461538 0.6379310344827587 0.8807692307692307 0.6379310344827587 0.8807692307692307 0.6364942528735632 0.8788461538461538 0.6364942528735632
0 0.11153846153846154 0.10488505747126436 0.11153846153846154 0.10632183908045977 0.12692307692307692 0.10632183908045977 0.12692307692307692 0.10488505747126436 0.11153846153846154 0.10488505747126436