0 0.013461538461538462 0.4899425287356322 0.013461538461538462 0.49137931034482757 0.03076923076923077 0.49137931034482757 0.03076923076923077 0.4899425287356322 0.013461538461538462 0.4899425287356322
0 0.11538461538461539 0.23419540229885058 0.11538461538461539 0.23563218390804597 0.13076923076923078 0.23563218390804597 0.13076923076923078 0.23419540229885058 0.11538461538461539 0.23419540229885058
0 0.09615384615384616 0.5344827586206896 0.09615384615384616 0.5359195402298851 0.10961538461538461 0.5359195402298851 0.10961538461538461 0.5344827586206896 0.09615384615384616 0.5344827586206896
0 0.675 0.40948275862068967 0.675 0.4109195402298851 0.6923076923076923 0.4109195402298851 0.6923076923076923 0.40948275862068967 0.675 0.40948275862068967
0 0.7519230769230769 0.35919540229885055 0.7519230769230769 0.36063218390804597 0.7634615384615384 0.36063218390804597 0.7634615384615384 0.35919540229885055 0.7519230769230769 0.35919540229885055
0 0.38269230769230766 0.08764367816091954 0.38269230769230766 0.08908045977011494 0.39615384615384613 0.08908045977011494 0.39615384615384613 0.08764367816091954 0.38269230769230766 0.08764367816091954
0 0.12884615384615383 0.4956896551724138 0.12884615384615383 0.49712643678160917 0.14423076923076922 0.49712643678160917 0.14423076923076922 0.4956896551724138 0.12884615384615383 0.4956896551724138
0 0.2923076923076923 0.09339080459770115 0.2923076923076923 0.09482758620689655 0.2980769230769231 0.09482758620689655 0.2980769230769231 0.09339080459770115 0.2923076923076923 0.09339080459770115
0 0.6692307692307692 0.5201149425287356 0.6692307692307692 0.521551724137931 0.676923076923077 0.521551724137931 0.676923076923077 0.5201149425287356 0.6692307692307692 0.5201149425287356
0 0.8903846153846153 0.4870689655172414 0.8903846153846153 0.4885057471264368 0.8980769230769231 0.4885057471264368 0.8980769230769231 0.4870689655172414 0.8903846153846153 0.4870689655172414
0 1.0807692307692307 0.2988505747126437 1.0807692307692307 0.30028735632183906 1.0865384615384615 0.30028735632183906 1.0865384615384615 0.2988505747126437 1.0807692307692307 0.2988505747126437
0 0.5846153846153846 0.7198275862068966 0.5846153846153846 0.7212643678160919 0.5923076923076923 0.7212643678160919 0.5923076923076923 0.7198275862068966 0.5846153846153846 0.7198275862068966
0 0.7673076923076924 0.44396551724137934 0.7673076923076924 0.4454022988505747 0.7788461538461539 0.4454022988505747 0.7788461538461539 0.44396551724137934 0.7673076923076924 0.44396551724137934
0 0.4826923076923077 0.47413793103448276 0.4826923076923077 0.4755747126436782 0.49230769230769234 0.4755747126436782 0.49230769230769234 0.47413793103448276 0.4826923076923077 0.47413793103448276
0 0.41923076923076924 0.5229885057471264 0.41923076923076924 0.5244252873563219 0.43653846153846154 0.5244252873563219 0.43653846153846154 0.5229885057471264 0.41923076923076924 0.5229885057471264
0 1.2980769230769231 0.6379310344827587 1.2980769230769231 0.639367816091954 1.3057692307692308 0.639367816091954 1.3057692307692308 0.6379310344827587 1.2980769230769231 0.6379310344827587
0 0.525 0.5 0.525 0.5014367816091954 0.5442307692307692 0.5014367816091954 0.5442307692307692 0.5 0.525 0.5
0 1.0788461538461538 0.3146551724137931 1.0788461538461538 0.3160919540229885 1.0846153846153845 0.3160919540229885 1.0846153846153845 0.3146551724137931 1.0788461538461538 0.3146551724137931
0 1.0884615384615384 0.4942528735632184 1.0884615384615384 0.4956896551724138 1.0923076923076922 0.4956896551724138 1.0923076923076922 0.4942528735632184 1.0884615384615384 0.4942528735632184
0 0.5326923076923077 0.5962643678160919 0.5326923076923077 0.5977011494252874 0.5384615384615384 0.5977011494252874 0.5384615384615384 0.5962643678160919 0.5326923076923077 0.5962643678160919
0 1.0403846153846155 0.5632183908045977 1.0403846153846155 0.5646551724137931 1.051923076923077 0.5646551724137931 1.051923076923077 0.5632183908045977 1.0403846153846155 0.5632183908045977
0 1.1423076923076922 0.3793103448275862 1.1423076923076922 0.3807471264367816 1.1519230769230768 0.3807471264367816 1.1519230769230768 0.3793103448275862 1.1423076923076922 0.3793103448275862
0 0.1423076923076923 0.6652298850574713 0.1423076923076923 0.6666666666666666 0.14807692307692308 0.6666666666666666 0.14807692307692308 0.6652298850574713 0.1423076923076923 0.6652298850574713
0 0.38269230769230766 0.3563218390804598 0.38269230769230766 0.3577586206896552 0.4 0.3577586206896552 0.4 0.3563218390804598 0.38269230769230766 0.3563218390804598
0 0.6788461538461539 0.3146551724137931 0.6788461538461539 0.3160919540229885 0.6903846153846154 0.3160919540229885 0.6903846153846154 0.3146551724137931 0.6788461538461539 0.3146551724137931
0 0.2403846153846154 0.13505747126436782 0.2403846153846154 0.13649425287356323 0.25961538461538464 0.13649425287356323 0.25961538461538464 0.13505747126436782 0.2403846153846154 0.13505747126436782
0 0.7865384615384615 0.4640804597701149 0.7865384615384615 0.46551724137931033 0.801923076923077 0.46551724137931033 0.801923076923077 0.4640804597701149 0.7865384615384615 0.4640804597701149
0 0.38076923076923075 0.3290229885057471 0.38076923076923075 0.33045977011494254 0.3923076923076923 0.33045977011494254 0.3923076923076923 0.3290229885057471 0.38076923076923075 0.3290229885057471
0 0.49230769230769234 0.625 0.49230769230769234 0.6264367816091954 0.5038461538461538 0.6264367816091954 0.5038461538461538 0.625 0.49230769230769234 0.625
0 0.05576923076923077 0.4382183908045977 0.05576923076923077 0.4396551724137931 0.06538461538461539 0.4396551724137931 0.06538461538461539 0.4382183908045977 0.05576923076923077 0.4382183908045977
0 0.9038461538461539 0.3218390804597701 0.9038461538461539 0.3232758620689655 0.9153846153846154 0.3232758620689655 0.9153846153846154 0.3218390804597701 0.9038461538461539 0.3218390804597701
0 0.34807692307692306 0.367816091954023 0.34807692307692306 0.3692528735632184 0.35384615384615387 0.3692528735632184 0.35384615384615387 0.367816091954023 0.34807692307692306 0.367816091954023
0 0.051923076923076926 0.5704022988505747 0.051923076923076926 0.5718390804597702 0.05961538461538462 0.5718390804597702 0.05961538461538462 0.5704022988505747 0.051923076923076926 0.5704022988505747
0 0.8884615384615384 0.17385057471264367 0.8884615384615384 0.1752873563218391 0.8961538461538462 0.1752873563218391 0.8961538461538462 0.17385057471264367 0.8884615384615384 0.17385057471264367
0 0.4826923076923077 0.01293103448275862 0.4826923076923077 0.014367816091954023 0.49423076923076925 0.014367816091954023 0.49423076923076925 0.01293103448275862 0.4826923076923077 0.01293103448275862
0 0.775 0.16235632183908047 0.775 0.16379310344827586 0.7961538461538461 0.16379310344827586 0.7961538461538461 0.16235632183908047 0.775 0.16235632183908047
0 0.5692307692307692 0.28735632183908044 0.5692307692307692 0.28879310344827586 0.5826923076923077 0.28879310344827586 0.5826923076923077 0.28735632183908044 0.5692307692307692 0.28735632183908044
0 0.27307692307692305 0.5560344827586207 0.27307692307692305 0.5574712643678161 0.2865384615384615 0.5574712643678161 0.2865384615384615 0.5560344827586207 0.27307692307692305 0.5560344827586207
0 0.6538461538461539 0.27586206896551724 0.6538461538461539 0.27729885057471265 0.6615384615384615 0.27729885057471265 0.6615384615384615 0.27586206896551724 0.6538461538461539 0.27586206896551724
0 0.6288461538461538 0.1307471264367816 0.6288461538461538 0.13218390804597702 0.65 0.13218390804597702 0.65 0.1307471264367816 0.6288461538461538 0.1307471264367816
0 1.3269230769230769 0.08764367816091954 1.3269230769230769 0.08908045977011494 1.3384615384615384 0.08908045977011494 1.3384615384615384 0.08764367816091954 1.3269230769230769 0.08764367816091954
0 0.7346153846153847 0.06609195402298851 0.7346153846153847 0.06752873563218391 0.7461538461538462 0.06752873563218391 0.7461538461538462 0.06609195402298851 0.7346153846153847 0.06609195402298851
0 0.7115384615384616 0.7270114942528736 0.7115384615384616 0.728448275862069 0.7211538461538461 0.728448275862069 0.7211538461538461 0.7270114942528736 0.7115384615384616 0.7270114942528736
0 0.4173076923076923 0.5775862068965517 0.4173076923076923 0.5790229885057471 0.4288461538461538 0.5790229885057471 0.4288461538461538 0.5775862068965517 0.4173076923076923 0.5775862068965517
0 1.1557692307692307 0.7054597701149425 1.1557692307692307 0.7068965517241379 1.1711538461538462 0.7068965517241379 1.1711538461538462 0.7054597701149425 1.1557692307692307 0.7054597701149425
0 0.9846153846153847 0.21695402298850575 0.9846153846153847 0.21839080459770116 0.9884615384615385 0.21839080459770116 0.9884615384615385 0.21695402298850575 0.9846153846153847 0.21695402298850575
0 0.8461538461538461 0.034482758620689655 0.8461538461538461 0.035919540229885055 0.875 0.035919540229885055 0.875 0.034482758620689655 0.8461538461538461 0.034482758620689655
0 0.5942307692307692 0.21982758620689655 0.5942307692307692 0.22126436781609196 0.6153846153846154 0.22126436781609196 0.6153846153846154 0.21982758620689655 0.5942307692307692 0.21982758620689655
0 1.301923076923077 0.5962643678160919 1.301923076923077 0.5977011494252874 1.3173076923076923 0.5977011494252874 1.3173076923076923 0.5962643678160919 1.301923076923077 0.5962643678160919
0 0.08269230769230769 0.23563218390804597 0.08269230769230769 0.23706896551724138 0.09615384615384616 0.23706896551724138 0.09615384615384616 0.23563218390804597 0.08269230769230769 0.23563218390804597
0 0.09230769230769231 0.6163793103448276 0.09230769230769231 0.617816091954023 0.11923076923076924 0.617816091954023 0.11923076923076924 0.6163793103448276 0.09230769230769231 0.6163793103448276
0 0.6019230769230769 0.5258620689655172 0.6019230769230769 0.5272988505747126 0.6173076923076923 0.5272988505747126 0.6173076923076923 0.5258620689655172 0.6019230769230769 0.5258620689655172
0 0.42115384615384616 0.05172413793103448 0.42115384615384616 0.05316091954022988 0.4461538461538462 0.05316091954022988 0.4461538461538462 0.05172413793103448 0.42115384615384616 0.05172413793103448
0 1.1692307692307693 0.6163793103448276 1.1692307692307693 0.617816091954023 1.198076923076923 0.617816091954023 1.198076923076923 0.6163793103448276 1.1692307692307693 0.6163793103448276
0 1.0769230769230769 0.1221264367816092 1.0769230769230769 0.1235632183908046 1.0884615384615384 0.1235632183908046 1.0884615384615384 0.1221264367816092 1.0769230769230769 0.1221264367816092
0 0.07884615384615384 0.25 0.07884615384615384 0.2514367816091954 0.08653846153846154 0.2514367816091954 0.08653846153846154 0.25 0.07884615384615384 0.25
0 1.2903846153846155 0.6135057471264368 1.2903846153846155 0.6149425287356322 1.3038461538461539 0.6149425287356322 1.3038461538461539 0.6135057471264368 1.2903846153846155 0.6135057471264368
0 0.11538461538461539 0.06896551724137931 0.11538461538461539 0.07040229885057471 0.1326923076923077 0.07040229885057471 0.1326923076923077 0.06896551724137931 0.11538461538461539 0.06896551724137931
0 0.7057692307692308 0.6997126436781609 0.7057692307692308 0.7011494252873564 0.7153846153846154 0.7011494252873564 0.7153846153846154 0.6997126436781609 0.7057692307692308 0.6997126436781609
0 0.9 0.5431034482758621 0.9 0.5445402298850575 0.9057692307692308 0.5445402298850575 0.9057692307692308 0.5431034482758621 0.9 0.5431034482758621
0 0.5634615384615385 0.7169540229885057 0.5634615384615385 0.7183908045977011 0.5692307692307692 0.7183908045977011 0.5692307692307692 0.7169540229885057 0.5634615384615385 0.7169540229885057
0 1.0480769230769231 0.5948275862068966 1.0480769230769231 0.5962643678160919 1.0653846153846154 0.5962643678160919 1.0653846153846154 0.5948275862068966 1.0480769230769231 0.5948275862068966
0 0.2326923076923077 0.5114942528735632 0.2326923076923077 0.5129310344827587 0.25384615384615383 0.5129310344827587 0.25384615384615383 0.5114942528735632 0.2326923076923077 0.5114942528735632
0 0.3173076923076923 0.6566091954022989 0.3173076923076923 0.6580459770114943 0.3230769230769231 0.6580459770114943 0.3230769230769231 0.6566091954022989 0.3173076923076923 0.6566091954022989
0 0.36153846153846153 0.1824712643678161 0.36153846153846153 0.1839080459770115 0.38076923076923075 0.1839080459770115 0.38076923076923075 0.1824712643678161 0.36153846153846153 0.1824712643678161
0 0.7346153846153847 0.1896551724137931 0.7346153846153847 0.1910919540229885 0.7403846153846154 0.1910919540229885 0.7403846153846154 0.1896551724137931 0.7346153846153847 0.1896551724137931
0 1.0403846153846155 0.16522988505747127 1.0403846153846155 0.16666666666666666 1.05 0.16666666666666666 1.05 0.16522988505747127 1.0403846153846155 0.16522988505747127
0 0.7480769230769231 0.5545977011494253 0.7480769230769231 0.5560344827586207 0.7615384615384615 0.5560344827586207 0.7615384615384615 0.5545977011494253 0.7480769230769231 0.5545977011494253
0 0.48846153846153845 0.10057471264367816 0.48846153846153845 0.10201149425287356 0.5057692307692307 0.10201149425287356 0.5057692307692307 0.10057471264367816 0.48846153846153845 0.10057471264367816
0 0.36346153846153845 0.34626436781609193 0.36346153846153845 0.34770114942528735 0.37115384615384617 0.34770114942528735 0.37115384615384617 0.34626436781609193 0.36346153846153845 0.34626436781609193
0 1.25 0.017241379310344827 1.25 0.01867816091954023 1.2596153846153846 0.01867816091954023 1.2596153846153846 0.017241379310344827 1.25 0.017241379310344827
0 0.7653846153846153 0.7227011494252874 0.7653846153846153 0.7241379310344828 0.7711538461538462 0.7241379310344828 0.7711538461538462 0.7227011494252874 0.7653846153846153 0.7227011494252874
0 0.14807692307692308 0.25287356321839083 0.14807692307692308 0.2543103448275862 0.16538461538461538 0.2543103448275862 0.16538461538461538 0.25287356321839083 0.14807692307692308 0.25287356321839083
0 0.5019230769230769 0.6479885057471264 0.5019230769230769 0.6494252873563219 0.5096153846153846 0.6494252873563219 0.5096153846153846 0.6479885057471264 0.5019230769230769 0.6479885057471264
0 0.35192307692307695 0.5474137931034483 0.35192307692307695 0.5488505747126436 0.3596153846153846 0.5488505747126436 0.3596153846153846 0.5474137931034483 0.35192307692307695 0.5474137931034483
0 0.18269230769230768 0.020114942528735632 0.18269230769230768 0.021551724137931036 0.19423076923076923 0.021551724137931036 0.19423076923076923 0.020114942528735632 0.18269230769230768 0.020114942528735632
0 1.2211538461538463 0.632183908045977 1.2211538461538463 0.6336206896551724 1.2346153846153847 0.6336206896551724 1.2346153846153847 0.632183908045977 1.2211538461538463 0.632183908045977
0 0.475 0.7399425287356322 0.475 0.7413793103448276 0.48846153846153845 0.7413793103448276 0.48846153846153845 0.7399425287356322 0.475 0.7399425287356322
0 1.1096153846153847 0.30028735632183906 1.1096153846153847 0.3017241379310345 1.1173076923076923 0.3017241379310345 1.1173076923076923 0.30028735632183906 1.1096153846153847 0.30028735632183906
0 0.6692307692307692 0.1781609195402299 0.6692307692307692 0.17959770114942528 0.6865384615384615 0.17959770114942528 0.6865384615384615 0.1781609195402299 0.6692307692307692 0.1781609195402299
0 1.2038461538461538 0.4511494252873563 1.2038461538461538 0.4525862068965517 1.2153846153846153 0.4525862068965517 1.2153846153846153 0.4511494252873563 1.2038461538461538 0.4511494252873563
0 0.22884615384615384 0.26436781609195403 0.22884615384615384 0.26580459770114945 0.24615384615384617 0.26580459770114945 0.24615384615384617 0.26436781609195403 0.22884615384615384 0.26436781609195403
0 0.021153846153846155 0.4281609195402299 0.021153846153846155 0.4295977011494253 0.03461538461538462 0.4295977011494253 0.03461538461538462 0.4281609195402299 0.021153846153846155 0.4281609195402299
0 1.0423076923076924 0.5043103448275862 1.0423076923076924 0.5057471264367817 1.0576923076923077 0.5057471264367817 1.0576923076923077 0.5043103448275862 1.0423076923076924 0.5043103448275862
0 0.6692307692307692 0.4425287356321839 0.6692307692307692 0.44396551724137934 0.6961538461538461 0.44396551724137934 0.6961538461538461 0.4425287356321839 0.6692307692307692 0.4425287356321839
0 0.03653846153846154 0.2988505747126437 0.03653846153846154 0.30028735632183906 0.04038461538461539 0.30028735632183906 0.04038461538461539 0.2988505747126437 0.03653846153846154 0.2988505747126437
0 0.5134615384615384 0.2744252873563218 0.5134615384615384 0.27586206896551724 0.5269230769230769 0.27586206896551724 0.5269230769230769 0.2744252873563218 0.5134615384615384 0.2744252873563218
0 0.4153846153846154 0.6522988505747126 0.4153846153846154 0.6537356321839081 0.42115384615384616 0.6537356321839081 0.42115384615384616 0.6522988505747126 0.4153846153846154 0.6522988505747126
0 1.1711538461538462 0.5186781609195402 1.1711538461538462 0.5201149425287356 1.1903846153846154 0.5201149425287356 1.1903846153846154 0.5186781609195402 1.1711538461538462 0.5186781609195402
0 0.14807692307692308 0.3864942528735632 0.14807692307692308 0.3879310344827586 0.1673076923076923 0.3879310344827586 0.1673076923076923 0.3864942528735632 0.14807692307692308 0.3864942528735632
0 0.9961538461538462 0.5876436781609196 0.9961538461538462 0.5890804597701149 1.0076923076923077 0.5890804597701149 1.0076923076923077 0.5876436781609196 0.9961538461538462 0.5876436781609196
0 0.9538461538461539 0.5402298850574713 0.9538461538461539 0.5416666666666666 0.9653846153846154 0.5416666666666666 0.9653846153846154 0.5402298850574713 0.9538461538461539 0.5402298850574713
0 0.7192307692307692 0.14224137931034483 0.7192307692307692 0.14367816091954022 0.7346153846153847 0.14367816091954022 0.7346153846153847 0.14224137931034483 0.7192307692307692 0.14224137931034483
0 0.6730769230769231 0.16666666666666666 0.6730769230769231 0.16810344827586207 0.6903846153846154 0.16810344827586207 0.6903846153846154 0.16666666666666666 0.6730769230769231 0.16666666666666666
0 0.9807692307692307 0.6522988505747126 0.9807692307692307 0.6537356321839081 0.9942307692307693 0.6537356321839081 0.9942307692307693 0.6522988505747126 0.9807692307692307 0.6522988505747126
0 0.575 0.4468390804597701 0.575 0.4482758620689655 0.5923076923076923 0.4482758620689655 0.5923076923076923 0.4468390804597701 0.575 0.4468390804597701
0 0.5153846153846153 0.34195402298850575 0.5153846153846153 0.34339080459770116 0.5326923076923077 0.34339080459770116 0.5326923076923077 0.34195402298850575 0.5153846153846153 0.34195402298850575
0 1.2307692307692308 0.6537356321839081 1.2307692307692308 0.6551724137931034 1.2538461538461538 0.6551724137931034 1.2538461538461538 0.6537356321839081 1.2307692307692308 0.6537356321839081
0 0.28846153846153844 0.7054597701149425 0.28846153846153844 0.7068965517241379 0.3057692307692308 0.7068965517241379 0.3057692307692308 0.7054597701149425 0.28846153846153844 0.7054597701149425
0 1.025 0.6479885057471264 1.025 0.6494252873563219 1.0384615384615385 0.6494252873563219 1.0384615384615385 0.6479885057471264 1.025 0.6479885057471264
0 0.6538461538461539 0.10057471264367816 0.6538461538461539 0.10201149425287356 0.6615384615384615 0.10201149425287356 0.6615384615384615 0.10057471264367816 0.6538461538461539 0.10057471264367816
0 0.021153846153846155 0.3879310344827586 0.021153846153846155 0.38936781609195403 0.025 0.38936781609195403 0.025 0.3879310344827586 0.021153846153846155 0.3879310344827586
0 1.2 0.6824712643678161 1.2 0.6839080459770115 1.2076923076923076 0.6839080459770115 1.2076923076923076 0.6824712643678161 1.2 0.6824712643678161
0 1.3038461538461539 0.5704022988505747 1.3038461538461539 0.5718390804597702 1.3153846153846154 0.5718390804597702 1.3153846153846154 0.5704022988505747 1.3038461538461539 0.5704022988505747
0 1.0288461538461537 0.1824712643678161 1.0288461538461537 0.1839080459770115 1.0596153846153846 0.1839080459770115 1.0596153846153846 0.1824712643678161 1.0288461538461537 0.1824712643678161
0 0.34807692307692306 0.4813218390804598 0.34807692307692306 0.4827586206896552 0.3596153846153846 0.4827586206896552 0.3596153846153846 0.4813218390804598 0.34807692307692306 0.4813218390804598
0 0.07115384615384615 0.5646551724137931 0.07115384615384615 0.5660919540229885 0.08461538461538462 0.5660919540229885 0.08461538461538462 0.5646551724137931 0.07115384615384615 0.5646551724137931
0 0.1519230769230769 0.3879310344827586 0.1519230769230769 0.38936781609195403 0.17115384615384616 0.38936781609195403 0.17115384615384616 0.3879310344827586 0.1519230769230769 0.3879310344827586
0 0.6538461538461539 0.21551724137931033 0.6538461538461539 0.21695402298850575 0.6634615384615384 0.21695402298850575 0.6634615384615384 0.21551724137931033 0.6538461538461539 0.21551724137931033
0 0.6711538461538461 0.0 0.6711538461538461 0.0014367816091954023 0.7269230769230769 0.0014367816091954023 0.7269230769230769 0.0 0.6711538461538461 0.0
0 0.7480769230769231 0.15804597701149425 0.7480769230769231 0.15948275862068967 0.7596153846153846 0.15948275862068967 0.7596153846153846 0.15804597701149425 0.7480769230769231 0.15804597701149425
0 0.08653846153846154 0.7083333333333334 0.08653846153846154 0.7097701149425287 0.09615384615384616 0.7097701149425287 0.09615384615384616 0.7083333333333334 0.08653846153846154 0.7083333333333334
0 1.2576923076923077 0.6752873563218391 1.2576923076923077 0.6767241379310345 1.2673076923076922 0.6767241379310345 1.2673076923076922 0.6752873563218391 1.2576923076923077 0.6752873563218391
0 0.5480769230769231 0.14511494252873564 0.5480769230769231 0.14655172413793102 0.5653846153846154 0.14655172413793102 0.5653846153846154 0.14511494252873564 0.5480769230769231 0.14511494252873564
0 1.0384615384615385 0.7097701149425287 1.0384615384615385 0.7112068965517241 1.0615384615384615 0.7112068965517241 1.0615384615384615 0.7097701149425287 1.0384615384615385 0.7097701149425287
0 0.07115384615384615 0.3505747126436782 0.07115384615384615 0.35201149425287354 0.08846153846153847 0.35201149425287354 0.08846153846153847 0.3505747126436782 0.07115384615384615 0.3505747126436782
0 0.07115384615384615 0.632183908045977 0.07115384615384615 0.6336206896551724 0.07692307692307693 0.6336206896551724 0.07692307692307693 0.632183908045977 0.07115384615384615 0.632183908045977
0 0.4307692307692308 0.6264367816091954 0.4307692307692308 0.6278735632183908 0.43653846153846154 0.6278735632183908 0.43653846153846154 0.6264367816091954 0.4307692307692308 0.6264367816091954
0 0.9980769230769231 0.035919540229885055 0.9980769230769231 0.03735632183908046 1.0096153846153846 0.03735632183908046 1.0096153846153846 0.035919540229885055 0.9980769230769231 0.035919540229885055
0 0.5307692307692308 0.10632183908045977 0.5307692307692308 0.10775862068965517 0.551923076923077 0.10775862068965517 0.551923076923077 0.10632183908045977 0.5307692307692308 0.10632183908045977
0 1.325 0.015804597701149427 1.325 0.017241379310344827 1.3326923076923076 0.017241379310344827 1.3326923076923076 0.015804597701149427 1.325 0.015804597701149427
0 1.0711538461538461 0.21982758620689655 1.0711538461538461 0.22126436781609196 1.0865384615384615 0.22126436781609196 1.0865384615384615 0.21982758620689655 1.0711538461538461 0.21982758620689655
0 1.1192307692307693 0.13505747126436782 1.1192307692307693 0.13649425287356323 1.1326923076923077 0.13649425287356323 1.1326923076923077 0.13505747126436782 1.1192307692307693 0.13505747126436782
0 1.176923076923077 0.3563218390804598 1.176923076923077 0.3577586206896552 1.1884615384615385 0.3577586206896552 1.1884615384615385 0.3563218390804598 1.176923076923077 0.3563218390804598
0 0.6076923076923076 0.27729885057471265 0.6076923076923076 0.27873563218390807 0.6211538461538462 0.27873563218390807 0.6211538461538462 0.27729885057471265 0.6076923076923076 0.27729885057471265
0 0.6346153846153846 0.09913793103448276 0.6346153846153846 0.10057471264367816 0.6423076923076924 0.10057471264367816 0.6423076923076924 0.09913793103448276 0.6346153846153846 0.09913793103448276
0 1.0038461538461538 0.7155172413793104 1.0038461538461538 0.7169540229885057 1.0096153846153846 0.7169540229885057 1.0096153846153846 0.7155172413793104 1.0038461538461538 0.7155172413793104
0 0.057692307692307696 0.5272988505747126 0.057692307692307696 0.5287356321839081 0.06538461538461539 0.5287356321839081 0.06538461538461539 0.5272988505747126 0.057692307692307696 0.5272988505747126
0 0.4403846153846154 0.6939655172413793 0.4403846153846154 0.6954022988505747 0.45 0.6954022988505747 0.45 0.6939655172413793 0.4403846153846154 0.6939655172413793
0 0.2980769230769231 0.0 0.2980769230769231 0.0014367816091954023 0.3384615384615385 0.0014367816091954023 0.3384615384615385 0.0 0.2980769230769231 0.0
0 0.27115384615384613 0.7270114942528736 0.27115384615384613 0.728448275862069 0.2865384615384615 0.728448275862069 0.2865384615384615 0.7270114942528736 0.27115384615384613 0.7270114942528736
0 0.7115384615384616 0.617816091954023 0.7115384615384616 0.6192528735632183 0.7269230769230769 0.6192528735632183 0.7269230769230769 0.617816091954023 0.7115384615384616 0.617816091954023
0 1.0615384615384615 0.021551724137931036 1.0615384615384615 0.022988505747126436 1.0884615384615384 0.022988505747126436 1.0884615384615384 0.021551724137931036 1.0615384615384615 0.021551724137931036
0 1.146153846153846 0.6551724137931034 1.146153846153846 0.6566091954022989 1.1538461538461537 0.6566091954022989 1.1538461538461537 0.6551724137931034 1.146153846153846 0.6551724137931034
0 0.18846153846153846 0.0 0.18846153846153846 0.0014367816091954023 0.21923076923076923 0.0014367816091954023 0.21923076923076923 0.0 0.18846153846153846 0.0
0 0.3211538461538462 0.005747126436781609 0.3211538461538462 0.007183908045977011 0.3326923076923077 0.007183908045977011 0.3326923076923077 0.005747126436781609 0.3211538461538462 0.005747126436781609
0 0.5788461538461539 0.040229885057471264 0.5788461538461539 0.041666666666666664 0.6057692307692307 0.041666666666666664 0.6057692307692307 0.040229885057471264 0.5788461538461539 0.040229885057471264
0 0.825 0.41954022988505746 0.825 0.4209770114942529 0.8384615384615385 0.4209770114942529 0.8384615384615385 0.41954022988505746 0.825 0.41954022988505746
0 1.1711538461538462 0.06609195402298851 1.1711538461538462 0.06752873563218391 1.198076923076923 0.06752873563218391 1.198076923076923 0.06609195402298851 1.1711538461538462 0.06609195402298851
0 0.032692307692307694 0.29310344827586204 0.032692307692307694 0.29454022988505746 0.04423076923076923 0.29454022988505746 0.04423076923076923 0.29310344827586204 0.032692307692307694 0.29310344827586204
0 1.1134615384615385 0.2744252873563218 1.1134615384615385 0.27586206896551724 1.125 0.27586206896551724 1.125 0.2744252873563218 1.1134615384615385 0.2744252873563218
0 0.6365384615384615 0.06896551724137931 0.6365384615384615 0.07040229885057471 0.6480769230769231 0.07040229885057471 0.6480769230769231 0.06896551724137931 0.6365384615384615 0.06896551724137931
0 0.8 0.46839080459770116 0.8 0.4698275862068966 0.8096153846153846 0.4698275862068966 0.8096153846153846 0.46839080459770116 0.8 0.46839080459770116
0 1.1865384615384615 0.3160919540229885 1.1865384615384615 0.3175287356321839 1.2057692307692307 0.3175287356321839 1.2057692307692307 0.3160919540229885 1.1865384615384615 0.3160919540229885
0 0.27884615384615385 0.027298850574712645 0.27884615384615385 0.028735632183908046 0.3211538461538462 0.028735632183908046 0.3211538461538462 0.027298850574712645 0.27884615384615385 0.027298850574712645
0 0.8480769230769231 0.25287356321839083 0.8480769230769231 0.2543103448275862 0.8557692307692307 0.2543103448275862 0.8557692307692307 0.25287356321839083 0.8480769230769231 0.25287356321839083
0 0.3 0.2959770114942529 0.3 0.2974137931034483 0.3192307692307692 0.2974137931034483 0.3192307692307692 0.2959770114942529 0.3 0.2959770114942529
0 0.3076923076923077 0.2614942528735632 0.3076923076923077 0.2629310344827586 0.3173076923076923 0.2629310344827586 0.3173076923076923 0.2614942528735632 0.3076923076923077 0.2614942528735632
0 0.0057692307692307696 0.1221264367816092 0.0057692307692307696 0.1235632183908046 0.023076923076923078 0.1235632183908046 0.023076923076923078 0.1221264367816092 0.0057692307692307696 0.1221264367816092
0 0.6788461538461539 0.11637931034482758 0.6788461538461539 0.11781609195402298 0.6865384615384615 0.11781609195402298 0.6865384615384615 0.11637931034482758 0.6788461538461539 0.11637931034482758
0 0.007692307692307693 0.07471264367816093 0.007692307692307693 0.07614942528735633 0.025 0.07614942528735633 0.025 0.07471264367816093 0.007692307692307693 0.07471264367816093
0 1.2019230769230769 0.04454022988505747 1.2019230769230769 0.04597701149425287 1.2153846153846153 0.04597701149425287 1.2153846153846153 0.04454022988505747 1.2019230769230769 0.04454022988505747
0 0.47884615384615387 0.0 0.47884615384615387 0.0014367816091954023 0.5076923076923077 0.0014367816091954023 0.5076923076923077 0.0 0.47884615384615387 0.0
0 0.3769230769230769 0.19827586206896552 0.3769230769230769 0.1997126436781609 0.38269230769230766 0.1997126436781609 0.38269230769230766 0.19827586206896552 0.3769230769230769 0.19827586206896552
0 0.4269230769230769 0.4525862068965517 0.4269230769230769 0.4540229885057471 0.4403846153846154 0.4540229885057471 0.4403846153846154 0.4525862068965517 0.4269230769230769 0.4525862068965517
0 0.12692307692307692 0.0 0.12692307692307692 0.0014367816091954023 0.17884615384615385 0.0014367816091954023 0.17884615384615385 0.0 0.12692307692307692 0.0
0 0.4653846153846154 0.40804597701149425 0.4653846153846154 0.40948275862068967 0.47115384615384615 0.40948275862068967 0.47115384615384615 0.40804597701149425 0.4653846153846154 0.40804597701149425
0 1.175 0.05890804597701149 1.175 0.0603448275862069 1.1807692307692308 0.0603448275862069 1.1807692307692308 0.05890804597701149 1.175 0.05890804597701149
0 0.4461538461538462 0.24856321839080459 0.4461538461538462 0.25 0.4480769230769231 0.25 0.4480769230769231 0.24856321839080459 0.4461538461538462 0.24856321839080459
0 1.2442307692307693 0.17385057471264367 1.2442307692307693 0.1752873563218391 1.25 0.1752873563218391 1.25 0.17385057471264367 1.2442307692307693 0.17385057471264367
0 0.551923076923077 0.35201149425287354 0.551923076923077 0.35344827586206895 0.5634615384615385 0.35344827586206895 0.5634615384615385 0.35201149425287354 0.551923076923077 0.35201149425287354
0 1.1519230769230768 0.5502873563218391 1.1519230769230768 0.5517241379310345 1.1634615384615385 0.5517241379310345 1.1634615384615385 0.5502873563218391 1.1519230769230768 0.5502873563218391
0 0.33653846153846156 0.23275862068965517 0.33653846153846156 0.23419540229885058 0.34807692307692306 0.23419540229885058 0.34807692307692306 0.23275862068965517 0.33653846153846156 0.23275862068965517
0 0.5076923076923077 0.4353448275862069 0.5076923076923077 0.4367816091954023 0.5192307692307693 0.4367816091954023 0.5192307692307693 0.4353448275862069 0.5076923076923077 0.4353448275862069
0 1.2826923076923078 0.36637931034482757 1.2826923076923078 0.367816091954023 1.2980769230769231 0.367816091954023 1.2980769230769231 0.36637931034482757 1.2826923076923078 0.36637931034482757
0 0.4173076923076923 0.2629310344827586 0.4173076923076923 0.26436781609195403 0.4288461538461538 0.26436781609195403 0.4288461538461538 0.2629310344827586 0.4173076923076923 0.2629310344827586
0 0.9653846153846154 0.735632183908046 0.9653846153846154 0.7370689655172413 0.9730769230769231 0.7370689655172413 0.9730769230769231 0.735632183908046 0.9653846153846154 0.735632183908046
0 0.27307692307692305 0.6738505747126436 0.27307692307692305 0.6752873563218391 0.2846153846153846 0.6752873563218391 0.2846153846153846 0.6738505747126436 0.27307692307692305 0.6738505747126436