0 0.2230769230769231 0.26436781609195403 0.2230769230769231 0.26580459770114945 0.22692307692307692 0.26580459770114945 0.22692307692307692 0.26436781609195403 0.2230769230769231 0.26436781609195403
0 1.075 0.27729885057471265 1.075 0.27873563218390807 1.0961538461538463 0.27873563218390807 1.0961538461538463 0.27729885057471265 1.075 0.27729885057471265
0 0.3 0.25862068965517243 0.3 0.2600574712643678 0.3153846153846154 0.2600574712643678 0.3153846153846154 0.25862068965517243 0.3 0.25862068965517243
0 1.323076923076923 0.4281609195402299 1.323076923076923 0.4295977011494253 1.3384615384615384 0.4295977011494253 1.3384615384615384 0.4281609195402299 1.323076923076923 0.4281609195402299
0 0.4653846153846154 0.008620689655172414 0.4653846153846154 0.010057471264367816 0.47884615384615387 0.010057471264367816 0.47884615384615387 0.008620689655172414 0.4653846153846154 0.008620689655172414
0 0.07307692307692308 0.5646551724137931 0.07307692307692308 0.5660919540229885 0.08461538461538462 0.5660919540229885 0.08461538461538462 0.5646551724137931 0.07307692307692308 0.5646551724137931
0 0.9019230769230769 0.1968390804597701 0.9019230769230769 0.19827586206896552 0.9173076923076923 0.19827586206896552 0.9173076923076923 0.1968390804597701 0.9019230769230769 0.1968390804597701
0 0.8365384615384616 0.6982758620689655 0.8365384615384616 0.6997126436781609 0.8461538461538461 0.6997126436781609 0.8461538461538461 0.6982758620689655 0.8365384615384616 0.6982758620689655
0 0.3269230769230769 0.36063218390804597 0.3269230769230769 0.3620689655172414 0.3423076923076923 0.3620689655172414 0.3423076923076923 0.36063218390804597 0.3269230769230769 0.36063218390804597
0 0.3576923076923077 0.3045977011494253 0.3576923076923077 0.30603448275862066 0.36538461538461536 0.30603448275862066 0.36538461538461536 0.3045977011494253 0.3576923076923077 0.3045977011494253
0 0.425 0.4224137931034483 0.425 0.4238505747126437 0.4288461538461538 0.4238505747126437 0.4288461538461538 0.4224137931034483 0.425 0.4224137931034483
0 0.3057692307692308 0.5229885057471264 0.3057692307692308 0.5244252873563219 0.325 0.5244252873563219 0.325 0.5229885057471264 0.3057692307692308 0.5229885057471264
0 0.8557692307692307 0.03017241379310345 0.8557692307692307 0.031609195402298854 0.8730769230769231 0.031609195402298854 0.8730769230769231 0.03017241379310345 0.8557692307692307 0.03017241379310345
0 0.8076923076923077 0.6149425287356322 0.8076923076923077 0.6163793103448276 0.8153846153846154 0.6163793103448276 0.8153846153846154 0.6149425287356322 0.8076923076923077 0.6149425287356322
0 0.36153846153846153 0.09195402298850575 0.36153846153846153 0.09339080459770115 0.38076923076923075 0.09339080459770115 0.38076923076923075 0.09195402298850575 0.36153846153846153 0.09195402298850575
0 0.5807692307692308 0.4410919540229885 0.5807692307692308 0.4425287356321839 0.5903846153846154 0.4425287356321839 0.5903846153846154 0.4410919540229885 0.5807692307692308 0.4410919540229885
0 0.075 0.5416666666666666 0.075 0.5431034482758621 0.09230769230769231 0.5431034482758621 0.09230769230769231 0.5416666666666666 0.075 0.5416666666666666
0 1.146153846153846 0.05603448275862069 1.146153846153846 0.05747126436781609 1.1538461538461537 0.05747126436781609 1.1538461538461537 0.05603448275862069 1.146153846153846 0.05603448275862069
0 1.0692307692307692 0.31896551724137934 1.0692307692307692 0.3204022988505747 1.1 0.3204022988505747 1.1 0.31896551724137934 1.0692307692307692 0.31896551724137934
0 0.009615384615384616 0.14080459770114942 0.009615384615384616 0.14224137931034483 0.013461538461538462 0.14224137931034483 0.013461538461538462 0.14080459770114942 0.009615384615384616 0.14080459770114942
0 0.4115384615384615 0.5747126436781609 0.4115384615384615 0.5761494252873564 0.41923076923076924 0.5761494252873564 0.41923076923076924 0.5747126436781609 0.4115384615384615 0.5747126436781609
0 1.2903846153846155 0.10344827586206896 1.2903846153846155 0.10488505747126436 1.3038461538461539 0.10488505747126436 1.3038461538461539 0.10344827586206896 1.2903846153846155 0.10344827586206896
0 0.9384615384615385 0.05172413793103448 0.9384615384615385 0.05316091954022988 0.948076923076923 0.05316091954022988 0.948076923076923 0.05172413793103448 0.9384615384615385 0.05172413793103448
0 1.0961538461538463 0.3132183908045977 1.0961538461538463 0.3146551724137931 1.1057692307692308 0.3146551724137931 1.1057692307692308 0.3132183908045977 1.0961538461538463 0.3132183908045977
0 0.2846153846153846 0.41954022988505746 0.2846153846153846 0.4209770114942529 0.29615384615384616 0.4209770114942529 0.29615384615384616 0.41954022988505746 0.2846153846153846 0.41954022988505746
0 0.03076923076923077 0.04741379310344827 0.03076923076923077 0.04885057471264368 0.05 0.04885057471264368 0.05 0.04741379310344827 0.03076923076923077 0.04741379310344827
0 0.823076923076923 0.028735632183908046 0.823076923076923 0.03017241379310345 0.8403846153846154 0.03017241379310345 0.8403846153846154 0.028735632183908046 0.823076923076923 0.028735632183908046
0 1.101923076923077 0.6077586206896551 1.101923076923077 0.6091954022988506 1.1115384615384616 0.6091954022988506 1.1115384615384616 0.6077586206896551 1.101923076923077 0.6077586206896551
0 0.35192307692307695 0.4827586206896552 0.35192307692307695 0.48419540229885055 0.38269230769230766 0.48419540229885055 0.38269230769230766 0.4827586206896552 0.35192307692307695 0.4827586206896552
0 0.10192307692307692 0.028735632183908046 0.10192307692307692 0.03017241379310345 0.11153846153846154 0.03017241379310345 0.11153846153846154 0.028735632183908046 0.10192307692307692 0.028735632183908046
0 1.1442307692307692 0.3218390804597701 1.1442307692307692 0.3232758620689655 1.1576923076923078 0.3232758620689655 1.1576923076923078 0.3218390804597701 1.1442307692307692 0.3218390804597701
0 1.2173076923076922 0.017241379310344827 1.2173076923076922 0.01867816091954023 1.226923076923077 0.01867816091954023 1.226923076923077 0.017241379310344827 1.2173076923076922 0.017241379310344827
0 1.2596153846153846 0.21839080459770116 1.2596153846153846 0.21982758620689655 1.2788461538461537 0.21982758620689655 1.2788461538461537 0.21839080459770116 1.2596153846153846 0.21839080459770116
0 1.2596153846153846 0.4640804597701149 1.2596153846153846 0.46551724137931033 1.2807692307692307 0.46551724137931033 1.2807692307692307 0.4640804597701149 1.2596153846153846 0.4640804597701149
0 0.21346153846153845 0.7054597701149425 0.21346153846153845 0.7068965517241379 0.225 0.7068965517241379 0.225 0.7054597701149425 0.21346153846153845 0.7054597701149425
0 1.2307692307692308 0.5014367816091954 1.2307692307692308 0.5028735632183908 1.2461538461538462 0.5028735632183908 1.2461538461538462 0.5014367816091954 1.2307692307692308 0.5014367816091954
0 0.65 0.06752873563218391 0.65 0.06896551724137931 0.6538461538461539 0.06896551724137931 0.6538461538461539 0.06752873563218391 0.65 0.06752873563218391
0 0.9423076923076923 0.5517241379310345 0.9423076923076923 0.5531609195402298 0.9615384615384616 0.5531609195402298 0.9615384615384616 0.5517241379310345 0.9423076923076923 0.5517241379310345
0 0.3923076923076923 0.1724137931034483 0.3923076923076923 0.17385057471264367 0.39807692307692305 0.17385057471264367 0.39807692307692305 0.1724137931034483 0.3923076923076923 0.1724137931034483
0 0.5019230769230769 0.5775862068965517 0.5019230769230769 0.5790229885057471 0.5076923076923077 0.5790229885057471 0.5076923076923077 0.5775862068965517 0.5019230769230769 0.5775862068965517
0 0.4673076923076923 0.6867816091954023 0.4673076923076923 0.6882183908045977 0.475 0.6882183908045977 0.475 0.6867816091954023 0.4673076923076923 0.6867816091954023
0 1.1153846153846154 0.07040229885057471 1.1153846153846154 0.07183908045977011 1.1307692307692307 0.07183908045977011 1.1307692307692307 0.07040229885057471 1.1153846153846154 0.07040229885057471
0 0.5980769230769231 0.21120689655172414 0.5980769230769231 0.21264367816091953 0.6 0.21264367816091953 0.6 0.21120689655172414 0.5980769230769231 0.21120689655172414
0 0.5346153846153846 0.05890804597701149 0.5346153846153846 0.0603448275862069 0.551923076923077 0.0603448275862069 0.551923076923077 0.05890804597701149 0.5346153846153846 0.05890804597701149
0 0.9384615384615385 0.5818965517241379 0.9384615384615385 0.5833333333333334 0.948076923076923 0.5833333333333334 0.948076923076923 0.5818965517241379 0.9384615384615385 0.5818965517241379
0 1.2019230769230769 0.39798850574712646 1.2019230769230769 0.3994252873563218 1.2115384615384615 0.3994252873563218 1.2115384615384615 0.39798850574712646 1.2019230769230769 0.39798850574712646
0 0.5423076923076923 0.2557471264367816 0.5423076923076923 0.257183908045977 0.55 0.257183908045977 0.55 0.2557471264367816 0.5423076923076923 0.2557471264367816
0 0.26346153846153847 0.1925287356321839 0.26346153846153847 0.1939655172413793 0.2846153846153846 0.1939655172413793 0.2846153846153846 0.1925287356321839 0.26346153846153847 0.1925287356321839
0 1.148076923076923 0.01293103448275862 1.148076923076923 0.014367816091954023 1.1653846153846155 0.014367816091954023 1.1653846153846155 0.01293103448275862 1.148076923076923 0.01293103448275862
0 0.9057692307692308 0.11925287356321838 0.9057692307692308 0.1206896551724138 0.9076923076923077 0.1206896551724138 0.9076923076923077 0.11925287356321838 0.9057692307692308 0.11925287356321838
0 1.0596153846153846 0.1206896551724138 1.0596153846153846 0.1221264367816092 1.075 0.1221264367816092 1.075 0.1206896551724138 1.0596153846153846 0.1206896551724138
0 0.0 0.011494252873563218 0.0 0.01293103448275862 0.007692307692307693 0.01293103448275862 0.007692307692307693 0.011494252873563218 0.0 0.011494252873563218
0 1.075 0.16379310344827586 1.075 0.16522988505747127 1.0903846153846153 0.16522988505747127 1.0903846153846153 0.16379310344827586 1.075 0.16379310344827586
0 0.6384615384615384 0.4295977011494253 0.6384615384615384 0.43103448275862066 0.6519230769230769 0.43103448275862066 0.6519230769230769 0.4295977011494253 0.6384615384615384 0.4295977011494253
0 0.028846153846153848 0.10775862068965517 0.028846153846153848 0.10919540229885058 0.04423076923076923 0.10919540229885058 0.04423076923076923 0.10775862068965517 0.028846153846153848 0.10775862068965517
0 0.95 0.0 0.95 0.0014367816091954023 1.0 0.0014367816091954023 1.0 0.0 0.95 0.0
0 0.5 0.0028735632183908046 0.5 0.004310344827586207 0.5057692307692307 0.004310344827586207 0.5057692307692307 0.0028735632183908046 0.5 0.0028735632183908046
0 0.3730769230769231 0.4410919540229885 0.3730769230769231 0.4425287356321839 0.38461538461538464 0.4425287356321839 0.38461538461538464 0.4410919540229885 0.3730769230769231 0.4410919540229885
0 0.3230769230769231 0.5158045977011494 0.3230769230769231 0.5172413793103449 0.3403846153846154 0.5172413793103449 0.3403846153846154 0.5158045977011494 0.3230769230769231 0.5158045977011494
0 0.8615384615384616 0.09482758620689655 0.8615384615384616 0.09626436781609195 0.8673076923076923 0.09626436781609195 0.8673076923076923 0.09482758620689655 0.8615384615384616 0.09482758620689655
0 0.45576923076923076 0.5732758620689655 0.45576923076923076 0.5747126436781609 0.4634615384615385 0.5747126436781609 0.4634615384615385 0.5732758620689655 0.45576923076923076 0.5732758620689655
0 0.36153846153846153 0.022988505747126436 0.36153846153846153 0.02442528735632184 0.3769230769230769 0.02442528735632184 0.3769230769230769 0.022988505747126436 0.36153846153846153 0.022988505747126436
0 1.1365384615384615 0.3864942528735632 1.1365384615384615 0.3879310344827586 1.15 0.3879310344827586 1.15 0.3864942528735632 1.1365384615384615 0.3864942528735632
0 0.08269230769230769 0.0 0.08269230769230769 0.0014367816091954023 0.1 0.0014367816091954023 0.1 0.0 0.08269230769230769 0.0
0 1.0346153846153847 0.35488505747126436 1.0346153846153847 0.3563218390804598 1.0403846153846155 0.3563218390804598 1.0403846153846155 0.35488505747126436 1.0346153846153847 0.35488505747126436
0 0.7403846153846154 0.21408045977011494 0.7403846153846154 0.21551724137931033 0.7596153846153846 0.21551724137931033 0.7596153846153846 0.21408045977011494 0.7403846153846154 0.21408045977011494
0 0.18461538461538463 0.041666666666666664 0.18461538461538463 0.04310344827586207 0.18846153846153846 0.04310344827586207 0.18846153846153846 0.041666666666666664 0.18461538461538463 0.041666666666666664
0 0.08269230769230769 0.2916666666666667 0.08269230769230769 0.29310344827586204 0.09038461538461538 0.29310344827586204 0.09038461538461538 0.2916666666666667 0.08269230769230769 0.2916666666666667
0 0.40192307692307694 0.04310344827586207 0.40192307692307694 0.04454022988505747 0.4230769230769231 0.04454022988505747 0.4230769230769231 0.04310344827586207 0.40192307692307694 0.04310344827586207
0 0.7884615384615384 0.5359195402298851 0.7884615384615384 0.5373563218390804 0.7980769230769231 0.5373563218390804 0.7980769230769231 0.5359195402298851 0.7884615384615384 0.5359195402298851
0 0.5076923076923077 0.37787356321839083 0.5076923076923077 0.3793103448275862 0.5211538461538462 0.3793103448275862 0.5211538461538462 0.37787356321839083 0.5076923076923077 0.37787356321839083
0 1.2096153846153845 0.41954022988505746 1.2096153846153845 0.4209770114942529 1.225 0.4209770114942529 1.225 0.41954022988505746 1.2096153846153845 0.41954022988505746
0 0.2519230769230769 0.10632183908045977 0.2519230769230769 0.10775862068965517 0.2673076923076923 0.10775862068965517 0.2673076923076923 0.10632183908045977 0.2519230769230769 0.10632183908045977
0 0.23461538461538461 0.3132183908045977 0.23461538461538461 0.3146551724137931 0.24615384615384617 0.3146551724137931 0.24615384615384617 0.3132183908045977 0.23461538461538461 0.3132183908045977
0 1.3192307692307692 0.21551724137931033 1.3192307692307692 0.21695402298850575 1.3307692307692307 0.21695402298850575 1.3307692307692307 0.21551724137931033 1.3192307692307692 0.21551724137931033
0 0.9403846153846154 0.4827586206896552 0.9403846153846154 0.48419540229885055 0.9519230769230769 0.48419540229885055 0.9519230769230769 0.4827586206896552 0.9403846153846154 0.4827586206896552
0 0.0038461538461538464 0.6997126436781609 0.0038461538461538464 0.7011494252873564 0.019230769230769232 0.7011494252873564 0.019230769230769232 0.6997126436781609 0.0038461538461538464 0.6997126436781609
0 0.057692307692307696 0.2514367816091954 0.057692307692307696 0.25287356321839083 0.06538461538461539 0.25287356321839083 0.06538461538461539 0.2514367816091954 0.057692307692307696 0.2514367816091954
0 0.8134615384615385 0.16379310344827586 0.8134615384615385 0.16522988505747127 0.8365384615384616 0.16522988505747127 0.8365384615384616 0.16379310344827586 0.8134615384615385 0.16379310344827586
0 1.1076923076923078 0.35201149425287354 1.1076923076923078 0.35344827586206895 1.125 0.35344827586206895 1.125 0.35201149425287354 1.1076923076923078 0.35201149425287354
0 0.37884615384615383 0.005747126436781609 0.37884615384615383 0.007183908045977011 0.39807692307692305 0.007183908045977011 0.39807692307692305 0.005747126436781609 0.37884615384615383 0.005747126436781609
0 0.6807692307692308 0.2471264367816092 0.6807692307692308 0.24856321839080459 0.6961538461538461 0.24856321839080459 0.6961538461538461 0.2471264367816092 0.6807692307692308 0.2471264367816092
0 1.3057692307692308 0.5258620689655172 1.3057692307692308 0.5272988505747126 1.3173076923076923 0.5272988505747126 1.3173076923076923 0.5258620689655172 1.3057692307692308 0.5258620689655172
0 1.1903846153846154 0.5229885057471264 1.1903846153846154 0.5244252873563219 1.2019230769230769 0.5244252873563219 1.2019230769230769 0.5229885057471264 1.1903846153846154 0.5229885057471264
0 0.011538461538461539 0.27298850574712646 0.011538461538461539 0.2744252873563218 0.015384615384615385 0.2744252873563218 0.015384615384615385 0.27298850574712646 0.011538461538461539 0.27298850574712646
0 0.6153846153846154 0.3261494252873563 0.6153846153846154 0.3275862068965517 0.6288461538461538 0.3275862068965517 0.6288461538461538 0.3261494252873563 0.6153846153846154 0.3261494252873563
0 0.6115384615384616 0.3793103448275862 0.6115384615384616 0.3807471264367816 0.6192307692307693 0.3807471264367816 0.6192307692307693 0.3793103448275862 0.6115384615384616 0.3793103448275862
0 1.2442307692307693 0.14080459770114942 1.2442307692307693 0.14224137931034483 1.2461538461538462 0.14224137931034483 1.2461538461538462 0.14080459770114942 1.2442307692307693 0.14080459770114942
0 0.698076923076923 0.16379310344827586 0.698076923076923 0.16522988505747127 0.7038461538461539 0.16522988505747127 0.7038461538461539 0.16379310344827586 0.698076923076923 0.16379310344827586
0 0.8788461538461538 0.1853448275862069 0.8788461538461538 0.1867816091954023 0.8923076923076924 0.1867816091954023 0.8923076923076924 0.1853448275862069 0.8788461538461538 0.1853448275862069
0 0.38076923076923075 0.34051724137931033 0.38076923076923075 0.34195402298850575 0.38653846153846155 0.34195402298850575 0.38653846153846155 0.34051724137931033 0.38076923076923075 0.34051724137931033
0 1.0923076923076922 0.1939655172413793 1.0923076923076922 0.19540229885057472 1.103846153846154 0.19540229885057472 1.103846153846154 0.1939655172413793 1.0923076923076922 0.1939655172413793
0 0.5884615384615385 0.04310344827586207 0.5884615384615385 0.04454022988505747 0.6019230769230769 0.04454022988505747 0.6019230769230769 0.04310344827586207 0.5884615384615385 0.04310344827586207
0 0.33076923076923076 0.12931034482758622 0.33076923076923076 0.1307471264367816 0.3403846153846154 0.1307471264367816 0.3403846153846154 0.12931034482758622 0.33076923076923076 0.12931034482758622
0 0.1596153846153846 0.125 0.1596153846153846 0.12643678160919541 0.175 0.12643678160919541 0.175 0.125 0.1596153846153846 0.125
0 0.15 0.1853448275862069 0.15 0.1867816091954023 0.16923076923076924 0.1867816091954023 0.16923076923076924 0.1853448275862069 0.15 0.1853448275862069
0 1.273076923076923 0.39655172413793105 1.273076923076923 0.39798850574712646 1.2769230769230768 0.39798850574712646 1.2769230769230768 0.39655172413793105 1.273076923076923 0.39655172413793105
0 0.35 0.1810344827586207 0.35 0.1824712643678161 0.35384615384615387 0.1824712643678161 0.35384615384615387 0.1810344827586207 0.35 0.1810344827586207
0 0.38461538461538464 0.10057471264367816 0.38461538461538464 0.10201149425287356 0.39615384615384613 0.10201149425287356 0.39615384615384613 0.10057471264367816 0.38461538461538464 0.10057471264367816
0 1.2673076923076922 0.2988505747126437 1.2673076923076922 0.30028735632183906 1.2807692307692307 0.30028735632183906 1.2807692307692307 0.2988505747126437 1.2673076923076922 0.2988505747126437
0 1.1384615384615384 0.2614942528735632 1.1384615384615384 0.2629310344827586 1.1576923076923078 0.2629310344827586 1.1576923076923078 0.2614942528735632 1.1384615384615384 0.2614942528735632
0 1.1115384615384616 0.11206896551724138 1.1115384615384616 0.11350574712643678 1.1211538461538462 0.11350574712643678 1.1211538461538462 0.11206896551724138 1.1115384615384616 0.11206896551724138
0 0.7634615384615384 0.10344827586206896 0.7634615384615384 0.10488505747126436 0.775 0.10488505747126436 0.775 0.10344827586206896 0.7634615384615384 0.10344827586206896
0 1.3134615384615385 0.24281609195402298 1.3134615384615385 0.2442528735632184 1.3269230769230769 0.2442528735632184 1.3269230769230769 0.24281609195402298 1.3134615384615385 0.24281609195402298
0 0.9692307692307692 0.28879310344827586 0.9692307692307692 0.29022988505747127 0.9769230769230769 0.29022988505747127 0.9769230769230769 0.28879310344827586 0.9692307692307692 0.28879310344827586
0 0.5365384615384615 0.6350574712643678 0.5365384615384615 0.6364942528735632 0.551923076923077 0.6364942528735632 0.551923076923077 0.6350574712643678 0.5365384615384615 0.6350574712643678
0 0.25 0.0 0.25 0.0014367816091954023 0.3057692307692308 0.0014367816091954023 0.3057692307692308 0.0 0.25 0.0
0 0.8615384615384616 0.4454022988505747 0.8615384615384616 0.4468390804597701 0.8673076923076923 0.4468390804597701 0.8673076923076923 0.4454022988505747 0.8615384615384616 0.4454022988505747
0 0.09615384615384616 0.14655172413793102 0.09615384615384616 0.14798850574712644 0.09807692307692308 0.14798850574712644 0.09807692307692308 0.14655172413793102 0.09615384615384616 0.14655172413793102
0 0.26346153846153847 0.11781609195402298 0.26346153846153847 0.11925287356321838 0.27115384615384613 0.11925287356321838 0.27115384615384613 0.11781609195402298 0.26346153846153847 0.11781609195402298
0 0.1576923076923077 0.12643678160919541 0.1576923076923077 0.1278735632183908 0.16346153846153846 0.1278735632183908 0.16346153846153846 0.12643678160919541 0.1576923076923077 0.12643678160919541
0 0.8884615384615384 0.47988505747126436 0.8884615384615384 0.4813218390804598 0.8980769230769231 0.4813218390804598 0.8980769230769231 0.47988505747126436 0.8884615384615384 0.47988505747126436
0 0.3230769230769231 0.0 0.3230769230769231 0.0014367816091954023 0.38269230769230766 0.0014367816091954023 0.38269230769230766 0.0 0.3230769230769231 0.0
0 1.2557692307692307 0.3793103448275862 1.2557692307692307 0.3807471264367816 1.2673076923076922 0.3807471264367816 1.2673076923076922 0.3793103448275862 1.2557692307692307 0.3793103448275862
0 0.12884615384615383 0.5 0.12884615384615383 0.5014367816091954 0.13653846153846153 0.5014367816091954 0.13653846153846153 0.5 0.12884615384615383 0.5
0 0.7865384615384615 0.25 0.7865384615384615 0.2514367816091954 0.7923076923076923 0.2514367816091954 0.7923076923076923 0.25 0.7865384615384615 0.25
0 0.5019230769230769 0.16379310344827586 0.5019230769230769 0.16522988505747127 0.5057692307692307 0.16522988505747127 0.5057692307692307 0.16379310344827586 0.5019230769230769 0.16379310344827586
0 0.5326923076923077 0.35344827586206895 0.5326923076923077 0.35488505747126436 0.5384615384615384 0.35488505747126436 0.5384615384615384 0.35344827586206895 0.5326923076923077 0.35344827586206895
0 0.5365384615384615 0.2801724137931034 0.5365384615384615 0.28160919540229884 0.5403846153846154 0.28160919540229884 0.5403846153846154 0.2801724137931034 0.5365384615384615 0.2801724137931034
0 0.8288461538461539 0.08477011494252873 0.8288461538461539 0.08620689655172414 0.8423076923076923 0.08620689655172414 0.8423076923076923 0.08477011494252873 0.8288461538461539 0.08477011494252873
0 1.1519230769230768 0.22126436781609196 1.1519230769230768 0.22270114942528735 1.1538461538461537 0.22270114942528735 1.1538461538461537 0.22126436781609196 1.1519230769230768 0.22126436781609196
0 0.4519230769230769 0.22126436781609196 0.4519230769230769 0.22270114942528735 0.4634615384615385 0.22270114942528735 0.4634615384615385 0.22126436781609196 0.4519230769230769 0.22126436781609196
0 0.4980769230769231 0.7183908045977011 0.4980769230769231 0.7198275862068966 0.5096153846153846 0.7198275862068966 0.5096153846153846 0.7183908045977011 0.4980769230769231 0.7183908045977011
0 0.6384615384615384 0.40229885057471265 0.6384615384615384 0.40373563218390807 0.6423076923076924 0.40373563218390807 0.6423076923076924 0.40229885057471265 0.6384615384615384 0.40229885057471265
0 0.6692307692307692 0.20689655172413793 0.6692307692307692 0.20833333333333334 0.6788461538461539 0.20833333333333334 0.6788461538461539 0.20689655172413793 0.6692307692307692 0.20689655172413793