0 1.0653846153846154 0.06051873198847262 1.0653846153846154 0.06340057636887608 1.0807692307692307 0.06340057636887608 1.0807692307692307 0.06051873198847262 1.0653846153846154 0.06051873198847262
0 1.1384615384615384 0.4322766570605187 1.1384615384615384 0.43515850144092216 1.1653846153846155 0.43515850144092216 1.1653846153846155 0.4322766570605187 1.1384615384615384 0.4322766570605187
0 0.35 0.5504322766570605 0.35 0.553314121037464 0.36923076923076925 0.553314121037464 0.36923076923076925 0.5504322766570605 0.35 0.5504322766570605
0 1.1307692307692307 0.590778097982709 1.1307692307692307 0.5936599423631124 1.1384615384615384 0.5936599423631124 1.1384615384615384 0.590778097982709 1.1307692307692307 0.590778097982709
0 0.17692307692307693 0.4553314121037464 0.17692307692307693 0.45821325648414984 0.21153846153846154 0.45821325648414984 0.21153846153846154 0.4553314121037464 0.17692307692307693 0.4553314121037464
0 0.8153846153846154 0.414985590778098 0.8153846153846154 0.41786743515850144 0.823076923076923 0.41786743515850144 0.823076923076923 0.414985590778098 0.8153846153846154 0.414985590778098
0 1.0769230769230769 0.16714697406340057 1.0769230769230769 0.17002881844380405 1.1115384615384616 0.17002881844380405 1.1115384615384616 0.16714697406340057 1.0769230769230769 0.16714697406340057
0 0.9461538461538461 0.29971181556195964 0.9461538461538461 0.3025936599423631 0.9576923076923077 0.3025936599423631 0.9576923076923077 0.29971181556195964 0.9461538461538461 0.29971181556195964
0 0.8384615384615385 0.3256484149855908 0.8384615384615385 0.3285302593659942 0.8615384615384616 0.3285302593659942 0.8615384615384616 0.3256484149855908 0.8384615384615385 0.3256484149855908
0 1.0461538461538462 0.33429394812680113 1.0461538461538462 0.3371757925072046 1.0769230769230769 0.3371757925072046 1.0769230769230769 0.33429394812680113 1.0461538461538462 0.33429394812680113
0 0.3923076923076923 0.4812680115273775 0.3923076923076923 0.484149855907781 0.4230769230769231 0.484149855907781 0.4230769230769231 0.4812680115273775 0.3923076923076923 0.4812680115273775
0 0.6576923076923077 0.11527377521613832 0.6576923076923077 0.11815561959654179 0.6961538461538461 0.11815561959654179 0.6961538461538461 0.11527377521613832 0.6576923076923077 0.11527377521613832
0 0.5807692307692308 0.5072046109510087 0.5807692307692308 0.5100864553314121 0.6 0.5100864553314121 0.6 0.5072046109510087 0.5807692307692308 0.5072046109510087
0 0.19230769230769232 0.6714697406340058 0.19230769230769232 0.6743515850144092 0.21153846153846154 0.6743515850144092 0.21153846153846154 0.6714697406340058 0.19230769230769232 0.6714697406340058
0 0.015384615384615385 0.5561959654178674 0.015384615384615385 0.5590778097982709 0.023076923076923078 0.5590778097982709 0.023076923076923078 0.5561959654178674 0.015384615384615385 0.5561959654178674
0 0.926923076923077 0.42363112391930835 0.926923076923077 0.4265129682997118 0.9384615384615385 0.4265129682997118 0.9384615384615385 0.42363112391930835 0.926923076923077 0.42363112391930835
0 0.8038461538461539 0.3400576368876081 0.8038461538461539 0.34293948126801155 0.823076923076923 0.34293948126801155 0.823076923076923 0.3400576368876081 0.8038461538461539 0.3400576368876081
0 0.7115384615384616 0.43804034582132567 0.7115384615384616 0.4409221902017291 0.7230769230769231 0.4409221902017291 0.7230769230769231 0.43804034582132567 0.7115384615384616 0.43804034582132567
0 0.27307692307692305 0.3285302593659942 0.27307692307692305 0.3314121037463977 0.28846153846153844 0.3314121037463977 0.28846153846153844 0.3285302593659942 0.27307692307692305 0.3285302593659942
0 0.011538461538461539 0.4755043227665706 0.011538461538461539 0.4783861671469741 0.019230769230769232 0.4783861671469741 0.019230769230769232 0.4755043227665706 0.011538461538461539 0.4755043227665706
0 0.9115384615384615 0.6397694524495677 0.9115384615384615 0.6426512968299711 0.9192307692307692 0.6426512968299711 0.9192307692307692 0.6397694524495677 0.9115384615384615 0.6397694524495677
0 0.6307692307692307 0.38328530259365995 0.6307692307692307 0.3861671469740634 0.6461538461538462 0.3861671469740634 0.6461538461538462 0.38328530259365995 0.6307692307692307 0.38328530259365995
0 1.2 0.011527377521613832 1.2 0.01440922190201729 1.2153846153846153 0.01440922190201729 1.2153846153846153 0.011527377521613832 1.2 0.011527377521613832
0 0.4153846153846154 0.6080691642651297 0.4153846153846154 0.6109510086455331 0.4346153846153846 0.6109510086455331 0.4346153846153846 0.6080691642651297 0.4153846153846154 0.6080691642651297
0 0.6115384615384616 0.2824207492795389 0.6115384615384616 0.28530259365994237 0.6384615384615384 0.28530259365994237 0.6384615384615384 0.2824207492795389 0.6115384615384616 0.2824207492795389
0 0.5884615384615385 0.5129682997118156 0.5884615384615385 0.515850144092219 0.6076923076923076 0.515850144092219 0.6076923076923076 0.5129682997118156 0.5884615384615385 0.5129682997118156
0 0.1423076923076923 0.47262247838616717 0.1423076923076923 0.4755043227665706 0.1576923076923077 0.4755043227665706 0.1576923076923077 0.47262247838616717 0.1423076923076923 0.47262247838616717
0 0.5038461538461538 0.6685878962536023 0.5038461538461538 0.6714697406340058 0.5269230769230769 0.6714697406340058 0.5269230769230769 0.6685878962536023 0.5038461538461538 0.6685878962536023
0 1.0076923076923077 0.09798270893371758 1.0076923076923077 0.10086455331412104 1.0269230769230768 0.10086455331412104 1.0269230769230768 0.09798270893371758 1.0076923076923077 0.09798270893371758
0 1.176923076923077 0.6282420749279539 1.176923076923077 0.6311239193083573 1.1846153846153846 0.6311239193083573 1.1846153846153846 0.6282420749279539 1.176923076923077 0.6282420749279539
0 0.5269230769230769 0.4265129682997118 0.5269230769230769 0.42939481268011526 0.5461538461538461 0.42939481268011526 0.5461538461538461 0.4265129682997118 0.5269230769230769 0.4265129682997118
0 0.8961538461538462 0.5302593659942363 0.8961538461538462 0.5331412103746398 0.9192307692307692 0.5331412103746398 0.9192307692307692 0.5302593659942363 0.8961538461538462 0.5302593659942363
0 0.04230769230769231 0.6657060518731989 0.04230769230769231 0.6685878962536023 0.07692307692307693 0.6685878962536023 0.07692307692307693 0.6657060518731989 0.04230769230769231 0.6657060518731989
0 0.06538461538461539 0.4438040345821326 0.06538461538461539 0.44668587896253603 0.07307692307692308 0.44668587896253603 0.07307692307692308 0.4438040345821326 0.06538461538461539 0.4438040345821326
0 0.7807692307692308 0.2276657060518732 0.7807692307692308 0.23054755043227665 0.8192307692307692 0.23054755043227665 0.8192307692307692 0.2276657060518732 0.7807692307692308 0.2276657060518732
0 1.1384615384615384 0.39481268011527376 1.1384615384615384 0.3976945244956772 1.1576923076923078 0.3976945244956772 1.1576923076923078 0.39481268011527376 1.1384615384615384 0.39481268011527376
0 0.11153846153846154 0.3285302593659942 0.11153846153846154 0.3314121037463977 0.1346153846153846 0.3314121037463977 0.1346153846153846 0.3285302593659942 0.11153846153846154 0.3285302593659942
0 0.8923076923076924 0.30547550432276654 0.8923076923076924 0.30835734870317005 0.9153846153846154 0.30835734870317005 0.9153846153846154 0.30547550432276654 0.8923076923076924 0.30547550432276654
0 0.5076923076923077 0.023054755043227664 0.5076923076923077 0.025936599423631124 0.5153846153846153 0.025936599423631124 0.5153846153846153 0.023054755043227664 0.5076923076923077 0.023054755043227664
0 1.0076923076923077 0.6426512968299711 1.0076923076923077 0.6455331412103746 1.0307692307692307 0.6455331412103746 1.0307692307692307 0.6426512968299711 1.0076923076923077 0.6426512968299711
0 0.5846153846153846 0.37175792507204614 0.5846153846153846 0.3746397694524496 0.6192307692307693 0.3746397694524496 0.6192307692307693 0.37175792507204614 0.5846153846153846 0.37175792507204614
0 0.15384615384615385 0.6311239193083573 0.15384615384615385 0.6340057636887608 0.17692307692307693 0.6340057636887608 0.17692307692307693 0.6311239193083573 0.15384615384615385 0.6311239193083573
0 0.7692307692307693 0.13544668587896252 0.7692307692307693 0.138328530259366 0.8038461538461539 0.138328530259366 0.8038461538461539 0.13544668587896252 0.7692307692307693 0.13544668587896252
0 1.2307692307692308 0.12968299711815562 1.2307692307692308 0.13256484149855907 1.25 0.13256484149855907 1.25 0.12968299711815562 1.2307692307692308 0.12968299711815562
0 0.38461538461538464 0.14121037463976946 0.38461538461538464 0.1440922190201729 0.4076923076923077 0.1440922190201729 0.4076923076923077 0.14121037463976946 0.38461538461538464 0.14121037463976946
0 0.7923076923076923 0.04899135446685879 0.7923076923076923 0.05187319884726225 0.8115384615384615 0.05187319884726225 0.8115384615384615 0.04899135446685879 0.7923076923076923 0.04899135446685879
0 1.2961538461538462 0.5850144092219021 1.2961538461538462 0.5878962536023055 1.3115384615384615 0.5878962536023055 1.3115384615384615 0.5850144092219021 1.2961538461538462 0.5850144092219021
0 0.9846153846153847 0.07492795389048991 0.9846153846153847 0.07780979827089338 1.0038461538461538 0.07780979827089338 1.0038461538461538 0.07492795389048991 0.9846153846153847 0.07492795389048991
0 0.3269230769230769 0.5417867435158501 0.3269230769230769 0.5446685878962536 0.3423076923076923 0.5446685878962536 0.3423076923076923 0.5417867435158501 0.3269230769230769 0.5417867435158501
0 1.1153846153846154 0.6858789625360231 1.1153846153846154 0.6887608069164265 1.1423076923076922 0.6887608069164265 1.1423076923076922 0.6858789625360231 1.1153846153846154 0.6858789625360231
0 0.4230769230769231 0.5043227665706052 0.4230769230769231 0.5072046109510087 0.4423076923076923 0.5072046109510087 0.4423076923076923 0.5043227665706052 0.4230769230769231 0.5043227665706052
0 0.4846153846153846 0.3631123919308357 0.4846153846153846 0.3659942363112392 0.5230769230769231 0.3659942363112392 0.5230769230769231 0.3631123919308357 0.4846153846153846 0.3631123919308357
0 0.8615384615384616 0.38328530259365995 0.8615384615384616 0.3861671469740634 0.8769230769230769 0.3861671469740634 0.8769230769230769 0.38328530259365995 0.8615384615384616 0.38328530259365995
0 0.2 0.5936599423631124 0.2 0.5965417867435159 0.23076923076923078 0.5965417867435159 0.23076923076923078 0.5936599423631124 0.2 0.5936599423631124
0 0.5615384615384615 0.5965417867435159 0.5615384615384615 0.5994236311239193 0.5846153846153846 0.5994236311239193 0.5846153846153846 0.5965417867435159 0.5615384615384615 0.5965417867435159
0 0.15 0.6887608069164265 0.15 0.69164265129683 0.16153846153846155 0.69164265129683 0.16153846153846155 0.6887608069164265 0.15 0.6887608069164265
0 1.15 0.33429394812680113 1.15 0.3371757925072046 1.1615384615384616 0.3371757925072046 1.1615384615384616 0.33429394812680113 1.15 0.33429394812680113
0 0.3076923076923077 0.05763688760806916 0.3076923076923077 0.06051873198847262 0.3153846153846154 0.06051873198847262 0.3153846153846154 0.05763688760806916 0.3076923076923077 0.05763688760806916
0 0.5192307692307693 0.49855907780979825 0.5192307692307693 0.5014409221902018 0.5461538461538461 0.5014409221902018 0.5461538461538461 0.49855907780979825 0.5192307692307693 0.49855907780979825
0 0.4230769230769231 0.4668587896253602 0.4230769230769231 0.4697406340057637 0.4346153846153846 0.4697406340057637 0.4346153846153846 0.4668587896253602 0.4230769230769231 0.4668587896253602
0 0.2153846153846154 0.45244956772334294 0.2153846153846154 0.4553314121037464 0.23461538461538461 0.4553314121037464 0.23461538461538461 0.45244956772334294 0.2153846153846154 0.45244956772334294
0 0.6192307692307693 0.3804034582132565 0.6192307692307693 0.38328530259365995 0.6307692307692307 0.38328530259365995 0.6307692307692307 0.3804034582132565 0.6192307692307693 0.3804034582132565
0 0.6230769230769231 0.05187319884726225 0.6230769230769231 0.05475504322766571 0.6423076923076924 0.05475504322766571 0.6423076923076924 0.05187319884726225 0.6230769230769231 0.05187319884726225
0 0.3269230769230769 0.5244956772334294 0.3269230769230769 0.5273775216138329 0.35 0.5273775216138329 0.35 0.5244956772334294 0.3269230769230769 0.5244956772334294
0 1.1192307692307693 0.29394812680115273 1.1192307692307693 0.2968299711815562 1.15 0.2968299711815562 1.15 0.29394812680115273 1.1192307692307693 0.29394812680115273
0 0.2423076923076923 0.10951008645533142 0.2423076923076923 0.11239193083573487 0.2692307692307692 0.11239193083573487 0.2692307692307692 0.10951008645533142 0.2423076923076923 0.10951008645533142
0 0.6 0.590778097982709 0.6 0.5936599423631124 0.6115384615384616 0.5936599423631124 0.6115384615384616 0.590778097982709 0.6 0.590778097982709
0 0.7807692307692308 0.7377521613832853 0.7807692307692308 0.7406340057636888 0.8 0.7406340057636888 0.8 0.7377521613832853 0.7807692307692308 0.7377521613832853
0 1.2769230769230768 0.0 1.2769230769230768 0.002881844380403458 1.2961538461538462 0.002881844380403458 1.2961538461538462 0.0 1.2769230769230768 0.0
0 0.8538461538461538 0.6772334293948127 0.8538461538461538 0.6801152737752162 0.8769230769230769 0.6801152737752162 0.8769230769230769 0.6772334293948127 0.8538461538461538 0.6772334293948127
0 0.5884615384615385 0.0 0.5884615384615385 0.002881844380403458 0.6423076923076924 0.002881844380403458 0.6423076923076924 0.0 0.5884615384615385 0.0
0 0.3384615384615385 0.7377521613832853 0.3384615384615385 0.7406340057636888 0.35384615384615387 0.7406340057636888 0.35384615384615387 0.7377521613832853 0.3384615384615385 0.7377521613832853
0 1.2961538461538462 0.7319884726224783 1.2961538461538462 0.7348703170028819 1.3076923076923077 0.7348703170028819 1.3076923076923077 0.7319884726224783 1.2961538461538462 0.7319884726224783
0 1.0076923076923077 0.2276657060518732 1.0076923076923077 0.23054755043227665 1.0346153846153847 0.23054755043227665 1.0346153846153847 0.2276657060518732 1.0076923076923077 0.2276657060518732
0 0.8153846153846154 0.12103746397694524 0.8153846153846154 0.1239193083573487 0.8461538461538461 0.1239193083573487 0.8461538461538461 0.12103746397694524 0.8153846153846154 0.12103746397694524
0 0.03076923076923077 0.47262247838616717 0.03076923076923077 0.4755043227665706 0.05384615384615385 0.4755043227665706 0.05384615384615385 0.47262247838616717 0.03076923076923077 0.47262247838616717
0 1.2884615384615385 0.41786743515850144 1.2884615384615385 0.4207492795389049 1.3038461538461539 0.4207492795389049 1.3038461538461539 0.41786743515850144 1.2884615384615385 0.41786743515850144
0 0.23461538461538461 0.37752161383285304 0.23461538461538461 0.3804034582132565 0.2692307692307692 0.3804034582132565 0.2692307692307692 0.37752161383285304 0.23461538461538461 0.37752161383285304
0 0.36538461538461536 0.3025936599423631 0.36538461538461536 0.30547550432276654 0.3769230769230769 0.30547550432276654 0.3769230769230769 0.3025936599423631 0.36538461538461536 0.3025936599423631
0 0.1423076923076923 0.2737752161383285 0.1423076923076923 0.276657060518732 0.1576923076923077 0.276657060518732 0.1576923076923077 0.2737752161383285 0.1423076923076923 0.2737752161383285
0 0.6307692307692307 0.21902017291066284 0.6307692307692307 0.2219020172910663 0.6423076923076924 0.2219020172910663 0.6423076923076924 0.21902017291066284 0.6307692307692307 0.21902017291066284
0 0.8538461538461538 0.7118155619596542 0.8538461538461538 0.7146974063400576 0.9 0.7146974063400576 0.9 0.7118155619596542 0.8538461538461538 0.7118155619596542
0 0.9461538461538461 0.7175792507204611 0.9461538461538461 0.7204610951008645 0.9615384615384616 0.7204610951008645 0.9615384615384616 0.7175792507204611 0.9461538461538461 0.7175792507204611
0 0.24615384615384617 0.11527377521613832 0.24615384615384617 0.11815561959654179 0.25769230769230766 0.11815561959654179 0.25769230769230766 0.11527377521613832 0.24615384615384617 0.11527377521613832
0 0.7346153846153847 0.21037463976945245 0.7346153846153847 0.2132564841498559 0.7461538461538462 0.2132564841498559 0.7461538461538462 0.21037463976945245 0.7346153846153847 0.21037463976945245
0 1.1115384615384616 0.4812680115273775 1.1115384615384616 0.484149855907781 1.1192307692307693 0.484149855907781 1.1192307692307693 0.4812680115273775 1.1115384615384616 0.4812680115273775
0 0.09230769230769231 0.5417867435158501 0.09230769230769231 0.5446685878962536 0.11923076923076924 0.5446685878962536 0.11923076923076924 0.5417867435158501 0.09230769230769231 0.5417867435158501
0 1.2038461538461538 0.1585014409221902 1.2038461538461538 0.16138328530259366 1.2346153846153847 0.16138328530259366 1.2346153846153847 0.1585014409221902 1.2038461538461538 0.1585014409221902
0 0.3269230769230769 0.7377521613832853 0.3269230769230769 0.7406340057636888 0.3384615384615385 0.7406340057636888 0.3384615384615385 0.7377521613832853 0.3269230769230769 0.7377521613832853
0 1.146153846153846 0.4755043227665706 1.146153846153846 0.4783861671469741 1.1730769230769231 0.4783861671469741 1.1730769230769231 0.4755043227665706 1.146153846153846 0.4755043227665706
0 0.2076923076923077 0.6195965417867435 0.2076923076923077 0.622478386167147 0.22692307692307692 0.622478386167147 0.22692307692307692 0.6195965417867435 0.2076923076923077 0.6195965417867435
0 0.0 0.1440922190201729 0.0 0.14697406340057637 0.026923076923076925 0.14697406340057637 0.026923076923076925 0.1440922190201729 0.0 0.1440922190201729
0 0.8692307692307693 0.729106628242075 0.8692307692307693 0.7319884726224783 0.9 0.7319884726224783 0.9 0.729106628242075 0.8692307692307693 0.729106628242075
0 0.4807692307692308 0.3170028818443804 0.4807692307692308 0.31988472622478387 0.5038461538461538 0.31988472622478387 0.5038461538461538 0.3170028818443804 0.4807692307692308 0.3170028818443804
0 0.5346153846153846 0.6397694524495677 0.5346153846153846 0.6426512968299711 0.5653846153846154 0.6426512968299711 0.5653846153846154 0.6397694524495677 0.5346153846153846 0.6397694524495677
0 1.103846153846154 0.5763688760806917 1.103846153846154 0.579250720461095 1.1307692307692307 0.579250720461095 1.1307692307692307 0.5763688760806917 1.103846153846154 0.5763688760806917
0 0.2153846153846154 0.05187319884726225 0.2153846153846154 0.05475504322766571 0.23846153846153847 0.05475504322766571 0.23846153846153847 0.05187319884726225 0.2153846153846154 0.05187319884726225
0 0.1346153846153846 0.12968299711815562 0.1346153846153846 0.13256484149855907 0.16538461538461538 0.13256484149855907 0.16538461538461538 0.12968299711815562 0.1346153846153846 0.12968299711815562
0 0.7 0.4207492795389049 0.7 0.42363112391930835 0.7230769230769231 0.42363112391930835 0.7230769230769231 0.4207492795389049 0.7 0.4207492795389049
0 1.1538461538461537 0.49855907780979825 1.1538461538461537 0.5014409221902018 1.1884615384615385 0.5014409221902018 1.1884615384615385 0.49855907780979825 1.1538461538461537 0.49855907780979825
0 0.05384615384615385 0.2968299711815562 0.05384615384615385 0.29971181556195964 0.08076923076923077 0.29971181556195964 0.08076923076923077 0.2968299711815562 0.05384615384615385 0.2968299711815562
0 0.49615384615384617 0.5590778097982709 0.49615384615384617 0.5619596541786743 0.5076923076923077 0.5619596541786743 0.5076923076923077 0.5590778097982709 0.49615384615384617 0.5590778097982709
0 0.05 0.0 0.05 0.002881844380403458 0.1076923076923077 0.002881844380403458 0.1076923076923077 0.0 0.05 0.0
0 1.0269230769230768 0.17579250720461095 1.0269230769230768 0.1786743515850144 1.0384615384615385 0.1786743515850144 1.0384615384615385 0.17579250720461095 1.0269230769230768 0.17579250720461095
0 0.9461538461538461 0.6570605187319885 0.9461538461538461 0.659942363112392 0.9730769230769231 0.659942363112392 0.9730769230769231 0.6570605187319885 0.9461538461538461 0.6570605187319885
0 0.04230769230769231 0.6080691642651297 0.04230769230769231 0.6109510086455331 0.057692307692307696 0.6109510086455331 0.057692307692307696 0.6080691642651297 0.04230769230769231 0.6080691642651297
0 1.1 0.02881844380403458 1.1 0.03170028818443804 1.123076923076923 0.03170028818443804 1.123076923076923 0.02881844380403458 1.1 0.02881844380403458
0 1.2384615384615385 0.07492795389048991 1.2384615384615385 0.07780979827089338 1.2615384615384615 0.07780979827089338 1.2615384615384615 0.07492795389048991 1.2384615384615385 0.07492795389048991
0 0.8846153846153846 0.4755043227665706 0.8846153846153846 0.4783861671469741 0.9076923076923077 0.4783861671469741 0.9076923076923077 0.4755043227665706 0.8846153846153846 0.4755043227665706
0 0.8538461538461538 0.5100864553314121 0.8538461538461538 0.5129682997118156 0.8692307692307693 0.5129682997118156 0.8692307692307693 0.5100864553314121 0.8538461538461538 0.5100864553314121
0 1.1576923076923078 0.5273775216138329 1.1576923076923078 0.5302593659942363 1.1730769230769231 0.5302593659942363 1.1730769230769231 0.5273775216138329 1.1576923076923078 0.5273775216138329
0 0.7730769230769231 0.6801152737752162 0.7730769230769231 0.6829971181556196 0.7961538461538461 0.6829971181556196 0.7961538461538461 0.6801152737752162 0.7730769230769231 0.6801152737752162
0 0.3576923076923077 0.6167146974063401 0.3576923076923077 0.6195965417867435 0.3769230769230769 0.6195965417867435 0.3769230769230769 0.6167146974063401 0.3576923076923077 0.6167146974063401
0 0.15384615384615385 0.14985590778097982 0.15384615384615385 0.15273775216138327 0.17307692307692307 0.15273775216138327 0.17307692307692307 0.14985590778097982 0.15384615384615385 0.14985590778097982
0 0.7461538461538462 0.3285302593659942 0.7461538461538462 0.3314121037463977 0.7653846153846153 0.3314121037463977 0.7653846153846153 0.3285302593659942 0.7461538461538462 0.3285302593659942
0 0.6192307692307693 0.654178674351585 0.6192307692307693 0.6570605187319885 0.6307692307692307 0.6570605187319885 0.6307692307692307 0.654178674351585 0.6192307692307693 0.654178674351585
0 0.5576923076923077 0.5590778097982709 0.5576923076923077 0.5619596541786743 0.5615384615384615 0.5619596541786743 0.5615384615384615 0.5590778097982709 0.5576923076923077 0.5590778097982709
0 0.48846153846153845 0.09510086455331412 0.48846153846153845 0.09798270893371758 0.5 0.09798270893371758 0.5 0.09510086455331412 0.48846153846153845 0.09510086455331412
0 1.1192307692307693 0.1585014409221902 1.1192307692307693 0.16138328530259366 1.1423076923076922 0.16138328530259366 1.1423076923076922 0.1585014409221902 1.1192307692307693 0.1585014409221902
0 1.2807692307692307 0.26512968299711814 1.2807692307692307 0.2680115273775216 1.3038461538461539 0.2680115273775216 1.3038461538461539 0.26512968299711814 1.2807692307692307 0.26512968299711814
0 1.2692307692307692 0.5994236311239193 1.2692307692307692 0.6023054755043228 1.273076923076923 0.6023054755043228 1.273076923076923 0.5994236311239193 1.2692307692307692 0.5994236311239193
0 0.3769230769230769 0.6512968299711815 0.3769230769230769 0.654178674351585 0.38461538461538464 0.654178674351585 0.38461538461538464 0.6512968299711815 0.3769230769230769 0.6512968299711815
0 1.2 0.08357348703170028 1.2 0.08645533141210375 1.2192307692307693 0.08645533141210375 1.2192307692307693 0.08357348703170028 1.2 0.08357348703170028
0 1.3307692307692307 0.3112391930835735 1.3307692307692307 0.31412103746397696 1.3346153846153845 0.31412103746397696 1.3346153846153845 0.3112391930835735 1.3307692307692307 0.3112391930835735
0 0.7192307692307692 0.38904899135446686 0.7192307692307692 0.3919308357348703 0.7307692307692307 0.3919308357348703 0.7307692307692307 0.38904899135446686 0.7192307692307692 0.38904899135446686
0 0.6038461538461538 0.5734870317002881 0.6038461538461538 0.5763688760806917 0.6192307692307693 0.5763688760806917 0.6192307692307693 0.5734870317002881 0.6038461538461538 0.5734870317002881
0 1.0038461538461538 0.7262247838616714 1.0038461538461538 0.729106628242075 1.0269230769230768 0.729106628242075 1.0269230769230768 0.7262247838616714 1.0038461538461538 0.7262247838616714
0 1.2653846153846153 0.5331412103746398 1.2653846153846153 0.5360230547550432 1.2807692307692307 0.5360230547550432 1.2807692307692307 0.5331412103746398 1.2653846153846153 0.5331412103746398
0 0.8115384615384615 0.1642651296829971 0.8115384615384615 0.16714697406340057 0.8346153846153846 0.16714697406340057 0.8346153846153846 0.1642651296829971 0.8115384615384615 0.1642651296829971
0 1.05 0.08069164265129683 1.05 0.08357348703170028 1.0884615384615384 0.08357348703170028 1.0884615384615384 0.08069164265129683 1.05 0.08069164265129683
0 0.5692307692307692 0.5043227665706052 0.5692307692307692 0.5072046109510087 0.5884615384615385 0.5072046109510087 0.5884615384615385 0.5043227665706052 0.5692307692307692 0.5043227665706052
0 0.6269230769230769 0.5878962536023055 0.6269230769230769 0.590778097982709 0.6461538461538462 0.590778097982709 0.6461538461538462 0.5878962536023055 0.6269230769230769 0.5878962536023055