0 1.15234375 0.75 1.15234375 0.753125 1.1875 0.753125 1.1875 0.75 1.15234375 0.75
0 0.82421875 0.021875 0.82421875 0.025 0.84765625 0.025 0.84765625 0.021875 0.82421875 0.021875
0 0.921875 0.50625 0.921875 0.509375 0.9453125 0.509375 0.9453125 0.50625 0.921875 0.50625
0 0.73828125 0.565625 0.73828125 0.56875 0.75 0.56875 0.75 0.565625 0.73828125 0.565625
0 1.23046875 0.540625 1.23046875 0.54375 1.25 0.54375 1.25 0.540625 1.23046875 0.540625
0 0.31640625 0.678125 0.31640625 0.68125 0.34765625 0.68125 0.34765625 0.678125 0.31640625 0.678125
0 1.0078125 0.721875 1.0078125 0.725 1.015625 0.725 1.015625 0.721875 1.0078125 0.721875
0 0.44921875 0.684375 0.44921875 0.6875 0.45703125 0.6875 0.45703125 0.684375 0.44921875 0.684375
0 0.39453125 0.6 0.39453125 0.603125 0.4140625 0.603125 0.4140625 0.6 0.39453125 0.6
0 0.51953125 0.4125 0.51953125 0.415625 0.55859375 0.415625 0.55859375 0.4125 0.51953125 0.4125
0 0.3671875 0.56875 0.3671875 0.571875 0.390625 0.571875 0.390625 0.56875 0.3671875 0.56875
0 0.046875 0.653125 0.046875 0.65625 0.0625 0.65625 0.0625 0.653125 0.046875 0.653125
0 0.5078125 0.478125 0.5078125 0.48125 0.5234375 0.48125 0.5234375 0.478125 0.5078125 0.478125
0 0.1796875 0.428125 0.1796875 0.43125 0.1953125 0.43125 0.1953125 0.428125 0.1796875 0.428125
0 1.1953125 0.396875 1.1953125 0.4 1.23828125 0.4 1.23828125 0.396875 1.1953125 0.396875
0 0.375 0.390625 0.375 0.39375 0.3984375 0.39375 0.3984375 0.390625 0.375 0.390625
0 0.61328125 0.59375 0.61328125 0.596875 0.65234375 0.596875 0.65234375 0.59375 0.61328125 0.59375
0 1.2109375 0.5375 1.2109375 0.540625 1.21875 0.540625 1.21875 0.5375 1.2109375 0.5375
0 0.08984375 0.346875 0.08984375 0.35 0.140625 0.35 0.140625 0.346875 0.08984375 0.346875
0 0.8984375 0.175 0.8984375 0.178125 0.9453125 0.178125 0.9453125 0.175 0.8984375 0.175
0 0.98046875 0.534375 0.98046875 0.5375 1.01171875 0.5375 1.01171875 0.534375 0.98046875 0.534375
0 0.87109375 0.0 0.87109375 0.003125 1.0 0.003125 1.0 0.0 0.87109375 0.0
0 0.44140625 0.0 0.44140625 0.003125 0.57421875 0.003125 0.57421875 0.0 0.44140625 0.0
0 0.80859375 0.46875 0.80859375 0.471875 0.8359375 0.471875 0.8359375 0.46875 0.80859375 0.46875
0 0.26171875 0.75 0.26171875 0.753125 0.30859375 0.753125 0.30859375 0.75 0.26171875 0.75
0 0.83984375 0.690625 0.83984375 0.69375 0.88671875 0.69375 0.88671875 0.690625 0.83984375 0.690625
0 1.06640625 0.415625 1.06640625 0.41875 1.08984375 0.41875 1.08984375 0.415625 1.06640625 0.415625
0 0.203125 0.671875 0.203125 0.675 0.20703125 0.675 0.20703125 0.671875 0.203125 0.671875
0 0.2890625 0.01875 0.2890625 0.021875 0.31640625 0.021875 0.31640625 0.01875 0.2890625 0.01875
0 0.984375 0.0625 0.984375 0.065625 1.0 0.065625 1.0 0.0625 0.984375 0.0625
0 0.59765625 0.621875 0.59765625 0.625 0.625 0.625 0.625 0.621875 0.59765625 0.621875
0 1.140625 0.475 1.140625 0.478125 1.1796875 0.478125 1.1796875 0.475 1.140625 0.475
0 1.15234375 0.50625 1.15234375 0.509375 1.19140625 0.509375 1.19140625 0.50625 1.15234375 0.50625
0 0.59375 0.546875 0.59375 0.55 0.625 0.55 0.625 0.546875 0.59375 0.546875
0 0.078125 0.684375 0.078125 0.6875 0.125 0.6875 0.125 0.684375 0.078125 0.684375
0 0.9609375 0.584375 0.9609375 0.5875 0.984375 0.5875 0.984375 0.584375 0.9609375 0.584375
0 0.46875 0.6375 0.46875 0.640625 0.49609375 0.640625 0.49609375 0.6375 0.46875 0.6375
0 0.33203125 0.50625 0.33203125 0.509375 0.34375 0.509375 0.34375 0.50625 0.33203125 0.50625
0 0.6953125 0.503125 0.6953125 0.50625 0.71484375 0.50625 0.71484375 0.503125 0.6953125 0.503125
0 0.73046875 0.40625 0.73046875 0.409375 0.75390625 0.409375 0.75390625 0.40625 0.73046875 0.40625
0 1.18359375 0.234375 1.18359375 0.2375 1.1875 0.2375 1.1875 0.234375 1.18359375 0.234375
0 0.8046875 0.1875 0.8046875 0.190625 0.83203125 0.190625 0.83203125 0.1875 0.8046875 0.1875
0 0.74609375 0.58125 0.74609375 0.584375 0.78125 0.584375 0.78125 0.58125 0.74609375 0.58125
0 0.8125 0.546875 0.8125 0.55 0.83203125 0.55 0.83203125 0.546875 0.8125 0.546875
0 0.1171875 0.19375 0.1171875 0.196875 0.1484375 0.196875 0.1484375 0.19375 0.1171875 0.19375
0 0.80078125 0.471875 0.80078125 0.475 0.82421875 0.475 0.82421875 0.471875 0.80078125 0.471875
0 0.4921875 0.23125 0.4921875 0.234375 0.5 0.234375 0.5 0.23125 0.4921875 0.23125
0 0.18359375 0.29375 0.18359375 0.296875 0.203125 0.296875 0.203125 0.29375 0.18359375 0.29375
0 0.98046875 0.35625 0.98046875 0.359375 1.00390625 0.359375 1.00390625 0.35625 0.98046875 0.35625
0 0.8203125 0.6 0.8203125 0.603125 0.83203125 0.603125 0.83203125 0.6 0.8203125 0.6
0 1.01171875 0.646875 1.01171875 0.65 1.015625 0.65 1.015625 0.646875 1.01171875 0.646875
0 0.17578125 0.265625 0.17578125 0.26875 0.19140625 0.26875 0.19140625 0.265625 0.17578125 0.265625
0 0.2734375 0.13125 0.2734375 0.134375 0.3046875 0.134375 0.3046875 0.13125 0.2734375 0.13125
0 0.60546875 0.0 0.60546875 0.003125 0.72265625 0.003125 0.72265625 0.0 0.60546875 0.0
0 1.16015625 0.70625 1.16015625 0.709375 1.18359375 0.709375 1.18359375 0.70625 1.16015625 0.70625
0 0.83203125 0.271875 0.83203125 0.275 0.85546875 0.275 0.85546875 0.271875 0.83203125 0.271875
0 0.88671875 0.70625 0.88671875 0.709375 0.91015625 0.709375 0.91015625 0.70625 0.88671875 0.70625
0 0.15625 0.44375 0.15625 0.446875 0.17578125 0.446875 0.17578125 0.44375 0.15625 0.44375