0 0.52734375 0.546875 0.52734375 0.55 0.55078125 0.55 0.55078125 0.546875 0.52734375 0.546875
0 0.51953125 0.665625 0.51953125 0.66875 0.53125 0.66875 0.53125 0.665625 0.51953125 0.665625
0 1.24609375 0.753125 1.24609375 0.75625 1.25 0.75625 1.25 0.753125 1.24609375 0.753125
0 0.95703125 0.23125 0.95703125 0.234375 0.96875 0.234375 0.96875 0.23125 0.95703125 0.23125
0 0.1875 0.115625 0.1875 0.11875 0.1953125 0.11875 0.1953125 0.115625 0.1875 0.115625
0 0.42578125 0.778125 0.42578125 0.78125 0.4609375 0.78125 0.4609375 0.778125 0.42578125 0.778125
0 0.5 0.38125 0.5 0.384375 0.50390625 0.384375 0.50390625 0.38125 0.5 0.38125
0 0.4375 0.303125 0.4375 0.30625 0.46484375 0.30625 0.46484375 0.303125 0.4375 0.303125
0 0.703125 0.2 0.703125 0.203125 0.73046875 0.203125 0.73046875 0.2 0.703125 0.2
0 0.86328125 0.515625 0.86328125 0.51875 0.87890625 0.51875 0.87890625 0.515625 0.86328125 0.515625
0 0.234375 0.615625 0.234375 0.61875 0.27734375 0.61875 0.27734375 0.615625 0.234375 0.615625
0 0.703125 0.55625 0.703125 0.559375 0.71875 0.559375 0.71875 0.55625 0.703125 0.55625
0 0.30078125 0.25625 0.30078125 0.259375 0.34375 0.259375 0.34375 0.25625 0.30078125 0.25625
0 0.91796875 0.0 0.91796875 0.003125 0.98828125 0.003125 0.98828125 0.0 0.91796875 0.0
0 1.08203125 0.50625 1.08203125 0.509375 1.12109375 0.509375 1.12109375 0.50625 1.08203125 0.50625
0 1.1953125 0.65625 1.1953125 0.659375 1.203125 0.659375 1.203125 0.65625 1.1953125 0.65625
0 0.15234375 0.271875 0.15234375 0.275 0.171875 0.275 0.171875 0.271875 0.15234375 0.271875
0 0.90234375 0.3875 0.90234375 0.390625 0.92578125 0.390625 0.92578125 0.3875 0.90234375 0.3875
0 0.171875 0.6125 0.171875 0.615625 0.2109375 0.615625 0.2109375 0.6125 0.171875 0.6125
0 1.046875 0.125 1.046875 0.128125 1.0703125 0.128125 1.0703125 0.125 1.046875 0.125
0 0.64453125 0.275 0.64453125 0.278125 0.66796875 0.278125 0.66796875 0.275 0.64453125 0.275
0 0.14453125 0.15 0.14453125 0.153125 0.16796875 0.153125 0.16796875 0.15 0.14453125 0.15
0 0.9296875 0.3 0.9296875 0.303125 0.953125 0.303125 0.953125 0.3 0.9296875 0.3
0 1.09765625 0.15625 1.09765625 0.159375 1.12890625 0.159375 1.12890625 0.15625 1.09765625 0.15625
0 0.015625 0.59375 0.015625 0.596875 0.05859375 0.596875 0.05859375 0.59375 0.015625 0.59375
0 0.2578125 0.496875 0.2578125 0.5 0.265625 0.5 0.265625 0.496875 0.2578125 0.496875
0 0.27734375 0.1875 0.27734375 0.190625 0.32421875 0.190625 0.32421875 0.1875 0.27734375 0.1875
0 0.4765625 0.38125 0.4765625 0.384375 0.49609375 0.384375 0.49609375 0.38125 0.4765625 0.38125
0 0.11328125 0.178125 0.11328125 0.18125 0.1484375 0.18125 0.1484375 0.178125 0.11328125 0.178125
0 0.96484375 0.203125 0.96484375 0.20625 0.9921875 0.20625 0.9921875 0.203125 0.96484375 0.203125
0 0.8125 0.56875 0.8125 0.571875 0.83203125 0.571875 0.83203125 0.56875 0.8125 0.56875
0 1.00390625 0.321875 1.00390625 0.325 1.01953125 0.325 1.01953125 0.321875 1.00390625 0.321875
0 0.94140625 0.415625 0.94140625 0.41875 0.9765625 0.41875 0.9765625 0.415625 0.94140625 0.415625
0 0.78125 0.259375 0.78125 0.2625 0.8046875 0.2625 0.8046875 0.259375 0.78125 0.259375
0 1.16796875 0.178125 1.16796875 0.18125 1.19140625 0.18125 1.19140625 0.178125 1.16796875 0.178125
0 0.109375 0.0375 0.109375 0.040625 0.12890625 0.040625 0.12890625 0.0375 0.109375 0.0375
0 1.07421875 0.428125 1.07421875 0.43125 1.09375 0.43125 1.09375 0.428125 1.07421875 0.428125
0 0.64453125 0.596875 0.64453125 0.6 0.66796875 0.6 0.66796875 0.596875 0.64453125 0.596875
0 0.08984375 0.346875 0.08984375 0.35 0.12890625 0.35 0.12890625 0.346875 0.08984375 0.346875
0 0.17578125 0.50625 0.17578125 0.509375 0.18359375 0.509375 0.18359375 0.50625 0.17578125 0.50625
0 0.04296875 0.0 0.04296875 0.003125 0.1015625 0.003125 0.1015625 0.0 0.04296875 0.0
0 1.08984375 0.60625 1.08984375 0.609375 1.11328125 0.609375 1.11328125 0.60625 1.08984375 0.60625
0 1.18359375 0.453125 1.18359375 0.45625 1.2109375 0.45625 1.2109375 0.453125 1.18359375 0.453125
0 0.45703125 0.109375 0.45703125 0.1125 0.46875 0.1125 0.46875 0.109375 0.45703125 0.109375
0 0.90234375 0.5625 0.90234375 0.565625 0.9140625 0.565625 0.9140625 0.5625 0.90234375 0.5625
0 1.21875 0.1375 1.21875 0.140625 1.234375 0.140625 1.234375 0.1375 1.21875 0.1375
0 0.32421875 0.596875 0.32421875 0.6 0.33203125 0.6 0.33203125 0.596875 0.32421875 0.596875
0 0.25 0.109375 0.25 0.1125 0.2578125 0.1125 0.2578125 0.109375 0.25 0.109375
0 1.125 0.6 1.125 0.603125 1.140625 0.603125 1.140625 0.6 1.125 0.6
0 0.76953125 0.353125 0.76953125 0.35625 0.79296875 0.35625 0.79296875 0.353125 0.76953125 0.353125
0 0.60546875 0.740625 0.60546875 0.74375 0.65234375 0.74375 0.65234375 0.740625 0.60546875 0.740625
0 1.23046875 0.66875 1.23046875 0.671875 1.24609375 0.671875 1.24609375 0.66875 1.23046875 0.66875
0 0.96484375 0.4125 0.96484375 0.415625 0.9921875 0.415625 0.9921875 0.4125 0.96484375 0.4125
0 0.90625 0.234375 0.90625 0.2375 0.9140625 0.2375 0.9140625 0.234375 0.90625 0.234375
0 0.453125 0.76875 0.453125 0.771875 0.48046875 0.771875 0.48046875 0.76875 0.453125 0.76875
0 0.7890625 0.709375 0.7890625 0.7125 0.81640625 0.7125 0.81640625 0.709375 0.7890625 0.709375
0 0.76171875 0.146875 0.76171875 0.15 0.79296875 0.15 0.79296875 0.146875 0.76171875 0.146875
0 0.60546875 0.590625 0.60546875 0.59375 0.6171875 0.59375 0.6171875 0.590625 0.60546875 0.590625
0 1.08984375 0.5625 1.08984375 0.565625 1.109375 0.565625 1.109375 0.5625 1.08984375 0.5625
0 1.00390625 0.56875 1.00390625 0.571875 1.01953125 0.571875 1.01953125 0.56875 1.00390625 0.56875
0 1.140625 0.228125 1.140625 0.23125 1.1484375 0.23125 1.1484375 0.228125 1.140625 0.228125
0 0.57421875 0.234375 0.57421875 0.2375 0.59375 0.2375 0.59375 0.234375 0.57421875 0.234375
0 0.83984375 0.221875 0.83984375 0.225 0.875 0.225 0.875 0.221875 0.83984375 0.221875
0 0.37890625 0.071875 0.37890625 0.075 0.40234375 0.075 0.40234375 0.071875 0.37890625 0.071875
0 1.0703125 0.25625 1.0703125 0.259375 1.078125 0.259375 1.078125 0.25625 1.0703125 0.25625
0 0.6171875 0.775 0.6171875 0.778125 0.64453125 0.778125 0.64453125 0.775 0.6171875 0.775
0 0.3515625 0.209375 0.3515625 0.2125 0.3671875 0.2125 0.3671875 0.209375 0.3515625 0.209375
0 0.6015625 0.646875 0.6015625 0.65 0.62890625 0.65 0.62890625 0.646875 0.6015625 0.646875
0 1.2109375 0.0125 1.2109375 0.015625 1.21875 0.015625 1.21875 0.0125 1.2109375 0.0125
0 1.0859375 0.4875 1.0859375 0.490625 1.09765625 0.490625 1.09765625 0.4875 1.0859375 0.4875
0 0.5234375 0.146875 0.5234375 0.15 0.55859375 0.15 0.55859375 0.146875 0.5234375 0.146875
0 0.7578125 0.484375 0.7578125 0.4875 0.78125 0.4875 0.78125 0.484375 0.7578125 0.484375
0 0.1328125 0.5 0.1328125 0.503125 0.14453125 0.503125 0.14453125 0.5 0.1328125 0.5
0 0.34375 0.678125 0.34375 0.68125 0.359375 0.68125 0.359375 0.678125 0.34375 0.678125
0 0.37890625 0.546875 0.37890625 0.55 0.40625 0.55 0.40625 0.546875 0.37890625 0.546875
0 0.703125 0.621875 0.703125 0.625 0.72265625 0.625 0.72265625 0.621875 0.703125 0.621875
0 0.70703125 0.5625 0.70703125 0.565625 0.734375 0.565625 0.734375 0.5625 0.70703125 0.5625
0 0.82421875 0.5625 0.82421875 0.565625 0.84375 0.565625 0.84375 0.5625 0.82421875 0.5625
0 0.79296875 0.45625 0.79296875 0.459375 0.82421875 0.459375 0.82421875 0.45625 0.79296875 0.45625
0 0.21875 0.678125 0.21875 0.68125 0.234375 0.68125 0.234375 0.678125 0.21875 0.678125
0 0.62109375 0.559375 0.62109375 0.5625 0.62890625 0.5625 0.62890625 0.559375 0.62109375 0.559375
0 0.609375 0.39375 0.609375 0.396875 0.625 0.396875 0.625 0.39375 0.609375 0.39375
0 0.4296875 0.434375 0.4296875 0.4375 0.44140625 0.4375 0.44140625 0.434375 0.4296875 0.434375
0 0.265625 0.075 0.265625 0.078125 0.28515625 0.078125 0.28515625 0.075 0.265625 0.075
0 0.390625 0.540625 0.390625 0.54375 0.41796875 0.54375 0.41796875 0.540625 0.390625 0.540625
0 0.2734375 0.640625 0.2734375 0.64375 0.30859375 0.64375 0.30859375 0.640625 0.2734375 0.640625
0 0.1796875 0.596875 0.1796875 0.6 0.2265625 0.6 0.2265625 0.596875 0.1796875 0.596875
0 0.515625 0.56875 0.515625 0.571875 0.53125 0.571875 0.53125 0.56875 0.515625 0.56875
0 0.015625 0.475 0.015625 0.478125 0.03515625 0.478125 0.03515625 0.475 0.015625 0.475