0 0.4076923076923077 0.14798850574712644 0.4076923076923077 0.14942528735632185 0.4307692307692308 0.14942528735632185 0.4307692307692308 0.14798850574712644 0.4076923076923077 0.14798850574712644
0 1.073076923076923 0.0028735632183908046 1.073076923076923 0.004310344827586207 1.0826923076923076 0.004310344827586207 1.0826923076923076 0.0028735632183908046 1.073076923076923 0.0028735632183908046
0 0.39807692307692305 0.04310344827586207 0.39807692307692305 0.04454022988505747 0.4076923076923077 0.04454022988505747 0.4076923076923077 0.04310344827586207 0.39807692307692305 0.04310344827586207
0 0.5903846153846154 0.41810344827586204 0.5903846153846154 0.41954022988505746 0.5961538461538461 0.41954022988505746 0.5961538461538461 0.41810344827586204 0.5903846153846154 0.41810344827586204
0 0.8346153846153846 0.3936781609195402 0.8346153846153846 0.39511494252873564 0.8461538461538461 0.39511494252873564 0.8461538461538461 0.3936781609195402 0.8346153846153846 0.3936781609195402
0 0.7076923076923077 0.5502873563218391 0.7076923076923077 0.5517241379310345 0.7173076923076923 0.5517241379310345 0.7173076923076923 0.5502873563218391 0.7076923076923077 0.5502873563218391
0 0.18269230769230768 0.31896551724137934 0.18269230769230768 0.3204022988505747 0.18846153846153846 0.3204022988505747 0.18846153846153846 0.31896551724137934 0.18269230769230768 0.31896551724137934
0 0.7134615384615385 0.10775862068965517 0.7134615384615385 0.10919540229885058 0.7365384615384616 0.10919540229885058 0.7365384615384616 0.10775862068965517 0.7134615384615385 0.10775862068965517
0 0.6519230769230769 0.4540229885057471 0.6519230769230769 0.45545977011494254 0.6615384615384615 0.45545977011494254 0.6615384615384615 0.4540229885057471 0.6519230769230769 0.4540229885057471
0 0.9903846153846154 0.08620689655172414 0.9903846153846154 0.08764367816091954 1.0076923076923077 0.08764367816091954 1.0076923076923077 0.08620689655172414 0.9903846153846154 0.08620689655172414
0 0.015384615384615385 0.04454022988505747 0.015384615384615385 0.04597701149425287 0.023076923076923078 0.04597701149425287 0.023076923076923078 0.04454022988505747 0.015384615384615385 0.04454022988505747
0 0.14423076923076922 0.5833333333333334 0.14423076923076922 0.5847701149425287 0.15 0.5847701149425287 0.15 0.5833333333333334 0.14423076923076922 0.5833333333333334
0 1.1653846153846155 0.29310344827586204 1.1653846153846155 0.29454022988505746 1.1807692307692308 0.29454022988505746 1.1807692307692308 0.29310344827586204 1.1653846153846155 0.29310344827586204
0 0.9134615384615384 0.21551724137931033 0.9134615384615384 0.21695402298850575 0.925 0.21695402298850575 0.925 0.21551724137931033 0.9134615384615384 0.21551724137931033
0 1.3326923076923076 0.37212643678160917 1.3326923076923076 0.3735632183908046 1.3384615384615384 0.3735632183908046 1.3384615384615384 0.37212643678160917 1.3326923076923076 0.37212643678160917
0 0.9788461538461538 0.40086206896551724 0.9788461538461538 0.40229885057471265 0.9903846153846154 0.40229885057471265 0.9903846153846154 0.40086206896551724 0.9788461538461538 0.40086206896551724
0 1.3365384615384615 0.5603448275862069 1.3365384615384615 0.5617816091954023 1.3384615384615384 0.5617816091954023 1.3384615384615384 0.5603448275862069 1.3365384615384615 0.5603448275862069
0 0.8923076923076924 0.17959770114942528 0.8923076923076924 0.1810344827586207 0.8980769230769231 0.1810344827586207 0.8980769230769231 0.17959770114942528 0.8923076923076924 0.17959770114942528
0 1.3269230769230769 0.4813218390804598 1.3269230769230769 0.4827586206896552 1.3346153846153845 0.4827586206896552 1.3346153846153845 0.4813218390804598 1.3269230769230769 0.4813218390804598
0 0.5846153846153846 0.028735632183908046 0.5846153846153846 0.03017241379310345 0.5923076923076923 0.03017241379310345 0.5923076923076923 0.028735632183908046 0.5846153846153846 0.028735632183908046
0 0.801923076923077 0.13218390804597702 0.801923076923077 0.1336206896551724 0.8115384615384615 0.1336206896551724 0.8115384615384615 0.13218390804597702 0.801923076923077 0.13218390804597702
0 0.4807692307692308 0.5502873563218391 0.4807692307692308 0.5517241379310345 0.49038461538461536 0.5517241379310345 0.49038461538461536 0.5502873563218391 0.4807692307692308 0.5502873563218391
0 0.19615384615384615 0.09051724137931035 0.19615384615384615 0.09195402298850575 0.2153846153846154 0.09195402298850575 0.2153846153846154 0.09051724137931035 0.19615384615384615 0.09051724137931035
0 0.1326923076923077 0.6767241379310345 0.1326923076923077 0.6781609195402298 0.14615384615384616 0.6781609195402298 0.14615384615384616 0.6767241379310345 0.1326923076923077 0.6767241379310345
0 0.05961538461538462 0.46839080459770116 0.05961538461538462 0.4698275862068966 0.07115384615384615 0.4698275862068966 0.07115384615384615 0.46839080459770116 0.05961538461538462 0.46839080459770116
0 1.3288461538461538 0.39798850574712646 1.3288461538461538 0.3994252873563218 1.3384615384615384 0.3994252873563218 1.3384615384615384 0.39798850574712646 1.3288461538461538 0.39798850574712646
0 0.6423076923076924 0.22126436781609196 0.6423076923076924 0.22270114942528735 0.6519230769230769 0.22270114942528735 0.6519230769230769 0.22126436781609196 0.6423076923076924 0.22126436781609196
0 0.38653846153846155 0.1278735632183908 0.38653846153846155 0.12931034482758622 0.3923076923076923 0.12931034482758622 0.3923076923076923 0.1278735632183908 0.38653846153846155 0.1278735632183908
0 0.6307692307692307 0.3922413793103448 0.6307692307692307 0.3936781609195402 0.6442307692307693 0.3936781609195402 0.6442307692307693 0.3922413793103448 0.6307692307692307 0.3922413793103448
0 1.1211538461538462 0.031609195402298854 1.1211538461538462 0.033045977011494254 1.1288461538461538 0.033045977011494254 1.1288461538461538 0.031609195402298854 1.1211538461538462 0.031609195402298854
0 1.1538461538461537 0.3735632183908046 1.1538461538461537 0.375 1.1576923076923078 0.375 1.1576923076923078 0.3735632183908046 1.1538461538461537 0.3735632183908046
0 0.11153846153846154 0.4425287356321839 0.11153846153846154 0.44396551724137934 0.125 0.44396551724137934 0.125 0.4425287356321839 0.11153846153846154 0.4425287356321839
0 1.1653846153846155 0.33189655172413796 1.1653846153846155 0.3333333333333333 1.176923076923077 0.3333333333333333 1.176923076923077 0.33189655172413796 1.1653846153846155 0.33189655172413796
0 0.40384615384615385 0.37212643678160917 0.40384615384615385 0.3735632183908046 0.4115384615384615 0.3735632183908046 0.4115384615384615 0.37212643678160917 0.40384615384615385 0.37212643678160917
0 1.0269230769230768 0.3850574712643678 1.0269230769230768 0.3864942528735632 1.0384615384615385 0.3864942528735632 1.0384615384615385 0.3850574712643678 1.0269230769230768 0.3850574712643678
0 0.1673076923076923 0.6278735632183908 0.1673076923076923 0.6293103448275862 0.17307692307692307 0.6293103448275862 0.17307692307692307 0.6278735632183908 0.1673076923076923 0.6278735632183908
0 0.4634615384615385 0.4295977011494253 0.4634615384615385 0.43103448275862066 0.4673076923076923 0.43103448275862066 0.4673076923076923 0.4295977011494253 0.4634615384615385 0.4295977011494253
0 0.6519230769230769 0.41522988505747127 0.6519230769230769 0.4166666666666667 0.6730769230769231 0.4166666666666667 0.6730769230769231 0.41522988505747127 0.6519230769230769 0.41522988505747127
0 0.6134615384615385 0.008620689655172414 0.6134615384615385 0.010057471264367816 0.6211538461538462 0.010057471264367816 0.6211538461538462 0.008620689655172414 0.6134615384615385 0.008620689655172414
0 0.0 0.125 0.0 0.12643678160919541 0.009615384615384616 0.12643678160919541 0.009615384615384616 0.125 0.0 0.125
0 0.8576923076923076 0.09051724137931035 0.8576923076923076 0.09195402298850575 0.8673076923076923 0.09195402298850575 0.8673076923076923 0.09051724137931035 0.8576923076923076 0.09051724137931035
0 0.4096153846153846 0.49712643678160917 0.4096153846153846 0.4985632183908046 0.4269230769230769 0.4985632183908046 0.4269230769230769 0.49712643678160917 0.4096153846153846 0.49712643678160917
0 0.2326923076923077 0.3764367816091954 0.2326923076923077 0.37787356321839083 0.2403846153846154 0.37787356321839083 0.2403846153846154 0.3764367816091954 0.2326923076923077 0.3764367816091954
0 1.2326923076923078 0.603448275862069 1.2326923076923078 0.6048850574712644 1.2538461538461538 0.6048850574712644 1.2538461538461538 0.603448275862069 1.2326923076923078 0.603448275862069
0 1.1423076923076922 0.014367816091954023 1.1423076923076922 0.015804597701149427 1.146153846153846 0.015804597701149427 1.146153846153846 0.014367816091954023 1.1423076923076922 0.014367816091954023
0 0.6903846153846154 0.10919540229885058 0.6903846153846154 0.11063218390804598 0.698076923076923 0.11063218390804598 0.698076923076923 0.10919540229885058 0.6903846153846154 0.10919540229885058
0 0.675 0.30603448275862066 0.675 0.3074712643678161 0.6826923076923077 0.3074712643678161 0.6826923076923077 0.30603448275862066 0.675 0.30603448275862066
0 1.3038461538461539 0.4511494252873563 1.3038461538461539 0.4525862068965517 1.3173076923076923 0.4525862068965517 1.3173076923076923 0.4511494252873563 1.3038461538461539 0.4511494252873563
0 0.4173076923076923 0.34626436781609193 0.4173076923076923 0.34770114942528735 0.4307692307692308 0.34770114942528735 0.4307692307692308 0.34626436781609193 0.4173076923076923 0.34626436781609193
0 1.023076923076923 0.41235632183908044 1.023076923076923 0.41379310344827586 1.0326923076923078 0.41379310344827586 1.0326923076923078 0.41235632183908044 1.023076923076923 0.41235632183908044
0 0.9980769230769231 0.022988505747126436 0.9980769230769231 0.02442528735632184 1.0096153846153846 0.02442528735632184 1.0096153846153846 0.022988505747126436 0.9980769230769231 0.022988505747126436
0 0.3423076923076923 0.34913793103448276 0.3423076923076923 0.3505747126436782 0.35 0.3505747126436782 0.35 0.34913793103448276 0.3423076923076923 0.34913793103448276
0 0.8326923076923077 0.33045977011494254 0.8326923076923077 0.33189655172413796 0.8480769230769231 0.33189655172413796 0.8480769230769231 0.33045977011494254 0.8326923076923077 0.33045977011494254
0 0.09615384615384616 0.04454022988505747 0.09615384615384616 0.04597701149425287 0.10384615384615385 0.04597701149425287 0.10384615384615385 0.04454022988505747 0.09615384615384616 0.04454022988505747
0 0.47115384615384615 0.5057471264367817 0.47115384615384615 0.507183908045977 0.4846153846153846 0.507183908045977 0.4846153846153846 0.5057471264367817 0.47115384615384615 0.5057471264367817
0 0.475 0.15229885057471265 0.475 0.15373563218390804 0.4826923076923077 0.15373563218390804 0.4826923076923077 0.15229885057471265 0.475 0.15229885057471265
0 0.4576923076923077 0.033045977011494254 0.4576923076923077 0.034482758620689655 0.47115384615384615 0.034482758620689655 0.47115384615384615 0.033045977011494254 0.4576923076923077 0.033045977011494254
0 0.7576923076923077 0.25 0.7576923076923077 0.2514367816091954 0.7692307692307693 0.2514367816091954 0.7692307692307693 0.25 0.7576923076923077 0.25
0 0.6346153846153846 0.0 0.6346153846153846 0.0014367816091954023 0.7326923076923076 0.0014367816091954023 0.7326923076923076 0.0 0.6346153846153846 0.0
0 0.3730769230769231 0.34770114942528735 0.3730769230769231 0.34913793103448276 0.37884615384615383 0.34913793103448276 0.37884615384615383 0.34770114942528735 0.3730769230769231 0.34770114942528735
0 0.5019230769230769 0.6709770114942529 0.5019230769230769 0.6724137931034483 0.5115384615384615 0.6724137931034483 0.5115384615384615 0.6709770114942529 0.5019230769230769 0.6709770114942529
0 0.85 0.2988505747126437 0.85 0.30028735632183906 0.8538461538461538 0.30028735632183906 0.8538461538461538 0.2988505747126437 0.85 0.2988505747126437
0 0.18269230769230768 0.0 0.18269230769230768 0.0014367816091954023 0.2519230769230769 0.0014367816091954023 0.2519230769230769 0.0 0.18269230769230768 0.0
0 0.6269230769230769 0.02586206896551724 0.6269230769230769 0.027298850574712645 0.6480769230769231 0.027298850574712645 0.6480769230769231 0.02586206896551724 0.6269230769230769 0.02586206896551724
0 0.2692307692307692 0.5330459770114943 0.2692307692307692 0.5344827586206896 0.2923076923076923 0.5344827586206896 0.2923076923076923 0.5330459770114943 0.2692307692307692 0.5330459770114943
0 1.0576923076923077 0.4410919540229885 1.0576923076923077 0.4425287356321839 1.0615384615384615 0.4425287356321839 1.0615384615384615 0.4410919540229885 1.0576923076923077 0.4410919540229885
0 0.27115384615384613 0.05890804597701149 0.27115384615384613 0.0603448275862069 0.28076923076923077 0.0603448275862069 0.28076923076923077 0.05890804597701149 0.27115384615384613 0.05890804597701149
0 0.025 0.5603448275862069 0.025 0.5617816091954023 0.038461538461538464 0.5617816091954023 0.038461538461538464 0.5603448275862069 0.025 0.5603448275862069
0 0.9365384615384615 0.0 0.9365384615384615 0.0014367816091954023 0.9692307692307692 0.0014367816091954023 0.9692307692307692 0.0 0.9365384615384615 0.0
0 1.146153846153846 0.27155172413793105 1.146153846153846 0.27298850574712646 1.1538461538461537 0.27298850574712646 1.1538461538461537 0.27155172413793105 1.146153846153846 0.27155172413793105
0 0.31153846153846154 0.5316091954022989 0.31153846153846154 0.5330459770114943 0.3211538461538462 0.5330459770114943 0.3211538461538462 0.5316091954022989 0.31153846153846154 0.5316091954022989