0 0.28125 0.503125 0.28125 0.50625 0.30859375 0.50625 0.30859375 0.503125 0.28125 0.503125
0 1.16796875 0.70625 1.16796875 0.709375 1.19140625 0.709375 1.19140625 0.70625 1.16796875 0.70625
0 0.9140625 0.69375 0.9140625 0.696875 0.921875 0.696875 0.921875 0.69375 0.9140625 0.69375
0 0.25 0.334375 0.25 0.3375 0.26953125 0.3375 0.26953125 0.334375 0.25 0.334375
0 0.16015625 0.4125 0.16015625 0.415625 0.171875 0.415625 0.171875 0.4125 0.16015625 0.4125
0 0.33984375 0.6125 0.33984375 0.615625 0.3671875 0.615625 0.3671875 0.6125 0.33984375 0.6125
0 1.0078125 0.4375 1.0078125 0.440625 1.0234375 0.440625 1.0234375 0.4375 1.0078125 0.4375
0 0.234375 0.66875 0.234375 0.671875 0.2578125 0.671875 0.2578125 0.66875 0.234375 0.66875
0 1.0625 0.66875 1.0625 0.671875 1.08203125 0.671875 1.08203125 0.66875 1.0625 0.66875
0 1.1328125 0.0 1.1328125 0.003125 1.1484375 0.003125 1.1484375 0.0 1.1328125 0.0
0 0.66796875 0.48125 0.66796875 0.484375 0.6953125 0.484375 0.6953125 0.48125 0.66796875 0.48125
0 0.5 0.25625 0.5 0.259375 0.53515625 0.259375 0.53515625 0.25625 0.5 0.25625
0 1.109375 0.053125 1.109375 0.05625 1.1484375 0.05625 1.1484375 0.053125 1.109375 0.053125
0 0.703125 0.621875 0.703125 0.625 0.71875 0.625 0.71875 0.621875 0.703125 0.621875
0 0.65625 0.421875 0.65625 0.425 0.6796875 0.425 0.6796875 0.421875 0.65625 0.421875
0 0.1328125 0.075 0.1328125 0.078125 0.1640625 0.078125 0.1640625 0.075 0.1328125 0.075
0 0.58984375 0.20625 0.58984375 0.209375 0.609375 0.209375 0.609375 0.20625 0.58984375 0.20625
0 0.41015625 0.753125 0.41015625 0.75625 0.42578125 0.75625 0.42578125 0.753125 0.41015625 0.753125
0 1.23046875 0.6 1.23046875 0.603125 1.25 0.603125 1.25 0.6 1.23046875 0.6
0 0.76953125 0.775 0.76953125 0.778125 0.7734375 0.778125 0.7734375 0.775 0.76953125 0.775
0 0.54296875 0.31875 0.54296875 0.321875 0.55859375 0.321875 0.55859375 0.31875 0.54296875 0.31875
0 0.1484375 0.678125 0.1484375 0.68125 0.16796875 0.68125 0.16796875 0.678125 0.1484375 0.678125
0 0.6796875 0.6375 0.6796875 0.640625 0.703125 0.640625 0.703125 0.6375 0.6796875 0.6375
0 0.75 0.165625 0.75 0.16875 0.765625 0.16875 0.765625 0.165625 0.75 0.165625
0 0.65234375 0.35625 0.65234375 0.359375 0.66015625 0.359375 0.66015625 0.35625 0.65234375 0.35625
0 0.30859375 0.0 0.30859375 0.003125 0.359375 0.003125 0.359375 0.0 0.30859375 0.0
0 0.43359375 0.509375 0.43359375 0.5125 0.44921875 0.5125 0.44921875 0.509375 0.43359375 0.509375
0 0.96875 0.56875 0.96875 0.571875 0.98046875 0.571875 0.98046875 0.56875 0.96875 0.56875
0 0.55859375 0.4375 0.55859375 0.440625 0.57421875 0.440625 0.57421875 0.4375 0.55859375 0.4375
0 0.45703125 0.715625 0.45703125 0.71875 0.48046875 0.71875 0.48046875 0.715625 0.45703125 0.715625
0 0.5625 0.459375 0.5625 0.4625 0.56640625 0.4625 0.56640625 0.459375 0.5625 0.459375
0 0.6484375 0.65 0.6484375 0.653125 0.6640625 0.653125 0.6640625 0.65 0.6484375 0.65
0 0.72265625 0.75 0.72265625 0.753125 0.7421875 0.753125 0.7421875 0.75 0.72265625 0.75
0 0.75 0.409375 0.75 0.4125 0.76171875 0.4125 0.76171875 0.409375 0.75 0.409375
0 0.21875 0.528125 0.21875 0.53125 0.23046875 0.53125 0.23046875 0.528125 0.21875 0.528125
0 0.08984375 0.728125 0.08984375 0.73125 0.10546875 0.73125 0.10546875 0.728125 0.08984375 0.728125
0 0.31640625 0.340625 0.31640625 0.34375 0.328125 0.34375 0.328125 0.340625 0.31640625 0.340625
0 0.3671875 0.68125 0.3671875 0.684375 0.37890625 0.684375 0.37890625 0.68125 0.3671875 0.68125
0 0.0390625 0.1125 0.0390625 0.115625 0.046875 0.115625 0.046875 0.1125 0.0390625 0.1125