0 1.0234375 0.7125 1.0234375 0.715625 1.0390625 0.715625 1.0390625 0.7125 1.0234375 0.7125
0 1.18359375 0.11875 1.18359375 0.121875 1.19921875 0.121875 1.19921875 0.11875 1.18359375 0.11875
0 0.05078125 0.36875 0.05078125 0.371875 0.06640625 0.371875 0.06640625 0.36875 0.05078125 0.36875
0 0.01171875 0.38125 0.01171875 0.384375 0.02734375 0.384375 0.02734375 0.38125 0.01171875 0.38125
0 0.62890625 0.06875 0.62890625 0.071875 0.6328125 0.071875 0.6328125 0.06875 0.62890625 0.06875
0 0.4375 0.278125 0.4375 0.28125 0.44921875 0.28125 0.44921875 0.278125 0.4375 0.278125
0 0.64453125 0.4 0.64453125 0.403125 0.6640625 0.403125 0.6640625 0.4 0.64453125 0.4
0 1.0390625 0.55 1.0390625 0.553125 1.05078125 0.553125 1.05078125 0.55 1.0390625 0.55
0 0.5078125 0.509375 0.5078125 0.5125 0.51953125 0.5125 0.51953125 0.509375 0.5078125 0.509375
0 1.0 0.70625 1.0 0.709375 1.0078125 0.709375 1.0078125 0.70625 1.0 0.70625
0 0.5 0.66875 0.5 0.671875 0.51171875 0.671875 0.51171875 0.66875 0.5 0.66875
0 0.52734375 0.45 0.52734375 0.453125 0.5390625 0.453125 0.5390625 0.45 0.52734375 0.45
0 0.59375 0.08125 0.59375 0.084375 0.6015625 0.084375 0.6015625 0.08125 0.59375 0.08125
0 0.29296875 0.296875 0.29296875 0.3 0.3046875 0.3 0.3046875 0.296875 0.29296875 0.296875
0 0.01171875 0.20625 0.01171875 0.209375 0.04296875 0.209375 0.04296875 0.20625 0.01171875 0.20625
0 0.28125 0.409375 0.28125 0.4125 0.29296875 0.4125 0.29296875 0.409375 0.28125 0.409375
0 1.046875 0.334375 1.046875 0.3375 1.06640625 0.3375 1.06640625 0.334375 1.046875 0.334375
0 0.30859375 0.7875 0.30859375 0.790625 0.32421875 0.790625 0.32421875 0.7875 0.30859375 0.7875
0 0.73828125 0.303125 0.73828125 0.30625 0.75 0.30625 0.75 0.303125 0.73828125 0.303125
0 1.10546875 0.46875 1.10546875 0.471875 1.11328125 0.471875 1.11328125 0.46875 1.10546875 0.46875
0 0.06640625 0.30625 0.06640625 0.309375 0.0859375 0.309375 0.0859375 0.30625 0.06640625 0.30625
0 0.16796875 0.246875 0.16796875 0.25 0.1796875 0.25 0.1796875 0.246875 0.16796875 0.246875