0 1.8872305140961858 0.27908805031446543 1.8872305140961858 0.279874213836478 1.9071310116086235 0.279874213836478 1.9071310116086235 0.27908805031446543 1.8872305140961858 0.27908805031446543
0 0.9187396351575456 0.15644654088050314 0.9187396351575456 0.15723270440251572 0.9237147595356551 0.15723270440251572 0.9237147595356551 0.15644654088050314 0.9187396351575456 0.15644654088050314
0 1.713101160862355 0.18632075471698112 1.713101160862355 0.1871069182389937 1.7180762852404643 0.1871069182389937 1.7180762852404643 0.18632075471698112 1.713101160862355 0.18632075471698112
0 0.33996683250414594 0.18946540880503146 0.33996683250414594 0.19025157232704404 0.3466003316749585 0.19025157232704404 0.3466003316749585 0.18946540880503146 0.33996683250414594 0.18946540880503146
0 0.36650082918739635 0.16037735849056603 0.36650082918739635 0.1611635220125786 0.373134328358209 0.1611635220125786 0.373134328358209 0.16037735849056603 0.36650082918739635 0.16037735849056603
0 1.0149253731343284 0.13364779874213836 1.0149253731343284 0.13443396226415094 1.0248756218905473 0.13443396226415094 1.0248756218905473 0.13364779874213836 1.0149253731343284 0.13364779874213836
0 1.373134328358209 0.14465408805031446 1.373134328358209 0.14544025157232704 1.3764510779436152 0.14544025157232704 1.3764510779436152 0.14465408805031446 1.373134328358209 0.14465408805031446
0 1.2951907131011609 0.2688679245283019 1.2951907131011609 0.2696540880503145 1.3034825870646767 0.2696540880503145 1.3034825870646767 0.2688679245283019 1.2951907131011609 0.2688679245283019
0 1.5903814262023217 0.16588050314465408 1.5903814262023217 0.16666666666666666 1.6019900497512438 0.16666666666666666 1.6019900497512438 0.16588050314465408 1.5903814262023217 0.16588050314465408
0 1.9718076285240465 0.1690251572327044 1.9718076285240465 0.16981132075471697 1.9800995024875623 0.16981132075471697 1.9800995024875623 0.1690251572327044 1.9718076285240465 0.1690251572327044
0 0.6252072968490879 0.22327044025157233 0.6252072968490879 0.2240566037735849 0.6301824212271974 0.2240566037735849 0.6301824212271974 0.22327044025157233 0.6252072968490879 0.22327044025157233
0 0.648424543946932 0.3128930817610063 0.648424543946932 0.3136792452830189 0.6600331674958541 0.3136792452830189 0.6600331674958541 0.3128930817610063 0.648424543946932 0.3128930817610063
0 0.03814262023217247 0.16823899371069181 0.03814262023217247 0.1690251572327044 0.04809286898839138 0.1690251572327044 0.04809286898839138 0.16823899371069181 0.03814262023217247 0.16823899371069181
0 1.3034825870646767 0.21147798742138366 1.3034825870646767 0.21226415094339623 1.318407960199005 0.21226415094339623 1.318407960199005 0.21147798742138366 1.3034825870646767 0.21147798742138366
0 1.4477611940298507 0.15251572327044025 1.4477611940298507 0.15330188679245282 1.4527363184079602 0.15330188679245282 1.4527363184079602 0.15251572327044025 1.4477611940298507 0.15251572327044025
0 0.15091210613598674 0.19811320754716982 0.15091210613598674 0.1988993710691824 0.15920398009950248 0.1988993710691824 0.15920398009950248 0.19811320754716982 0.15091210613598674 0.19811320754716982
0 0.6998341625207297 0.25157232704402516 0.6998341625207297 0.25235849056603776 0.7081260364842454 0.25235849056603776 0.7081260364842454 0.25157232704402516 0.6998341625207297 0.25157232704402516
0 1.4759535655058043 0.19339622641509435 1.4759535655058043 0.19418238993710693 1.4792703150912105 0.19418238993710693 1.4792703150912105 0.19339622641509435 1.4759535655058043 0.19339622641509435
0 1.3316749585406302 0.389937106918239 1.3316749585406302 0.39072327044025157 1.3366500829187395 0.39072327044025157 1.3366500829187395 0.389937106918239 1.3316749585406302 0.389937106918239
0 0.1791044776119403 0.15330188679245282 0.1791044776119403 0.1540880503144654 0.18407960199004975 0.1540880503144654 0.18407960199004975 0.15330188679245282 0.1791044776119403 0.15330188679245282
0 1.6633499170812605 0.1918238993710692 1.6633499170812605 0.19261006289308177 1.6666666666666667 0.19261006289308177 1.6666666666666667 0.1918238993710692 1.6633499170812605 0.1918238993710692
0 0.6301824212271974 0.1721698113207547 0.6301824212271974 0.17295597484276728 0.6351575456053068 0.17295597484276728 0.6351575456053068 0.1721698113207547 0.6301824212271974 0.1721698113207547
0 0.1011608623548922 0.16745283018867924 0.1011608623548922 0.16823899371069181 0.1044776119402985 0.16823899371069181 0.1044776119402985 0.16745283018867924 0.1011608623548922 0.16745283018867924
0 1.592039800995025 0.1501572327044025 1.592039800995025 0.1509433962264151 1.6036484245439468 0.1509433962264151 1.6036484245439468 0.1501572327044025 1.592039800995025 0.1501572327044025
0 0.6218905472636815 0.1289308176100629 0.6218905472636815 0.12971698113207547 0.6252072968490879 0.12971698113207547 0.6252072968490879 0.1289308176100629 0.6218905472636815 0.1289308176100629
0 0.3018242122719735 0.21540880503144655 0.3018242122719735 0.21619496855345913 0.3067993366500829 0.21619496855345913 0.3067993366500829 0.21540880503144655 0.3018242122719735 0.21540880503144655
0 0.6135986733001658 0.4221698113207547 0.6135986733001658 0.4229559748427673 0.6185737976782753 0.4229559748427673 0.6185737976782753 0.4221698113207547 0.6135986733001658 0.4221698113207547
0 1.0149253731343284 0.19103773584905662 1.0149253731343284 0.1918238993710692 1.0199004975124377 0.1918238993710692 1.0199004975124377 0.19103773584905662 1.0149253731343284 0.19103773584905662
0 0.2023217247097844 0.18160377358490565 0.2023217247097844 0.18238993710691823 0.20563847429519072 0.18238993710691823 0.20563847429519072 0.18160377358490565 0.2023217247097844 0.18160377358490565
0 0.6517412935323383 0.3380503144654088 0.6517412935323383 0.3388364779874214 0.6567164179104478 0.3388364779874214 0.6567164179104478 0.3380503144654088 0.6517412935323383 0.3380503144654088
0 0.1310116086235489 0.18160377358490565 0.1310116086235489 0.18238993710691823 0.13930348258706468 0.18238993710691823 0.13930348258706468 0.18160377358490565 0.1310116086235489 0.18160377358490565
0 1.0480928689883913 0.13364779874213836 1.0480928689883913 0.13443396226415094 1.0530679933665008 0.13443396226415094 1.0530679933665008 0.13364779874213836 1.0480928689883913 0.13364779874213836
0 1.8225538971807629 0.19811320754716982 1.8225538971807629 0.1988993710691824 1.8275290215588722 0.1988993710691824 1.8275290215588722 0.19811320754716982 1.8225538971807629 0.19811320754716982
0 1.2752902155887231 0.25157232704402516 1.2752902155887231 0.25235849056603776 1.286898839137645 0.25235849056603776 1.286898839137645 0.25157232704402516 1.2752902155887231 0.25157232704402516
0 1.6683250414593698 0.3663522012578616 1.6683250414593698 0.3671383647798742 1.6766169154228856 0.3671383647798742 1.6766169154228856 0.3663522012578616 1.6683250414593698 0.3663522012578616
0 0.029850746268656716 0.1540880503144654 0.029850746268656716 0.15487421383647798 0.03648424543946932 0.15487421383647798 0.03648424543946932 0.1540880503144654 0.029850746268656716 0.1540880503144654
0 0.34328358208955223 0.33647798742138363 0.34328358208955223 0.33726415094339623 0.3466003316749585 0.33726415094339623 0.3466003316749585 0.33647798742138363 0.34328358208955223 0.33647798742138363
0 0.8872305140961857 0.1761006289308176 0.8872305140961857 0.17688679245283018 0.8971807628524047 0.17688679245283018 0.8971807628524047 0.1761006289308176 0.8872305140961857 0.1761006289308176
0 0.09286898839137644 0.3561320754716981 0.09286898839137644 0.35691823899371067 0.0978441127694859 0.35691823899371067 0.0978441127694859 0.3561320754716981 0.09286898839137644 0.3561320754716981
0 0.8109452736318408 0.16273584905660377 0.8109452736318408 0.16352201257861634 0.8192371475953566 0.16352201257861634 0.8192371475953566 0.16273584905660377 0.8109452736318408 0.16273584905660377
0 1.855721393034826 0.3011006289308176 1.855721393034826 0.3018867924528302 1.8606965174129353 0.3018867924528302 1.8606965174129353 0.3011006289308176 1.855721393034826 0.3011006289308176
0 0.7280265339966833 0.20125786163522014 0.7280265339966833 0.20204402515723272 0.7396351575456053 0.20204402515723272 0.7396351575456053 0.20125786163522014 0.7280265339966833 0.20125786163522014
0 0.8839137645107794 0.16273584905660377 0.8839137645107794 0.16352201257861634 0.8905472636815921 0.16352201257861634 0.8905472636815921 0.16273584905660377 0.8839137645107794 0.16273584905660377
0 1.8391376451077943 0.2507861635220126 1.8391376451077943 0.25157232704402516 1.8507462686567164 0.25157232704402516 1.8507462686567164 0.2507861635220126 1.8391376451077943 0.2507861635220126
0 2.0961857379767825 0.1761006289308176 2.0961857379767825 0.17688679245283018 2.099502487562189 0.17688679245283018 2.099502487562189 0.1761006289308176 2.0961857379767825 0.1761006289308176
0 1.0928689883913765 0.4111635220125786 1.0928689883913765 0.4119496855345912 1.0961857379767828 0.4119496855345912 1.0961857379767828 0.4111635220125786 1.0928689883913765 0.4111635220125786
0 1.3548922056384742 0.18160377358490565 1.3548922056384742 0.18238993710691823 1.364842454394693 0.18238993710691823 1.364842454394693 0.18160377358490565 1.3548922056384742 0.18160377358490565
0 0.6998341625207297 0.17138364779874213 0.6998341625207297 0.1721698113207547 0.703150912106136 0.1721698113207547 0.703150912106136 0.17138364779874213 0.6998341625207297 0.17138364779874213
0 0.3150912106135987 0.15172955974842767 0.3150912106135987 0.15251572327044025 0.3250414593698176 0.15251572327044025 0.3250414593698176 0.15172955974842767 0.3150912106135987 0.15172955974842767
0 0.16086235489220563 0.1611635220125786 0.16086235489220563 0.1619496855345912 0.16583747927031509 0.1619496855345912 0.16583747927031509 0.1611635220125786 0.16086235489220563 0.1611635220125786
0 0.32338308457711445 0.23977987421383648 0.32338308457711445 0.24056603773584906 0.3283582089552239 0.24056603773584906 0.3283582089552239 0.23977987421383648 0.32338308457711445 0.23977987421383648
0 1.9734660033167495 0.41352201257861637 1.9734660033167495 0.4143081761006289 1.976782752902156 0.4143081761006289 1.976782752902156 0.41352201257861637 1.9734660033167495 0.41352201257861637
0 1.7728026533996684 0.35141509433962265 1.7728026533996684 0.3522012578616352 1.7777777777777777 0.3522012578616352 1.7777777777777777 0.35141509433962265 1.7728026533996684 0.35141509433962265
0 0.560530679933665 0.18632075471698112 0.560530679933665 0.1871069182389937 0.5655058043117744 0.1871069182389937 0.5655058043117744 0.18632075471698112 0.560530679933665 0.18632075471698112
0 1.5124378109452736 0.25707547169811323 1.5124378109452736 0.2578616352201258 1.5223880597014925 0.2578616352201258 1.5223880597014925 0.25707547169811323 1.5124378109452736 0.25707547169811323
0 1.0829187396351576 0.2460691823899371 1.0829187396351576 0.2468553459119497 1.087893864013267 0.2468553459119497 1.087893864013267 0.2460691823899371 1.0829187396351576 0.2460691823899371
0 1.0912106135986732 0.22720125786163523 1.0912106135986732 0.2279874213836478 1.097844112769486 0.2279874213836478 1.097844112769486 0.22720125786163523 1.0912106135986732 0.22720125786163523
0 1.1774461028192371 0.1690251572327044 1.1774461028192371 0.16981132075471697 1.1807628524046434 0.16981132075471697 1.1807628524046434 0.1690251572327044 1.1774461028192371 0.1690251572327044
0 1.0945273631840795 0.14779874213836477 1.0945273631840795 0.14858490566037735 1.1028192371475953 0.14858490566037735 1.1028192371475953 0.14779874213836477 1.0945273631840795 0.14779874213836477
0 0.22553897180762852 0.16666666666666666 0.22553897180762852 0.16745283018867924 0.23051409618573798 0.16745283018867924 0.23051409618573798 0.16666666666666666 0.22553897180762852 0.16666666666666666
0 0.8689883913764511 0.20518867924528303 0.8689883913764511 0.2059748427672956 0.8739635157545605 0.2059748427672956 0.8739635157545605 0.20518867924528303 0.8689883913764511 0.20518867924528303
0 2.08955223880597 0.2028301886792453 2.08955223880597 0.20361635220125787 2.0961857379767825 0.20361635220125787 2.0961857379767825 0.2028301886792453 2.08955223880597 0.2028301886792453
0 0.03316749585406302 0.2460691823899371 0.03316749585406302 0.2468553459119497 0.03648424543946932 0.2468553459119497 0.03648424543946932 0.2460691823899371 0.03316749585406302 0.2460691823899371
0 1.318407960199005 0.15330188679245282 1.318407960199005 0.1540880503144654 1.3233830845771144 0.1540880503144654 1.3233830845771144 0.15330188679245282 1.318407960199005 0.15330188679245282
0 1.077943615257048 0.12578616352201258 1.077943615257048 0.12657232704402516 1.0812603648424544 0.12657232704402516 1.0812603648424544 0.12578616352201258 1.077943615257048 0.12578616352201258
0 2.056384742951907 0.1761006289308176 2.056384742951907 0.17688679245283018 2.0597014925373136 0.17688679245283018 2.0597014925373136 0.1761006289308176 2.056384742951907 0.1761006289308176
0 1.4145936981757876 0.1957547169811321 1.4145936981757876 0.19654088050314467 1.4195688225538972 0.19654088050314467 1.4195688225538972 0.1957547169811321 1.4145936981757876 0.1957547169811321
0 0.006633499170812604 0.14072327044025157 0.006633499170812604 0.14150943396226415 0.013266998341625208 0.14150943396226415 0.013266998341625208 0.14072327044025157 0.006633499170812604 0.14072327044025157
0 1.507462686567164 0.15172955974842767 1.507462686567164 0.15251572327044025 1.5124378109452736 0.15251572327044025 1.5124378109452736 0.15172955974842767 1.507462686567164 0.15172955974842767
0 0.45107794361525705 0.1721698113207547 0.45107794361525705 0.17295597484276728 0.46102819237147596 0.17295597484276728 0.46102819237147596 0.1721698113207547 0.45107794361525705 0.1721698113207547
0 1.5406301824212272 0.40959119496855345 1.5406301824212272 0.41037735849056606 1.548922056384743 0.41037735849056606 1.548922056384743 0.40959119496855345 1.5406301824212272 0.40959119496855345
0 1.9469320066334992 0.2429245283018868 1.9469320066334992 0.24371069182389937 1.9519071310116087 0.24371069182389937 1.9519071310116087 0.2429245283018868 1.9469320066334992 0.2429245283018868
0 0.18076285240464346 0.3089622641509434 0.18076285240464346 0.30974842767295596 0.19071310116086235 0.30974842767295596 0.19071310116086235 0.3089622641509434 0.18076285240464346 0.3089622641509434
0 0.3250414593698176 0.25471698113207547 0.3250414593698176 0.2555031446540881 0.3283582089552239 0.2555031446540881 0.3283582089552239 0.25471698113207547 0.3250414593698176 0.25471698113207547
0 0.31343283582089554 0.42374213836477986 0.31343283582089554 0.42452830188679247 0.31840796019900497 0.42452830188679247 0.31840796019900497 0.42374213836477986 0.31343283582089554 0.42374213836477986
0 0.6451077943615257 0.1800314465408805 0.6451077943615257 0.18081761006289307 0.6500829187396352 0.18081761006289307 0.6500829187396352 0.1800314465408805 0.6451077943615257 0.1800314465408805
0 0.8308457711442786 0.14150943396226415 0.8308457711442786 0.14229559748427673 0.8341625207296849 0.14229559748427673 0.8341625207296849 0.14150943396226415 0.8308457711442786 0.14150943396226415
0 0.3034825870646766 0.1800314465408805 0.3034825870646766 0.18081761006289307 0.30845771144278605 0.18081761006289307 0.30845771144278605 0.1800314465408805 0.3034825870646766 0.1800314465408805
0 0.7396351575456053 0.16352201257861634 0.7396351575456053 0.16430817610062892 0.7446102819237148 0.16430817610062892 0.7446102819237148 0.16352201257861634 0.7396351575456053 0.16352201257861634
0 1.5456053067993367 0.1792452830188679 1.5456053067993367 0.1800314465408805 1.548922056384743 0.1800314465408805 1.548922056384743 0.1792452830188679 1.5456053067993367 0.1792452830188679
0 1.9154228855721394 0.19732704402515724 1.9154228855721394 0.19811320754716982 1.9203980099502487 0.19811320754716982 1.9203980099502487 0.19732704402515724 1.9154228855721394 0.19732704402515724
0 1.5688225538971807 0.18553459119496854 1.5688225538971807 0.18632075471698112 1.5737976782752903 0.18632075471698112 1.5737976782752903 0.18553459119496854 1.5688225538971807 0.18553459119496854
0 1.5655058043117744 0.3710691823899371 1.5655058043117744 0.3718553459119497 1.570480928689884 0.3718553459119497 1.570480928689884 0.3710691823899371 1.5655058043117744 0.3710691823899371
0 1.7412935323383085 0.1430817610062893 1.7412935323383085 0.14386792452830188 1.7495854063018241 0.14386792452830188 1.7495854063018241 0.1430817610062893 1.7412935323383085 0.1430817610062893
0 0.30514096185737977 0.3121069182389937 0.30514096185737977 0.3128930817610063 0.3150912106135987 0.3128930817610063 0.3150912106135987 0.3121069182389937 0.30514096185737977 0.3121069182389937
0 1.8159203980099503 0.16352201257861634 1.8159203980099503 0.16430817610062892 1.8225538971807629 0.16430817610062892 1.8225538971807629 0.16352201257861634 1.8159203980099503 0.16352201257861634
0 1.142620232172471 0.1391509433962264 1.142620232172471 0.139937106918239 1.1475953565505805 0.139937106918239 1.1475953565505805 0.1391509433962264 1.142620232172471 0.1391509433962264
0 1.900497512437811 0.2468553459119497 1.900497512437811 0.24764150943396226 1.9154228855721394 0.24764150943396226 1.9154228855721394 0.2468553459119497 1.900497512437811 0.2468553459119497
0 0.5754560530679934 0.15723270440251572 0.5754560530679934 0.1580188679245283 0.582089552238806 0.1580188679245283 0.582089552238806 0.15723270440251572 0.5754560530679934 0.15723270440251572
0 0.32172470978441126 0.2688679245283019 0.32172470978441126 0.2696540880503145 0.33167495854063017 0.2696540880503145 0.33167495854063017 0.2688679245283019 0.32172470978441126 0.2688679245283019
0 2.0248756218905473 0.17531446540880502 2.0248756218905473 0.1761006289308176 2.033167495854063 0.1761006289308176 2.033167495854063 0.17531446540880502 2.0248756218905473 0.17531446540880502
0 2.0199004975124377 0.1831761006289308 2.0199004975124377 0.18396226415094338 2.0232172470978442 0.18396226415094338 2.0232172470978442 0.1831761006289308 2.0199004975124377 0.1831761006289308
0 0.6633499170812603 0.3946540880503145 0.6633499170812603 0.39544025157232704 0.6666666666666666 0.39544025157232704 0.6666666666666666 0.3946540880503145 0.6633499170812603 0.3946540880503145
0 0.6517412935323383 0.22327044025157233 0.6517412935323383 0.2240566037735849 0.6583747927031509 0.2240566037735849 0.6583747927031509 0.22327044025157233 0.6517412935323383 0.22327044025157233
0 0.9336650082918739 0.3466981132075472 0.9336650082918739 0.3474842767295597 0.9369817578772802 0.3474842767295597 0.9369817578772802 0.3466981132075472 0.9336650082918739 0.3466981132075472
0 1.8640132669983416 0.24371069182389937 1.8640132669983416 0.24449685534591195 1.8689883913764511 0.24449685534591195 1.8689883913764511 0.24371069182389937 1.8640132669983416 0.24371069182389937
0 0.6351575456053068 0.12185534591194969 0.6351575456053068 0.12264150943396226 0.6384742951907131 0.12264150943396226 0.6384742951907131 0.12185534591194969 0.6351575456053068 0.12185534591194969
0 0.32669983416252074 0.23663522012578617 0.32669983416252074 0.23742138364779874 0.3333333333333333 0.23742138364779874 0.3333333333333333 0.23663522012578617 0.32669983416252074 0.23663522012578617
0 0.16086235489220563 0.1470125786163522 0.16086235489220563 0.14779874213836477 0.1691542288557214 0.14779874213836477 0.1691542288557214 0.1470125786163522 0.16086235489220563 0.1470125786163522
0 1.7645107794361525 0.1721698113207547 1.7645107794361525 0.17295597484276728 1.769485903814262 0.17295597484276728 1.769485903814262 0.1721698113207547 1.7645107794361525 0.1721698113207547
0 0.13598673300165837 0.3168238993710692 0.13598673300165837 0.31761006289308175 0.13930348258706468 0.31761006289308175 0.13930348258706468 0.3168238993710692 0.13598673300165837 0.3168238993710692
0 0.6285240464344942 0.17059748427672955 0.6285240464344942 0.17138364779874213 0.6334991708126037 0.17138364779874213 0.6334991708126037 0.17059748427672955 0.6285240464344942 0.17059748427672955
0 2.0945273631840795 0.3419811320754717 2.0945273631840795 0.34276729559748426 2.101160862354892 0.34276729559748426 2.101160862354892 0.3419811320754717 2.0945273631840795 0.3419811320754717
0 1.8673300165837479 0.17059748427672955 1.8673300165837479 0.17138364779874213 1.8739635157545604 0.17138364779874213 1.8739635157545604 0.17059748427672955 1.8673300165837479 0.17059748427672955
0 0.7943615257048093 0.20047169811320756 0.7943615257048093 0.20125786163522014 0.8043117744610282 0.20125786163522014 0.8043117744610282 0.20047169811320756 0.7943615257048093 0.20047169811320756
0 1.4029850746268657 0.15959119496855345 1.4029850746268657 0.16037735849056603 1.4096185737976783 0.16037735849056603 1.4096185737976783 0.15959119496855345 1.4029850746268657 0.15959119496855345
0 0.8988391376451078 0.29323899371069184 0.8988391376451078 0.2940251572327044 0.9087893864013267 0.2940251572327044 0.9087893864013267 0.29323899371069184 0.8988391376451078 0.29323899371069184
0 2.0796019900497513 0.139937106918239 2.0796019900497513 0.14072327044025157 2.0829187396351574 0.14072327044025157 2.0829187396351574 0.139937106918239 2.0796019900497513 0.139937106918239
0 1.2719734660033168 0.19654088050314467 1.2719734660033168 0.19732704402515724 1.2769485903814262 0.19732704402515724 1.2769485903814262 0.19654088050314467 1.2719734660033168 0.19654088050314467
0 1.4859038142620231 0.1792452830188679 1.4859038142620231 0.1800314465408805 1.4975124378109452 0.1800314465408805 1.4975124378109452 0.1792452830188679 1.4859038142620231 0.1792452830188679
0 1.2238805970149254 0.16745283018867924 1.2238805970149254 0.16823899371069181 1.2354892205638475 0.16823899371069181 1.2354892205638475 0.16745283018867924 1.2238805970149254 0.16745283018867924
0 0.6633499170812603 0.28773584905660377 0.6633499170812603 0.28852201257861637 0.6716417910447762 0.28852201257861637 0.6716417910447762 0.28773584905660377 0.6633499170812603 0.28773584905660377
0 0.5223880597014925 0.2209119496855346 0.5223880597014925 0.22169811320754718 0.5290215588723052 0.22169811320754718 0.5290215588723052 0.2209119496855346 0.5223880597014925 0.2209119496855346
0 1.3698175787728026 0.2468553459119497 1.3698175787728026 0.24764150943396226 1.384742951907131 0.24764150943396226 1.384742951907131 0.2468553459119497 1.3698175787728026 0.2468553459119497
0 0.7562189054726368 0.21933962264150944 0.7562189054726368 0.22012578616352202 0.7595356550580431 0.22012578616352202 0.7595356550580431 0.21933962264150944 0.7562189054726368 0.21933962264150944
0 0.12271973466003316 0.20518867924528303 0.12271973466003316 0.2059748427672956 0.13266998341625208 0.2059748427672956 0.13266998341625208 0.20518867924528303 0.12271973466003316 0.20518867924528303
0 0.34991708126036486 0.3828616352201258 0.34991708126036486 0.3836477987421384 0.3548922056384743 0.3836477987421384 0.3548922056384743 0.3828616352201258 0.34991708126036486 0.3828616352201258
0 1.2122719734660032 0.19732704402515724 1.2122719734660032 0.19811320754716982 1.2222222222222223 0.19811320754716982 1.2222222222222223 0.19732704402515724 1.2122719734660032 0.19732704402515724
0 0.6799336650082919 0.16352201257861634 0.6799336650082919 0.16430817610062892 0.6882255389718076 0.16430817610062892 0.6882255389718076 0.16352201257861634 0.6799336650082919 0.16352201257861634
0 1.7611940298507462 0.24056603773584906 1.7611940298507462 0.24135220125786164 1.7678275290215588 0.24135220125786164 1.7678275290215588 0.24056603773584906 1.7611940298507462 0.24056603773584906
0 0.8971807628524047 0.264937106918239 0.8971807628524047 0.26572327044025157 0.900497512437811 0.26572327044025157 0.900497512437811 0.264937106918239 0.8971807628524047 0.264937106918239
0 0.25207296849087896 0.22327044025157233 0.25207296849087896 0.2240566037735849 0.2570480928689884 0.2240566037735849 0.2570480928689884 0.22327044025157233 0.25207296849087896 0.22327044025157233
0 1.2703150912106136 0.23349056603773585 1.2703150912106136 0.23427672955974843 1.2769485903814262 0.23427672955974843 1.2769485903814262 0.23349056603773585 1.2703150912106136 0.23349056603773585
0 1.9751243781094527 0.2751572327044025 1.9751243781094527 0.2759433962264151 1.9817578772802653 0.2759433962264151 1.9817578772802653 0.2751572327044025 1.9751243781094527 0.2751572327044025
0 1.1509121061359868 0.2806603773584906 1.1509121061359868 0.28144654088050314 1.1558872305140961 0.28144654088050314 1.1558872305140961 0.2806603773584906 1.1509121061359868 0.2806603773584906
0 1.5389718076285241 0.1800314465408805 1.5389718076285241 0.18081761006289307 1.5439469320066335 0.18081761006289307 1.5439469320066335 0.1800314465408805 1.5389718076285241 0.1800314465408805
0 1.943615257048093 0.16352201257861634 1.943615257048093 0.16430817610062892 1.9485903814262022 0.16430817610062892 1.9485903814262022 0.16352201257861634 1.943615257048093 0.16352201257861634
0 1.6981757877280266 0.26257861635220126 1.6981757877280266 0.26336477987421386 1.703150912106136 0.26336477987421386 1.703150912106136 0.26257861635220126 1.6981757877280266 0.26257861635220126
0 0.8888888888888888 0.3789308176100629 0.8888888888888888 0.37971698113207547 0.8955223880597015 0.37971698113207547 0.8955223880597015 0.3789308176100629 0.8888888888888888 0.3789308176100629
0 1.2819237147595357 0.19732704402515724 1.2819237147595357 0.19811320754716982 1.2885572139303483 0.19811320754716982 1.2885572139303483 0.19732704402515724 1.2819237147595357 0.19732704402515724
0 1.39469320066335 0.16666666666666666 1.39469320066335 0.16745283018867924 1.4013266998341625 0.16745283018867924 1.4013266998341625 0.16666666666666666 1.39469320066335 0.16666666666666666
0 1.349917081260365 0.3223270440251572 1.349917081260365 0.3231132075471698 1.3582089552238805 0.3231132075471698 1.3582089552238805 0.3223270440251572 1.349917081260365 0.3223270440251572
0 2.0398009950248754 0.18238993710691823 2.0398009950248754 0.1831761006289308 2.043117744610282 0.1831761006289308 2.043117744610282 0.18238993710691823 2.0398009950248754 0.18238993710691823
0 0.6301824212271974 0.1650943396226415 0.6301824212271974 0.16588050314465408 0.6351575456053068 0.16588050314465408 0.6351575456053068 0.1650943396226415 0.6301824212271974 0.1650943396226415
0 1.154228855721393 0.22720125786163523 1.154228855721393 0.2279874213836478 1.1608623548922057 0.2279874213836478 1.1608623548922057 0.22720125786163523 1.154228855721393 0.22720125786163523
0 0.593698175787728 0.29559748427672955 0.593698175787728 0.29638364779874216 0.6102819237147595 0.29638364779874216 0.6102819237147595 0.29559748427672955 0.593698175787728 0.29559748427672955
0 1.5041459369817578 0.20754716981132076 1.5041459369817578 0.20833333333333334 1.5107794361525704 0.20833333333333334 1.5107794361525704 0.20754716981132076 1.5041459369817578 0.20754716981132076
0 0.43283582089552236 0.36477987421383645 0.43283582089552236 0.36556603773584906 0.43781094527363185 0.36556603773584906 0.43781094527363185 0.36477987421383645 0.43283582089552236 0.36477987421383645
0 0.8175787728026535 0.2578616352201258 0.8175787728026535 0.2586477987421384 0.8275290215588723 0.2586477987421384 0.8275290215588723 0.2578616352201258 0.8175787728026535 0.2578616352201258
0 1.1525704809286899 0.19025157232704404 1.1525704809286899 0.19103773584905662 1.1558872305140961 0.19103773584905662 1.1558872305140961 0.19025157232704404 1.1525704809286899 0.19025157232704404
0 0.7877280265339967 0.20518867924528303 0.7877280265339967 0.2059748427672956 0.7976782752902156 0.2059748427672956 0.7976782752902156 0.20518867924528303 0.7877280265339967 0.20518867924528303
0 0.75787728026534 0.16273584905660377 0.75787728026534 0.16352201257861634 0.7628524046434494 0.16352201257861634 0.7628524046434494 0.16273584905660377 0.75787728026534 0.16273584905660377
0 1.076285240464345 0.3026729559748428 1.076285240464345 0.30345911949685533 1.0912106135986732 0.30345911949685533 1.0912106135986732 0.3026729559748428 1.076285240464345 0.3026729559748428
0 1.2172470978441128 0.18081761006289307 1.2172470978441128 0.18160377358490565 1.2222222222222223 0.18160377358490565 1.2222222222222223 0.18081761006289307 1.2172470978441128 0.18081761006289307
0 0.40298507462686567 0.1800314465408805 0.40298507462686567 0.18081761006289307 0.4129353233830846 0.18081761006289307 0.4129353233830846 0.1800314465408805 0.40298507462686567 0.1800314465408805
0 0.3101160862354892 0.41745283018867924 0.3101160862354892 0.41823899371069184 0.3150912106135987 0.41823899371069184 0.3150912106135987 0.41745283018867924 0.3101160862354892 0.41745283018867924
0 0.18407960199004975 0.3270440251572327 0.18407960199004975 0.3278301886792453 0.18739635157545606 0.3278301886792453 0.18739635157545606 0.3270440251572327 0.18407960199004975 0.3270440251572327
0 0.31343283582089554 0.20440251572327045 0.31343283582089554 0.20518867924528303 0.31840796019900497 0.20518867924528303 0.31840796019900497 0.20440251572327045 0.31343283582089554 0.20440251572327045
0 0.9552238805970149 0.18474842767295596 0.9552238805970149 0.18553459119496854 0.9635157545605307 0.18553459119496854 0.9635157545605307 0.18474842767295596 0.9552238805970149 0.18474842767295596
0 1.164179104477612 0.18238993710691823 1.164179104477612 0.1831761006289308 1.1674958540630183 0.1831761006289308 1.1674958540630183 0.18238993710691823 1.164179104477612 0.18238993710691823
0 0.6500829187396352 0.25943396226415094 0.6500829187396352 0.26022012578616355 0.6666666666666666 0.26022012578616355 0.6666666666666666 0.25943396226415094 0.6500829187396352 0.25943396226415094
0 0.08955223880597014 0.18867924528301888 0.08955223880597014 0.18946540880503146 0.0945273631840796 0.18946540880503146 0.0945273631840796 0.18867924528301888 0.08955223880597014 0.18867924528301888
0 0.29519071310116085 0.3333333333333333 0.29519071310116085 0.3341194968553459 0.30016583747927034 0.3341194968553459 0.30016583747927034 0.3333333333333333 0.29519071310116085 0.3333333333333333
0 0.2669983416252073 0.15959119496855345 0.2669983416252073 0.16037735849056603 0.27197346600331673 0.16037735849056603 0.27197346600331673 0.15959119496855345 0.2669983416252073 0.15959119496855345
0 0.17412935323383086 0.2838050314465409 0.17412935323383086 0.28459119496855345 0.1824212271973466 0.28459119496855345 0.1824212271973466 0.2838050314465409 0.17412935323383086 0.2838050314465409
0 0.7396351575456053 0.20518867924528303 0.7396351575456053 0.2059748427672956 0.7446102819237148 0.2059748427672956 0.7446102819237148 0.20518867924528303 0.7396351575456053 0.20518867924528303
0 1.0630182421227197 0.13286163522012578 1.0630182421227197 0.13364779874213836 1.0713101160862355 0.13364779874213836 1.0713101160862355 0.13286163522012578 1.0630182421227197 0.13286163522012578
0 1.9320066334991708 0.2138364779874214 1.9320066334991708 0.21462264150943397 1.9402985074626866 0.21462264150943397 1.9402985074626866 0.2138364779874214 1.9320066334991708 0.2138364779874214
0 0.7645107794361525 0.15644654088050314 0.7645107794361525 0.15723270440251572 0.7694859038142621 0.15723270440251572 0.7694859038142621 0.15644654088050314 0.7645107794361525 0.15644654088050314
0 1.252072968490879 0.18160377358490565 1.252072968490879 0.18238993710691823 1.2620232172470978 0.18238993710691823 1.2620232172470978 0.18160377358490565 1.252072968490879 0.18160377358490565
0 0.6550580431177446 0.20911949685534592 0.6550580431177446 0.2099056603773585 0.6600331674958541 0.2099056603773585 0.6600331674958541 0.20911949685534592 0.6550580431177446 0.20911949685534592
0 1.5804311774461028 0.3278301886792453 1.5804311774461028 0.32861635220125784 1.5887230514096187 0.32861635220125784 1.5887230514096187 0.3278301886792453 1.5804311774461028 0.3278301886792453
0 1.3781094527363185 0.20361635220125787 1.3781094527363185 0.20440251572327045 1.386401326699834 0.20440251572327045 1.386401326699834 0.20361635220125787 1.3781094527363185 0.20361635220125787
0 0.6616915422885572 0.1501572327044025 0.6616915422885572 0.1509433962264151 0.6666666666666666 0.1509433962264151 0.6666666666666666 0.1501572327044025 0.6616915422885572 0.1501572327044025
0 0.24543946932006633 0.2696540880503145 0.24543946932006633 0.27044025157232704 0.24875621890547264 0.27044025157232704 0.24875621890547264 0.2696540880503145 0.24543946932006633 0.2696540880503145
0 0.1111111111111111 0.4033018867924528 0.1111111111111111 0.40408805031446543 0.11774461028192372 0.40408805031446543 0.11774461028192372 0.4033018867924528 0.1111111111111111 0.4033018867924528
0 2.0713101160862353 0.22720125786163523 2.0713101160862353 0.2279874213836478 2.074626865671642 0.2279874213836478 2.074626865671642 0.22720125786163523 2.0713101160862353 0.22720125786163523
0 0.6434494195688225 0.18632075471698112 0.6434494195688225 0.1871069182389937 0.6500829187396352 0.1871069182389937 0.6500829187396352 0.18632075471698112 0.6434494195688225 0.18632075471698112
0 0.6948590381426202 0.20833333333333334 0.6948590381426202 0.20911949685534592 0.7048092868988391 0.20911949685534592 0.7048092868988391 0.20833333333333334 0.6948590381426202 0.20833333333333334
0 0.29519071310116085 0.1611635220125786 0.29519071310116085 0.1619496855345912 0.30016583747927034 0.1619496855345912 0.30016583747927034 0.1611635220125786 0.29519071310116085 0.1611635220125786
0 1.0895522388059702 0.1619496855345912 1.0895522388059702 0.16273584905660377 1.097844112769486 0.16273584905660377 1.097844112769486 0.1619496855345912 1.0895522388059702 0.1619496855345912
0 1.3150912106135986 0.35455974842767296 1.3150912106135986 0.3553459119496855 1.3266998341625207 0.3553459119496855 1.3266998341625207 0.35455974842767296 1.3150912106135986 0.35455974842767296
0 0.13598673300165837 0.1540880503144654 0.13598673300165837 0.15487421383647798 0.14593698175787728 0.15487421383647798 0.14593698175787728 0.1540880503144654 0.13598673300165837 0.1540880503144654
0 0.3582089552238806 0.2578616352201258 0.3582089552238806 0.2586477987421384 0.3648424543946932 0.2586477987421384 0.3648424543946932 0.2578616352201258 0.3582089552238806 0.2578616352201258
0 0.30514096185737977 0.20911949685534592 0.30514096185737977 0.2099056603773585 0.30845771144278605 0.2099056603773585 0.30845771144278605 0.20911949685534592 0.30514096185737977 0.20911949685534592
0 0.013266998341625208 0.27437106918238996 0.013266998341625208 0.2751572327044025 0.01824212271973466 0.2751572327044025 0.01824212271973466 0.27437106918238996 0.013266998341625208 0.27437106918238996
0 2.0480928689883915 0.15487421383647798 2.0480928689883915 0.15566037735849056 2.053067993366501 0.15566037735849056 2.053067993366501 0.15487421383647798 2.0480928689883915 0.15487421383647798
0 0.7794361525704809 0.13522012578616352 0.7794361525704809 0.1360062893081761 0.7860696517412935 0.1360062893081761 0.7860696517412935 0.13522012578616352 0.7794361525704809 0.13522012578616352
0 2.074626865671642 0.14779874213836477 2.074626865671642 0.14858490566037735 2.0796019900497513 0.14858490566037735 2.0796019900497513 0.14779874213836477 2.074626865671642 0.14779874213836477
0 1.2023217247097844 0.1320754716981132 1.2023217247097844 0.13286163522012578 1.207296849087894 0.13286163522012578 1.207296849087894 0.1320754716981132 1.2023217247097844 0.1320754716981132
0 1.1807628524046434 0.3058176100628931 1.1807628524046434 0.30660377358490565 1.1840796019900497 0.30660377358490565 1.1840796019900497 0.3058176100628931 1.1807628524046434 0.3058176100628931
0 1.671641791044776 0.17138364779874213 1.671641791044776 0.1721698113207547 1.6799336650082919 0.1721698113207547 1.6799336650082919 0.17138364779874213 1.671641791044776 0.17138364779874213
0 0.23880597014925373 0.14544025157232704 0.23880597014925373 0.14622641509433962 0.24875621890547264 0.14622641509433962 0.24875621890547264 0.14544025157232704 0.23880597014925373 0.14544025157232704
0 2.0398009950248754 0.20361635220125787 2.0398009950248754 0.20440251572327045 2.044776119402985 0.20440251572327045 2.044776119402985 0.20361635220125787 2.0398009950248754 0.20361635220125787
0 0.8623548922056384 0.2971698113207547 0.8623548922056384 0.2979559748427673 0.867330016583748 0.2979559748427673 0.867330016583748 0.2971698113207547 0.8623548922056384 0.2971698113207547
0 1.1061359867330016 0.16037735849056603 1.1061359867330016 0.1611635220125786 1.1127694859038142 0.1611635220125786 1.1127694859038142 0.16037735849056603 1.1061359867330016 0.16037735849056603
0 1.39469320066335 0.16588050314465408 1.39469320066335 0.16666666666666666 1.3980099502487562 0.16666666666666666 1.3980099502487562 0.16588050314465408 1.39469320066335 0.16588050314465408
0 1.4477611940298507 0.375 1.4477611940298507 0.3757861635220126 1.4527363184079602 0.3757861635220126 1.4527363184079602 0.375 1.4477611940298507 0.375
0 0.6799336650082919 0.26257861635220126 0.6799336650082919 0.26336477987421386 0.6832504145936982 0.26336477987421386 0.6832504145936982 0.26257861635220126 0.6799336650082919 0.26257861635220126
0 1.4378109452736318 0.15959119496855345 1.4378109452736318 0.16037735849056603 1.4444444444444444 0.16037735849056603 1.4444444444444444 0.15959119496855345 1.4378109452736318 0.15959119496855345
0 0.46766169154228854 0.27122641509433965 0.46766169154228854 0.2720125786163522 0.4792703150912106 0.2720125786163522 0.4792703150912106 0.27122641509433965 0.46766169154228854 0.27122641509433965
0 2.013266998341625 0.1761006289308176 2.013266998341625 0.17688679245283018 2.0199004975124377 0.17688679245283018 2.0199004975124377 0.1761006289308176 2.013266998341625 0.1761006289308176
0 1.1840796019900497 0.24842767295597484 1.1840796019900497 0.24921383647798742 1.2039800995024876 0.24921383647798742 1.2039800995024876 0.24842767295597484 1.1840796019900497 0.24842767295597484
0 1.439469320066335 0.16666666666666666 1.439469320066335 0.16745283018867924 1.4477611940298507 0.16745283018867924 1.4477611940298507 0.16666666666666666 1.439469320066335 0.16666666666666666
0 1.3548922056384742 0.29009433962264153 1.3548922056384742 0.2908805031446541 1.3797678275290215 0.2908805031446541 1.3797678275290215 0.29009433962264153 1.3548922056384742 0.29009433962264153
0 0.46434494195688225 0.16588050314465408 0.46434494195688225 0.16666666666666666 0.4660033167495854 0.16666666666666666 0.4660033167495854 0.16588050314465408 0.46434494195688225 0.16588050314465408
0 1.8175787728026533 0.29009433962264153 1.8175787728026533 0.2908805031446541 1.8258706467661692 0.2908805031446541 1.8258706467661692 0.29009433962264153 1.8175787728026533 0.29009433962264153
0 0.21061359867330018 0.23034591194968554 0.21061359867330018 0.23113207547169812 0.21724709784411278 0.23113207547169812 0.21724709784411278 0.23034591194968554 0.21061359867330018 0.23034591194968554
0 1.5804311774461028 0.1871069182389937 1.5804311774461028 0.1878930817610063 1.5870646766169154 0.1878930817610063 1.5870646766169154 0.1871069182389937 1.5804311774461028 0.1871069182389937
0 0.30514096185737977 0.15959119496855345 0.30514096185737977 0.16037735849056603 0.30845771144278605 0.16037735849056603 0.30845771144278605 0.15959119496855345 0.30514096185737977 0.15959119496855345
0 1.066334991708126 0.18946540880503146 1.066334991708126 0.19025157232704404 1.0713101160862355 0.19025157232704404 1.0713101160862355 0.18946540880503146 1.066334991708126 0.18946540880503146
0 1.9286898839137645 0.13364779874213836 1.9286898839137645 0.13443396226415094 1.9320066334991708 0.13443396226415094 1.9320066334991708 0.13364779874213836 1.9286898839137645 0.13364779874213836
0 1.2321724709784412 0.16037735849056603 1.2321724709784412 0.1611635220125786 1.2404643449419568 0.1611635220125786 1.2404643449419568 0.16037735849056603 1.2321724709784412 0.16037735849056603
0 0.05638474295190713 0.17688679245283018 0.05638474295190713 0.17767295597484276 0.06135986733001658 0.17767295597484276 0.06135986733001658 0.17688679245283018 0.05638474295190713 0.17688679245283018
0 1.5306799336650083 0.1509433962264151 1.5306799336650083 0.15172955974842767 1.537313432835821 0.15172955974842767 1.537313432835821 0.1509433962264151 1.5306799336650083 0.1509433962264151
0 0.5538971807628524 0.15723270440251572 0.5538971807628524 0.1580188679245283 0.5621890547263682 0.1580188679245283 0.5621890547263682 0.15723270440251572 0.5538971807628524 0.15723270440251572
0 1.9718076285240465 0.3970125786163522 1.9718076285240465 0.3977987421383648 1.978441127694859 0.3977987421383648 1.978441127694859 0.3970125786163522 1.9718076285240465 0.3970125786163522
0 0.966832504145937 0.15566037735849056 0.966832504145937 0.15644654088050314 0.9718076285240465 0.15644654088050314 0.9718076285240465 0.15566037735849056 0.966832504145937 0.15566037735849056
0 1.4228855721393034 0.13757861635220126 1.4228855721393034 0.13836477987421383 1.4262023217247097 0.13836477987421383 1.4262023217247097 0.13757861635220126 1.4228855721393034 0.13757861635220126
0 1.492537313432836 0.18081761006289307 1.492537313432836 0.18160377358490565 1.4991708126036485 0.18160377358490565 1.4991708126036485 0.18081761006289307 1.492537313432836 0.18081761006289307
0 1.1393034825870647 0.28459119496855345 1.1393034825870647 0.28537735849056606 1.1509121061359868 0.28537735849056606 1.1509121061359868 0.28459119496855345 1.1393034825870647 0.28459119496855345
0 1.8673300165837479 0.19811320754716982 1.8673300165837479 0.1988993710691824 1.8723051409618574 0.1988993710691824 1.8723051409618574 0.19811320754716982 1.8673300165837479 0.19811320754716982
0 1.9983416252072967 0.15487421383647798 1.9983416252072967 0.15566037735849056 2.0049751243781095 0.15566037735849056 2.0049751243781095 0.15487421383647798 1.9983416252072967 0.15487421383647798
0 1.263681592039801 0.1878930817610063 1.263681592039801 0.18867924528301888 1.2669983416252073 0.18867924528301888 1.2669983416252073 0.1878930817610063 1.263681592039801 0.1878930817610063
0 1.0298507462686568 0.1918238993710692 1.0298507462686568 0.19261006289308177 1.0364842454394694 0.19261006289308177 1.0364842454394694 0.1918238993710692 1.0298507462686568 0.1918238993710692
0 1.8706467661691542 0.19103773584905662 1.8706467661691542 0.1918238993710692 1.8772802653399667 0.1918238993710692 1.8772802653399667 0.19103773584905662 1.8706467661691542 0.19103773584905662
0 0.7844112769485904 0.23349056603773585 0.7844112769485904 0.23427672955974843 0.7910447761194029 0.23427672955974843 0.7910447761194029 0.23349056603773585 0.7844112769485904 0.23349056603773585
0 0.6616915422885572 0.24135220125786164 0.6616915422885572 0.24213836477987422 0.6666666666666666 0.24213836477987422 0.6666666666666666 0.24135220125786164 0.6616915422885572 0.24135220125786164
0 0.7131011608623549 0.3160377358490566 0.7131011608623549 0.3168238993710692 0.7164179104477612 0.3168238993710692 0.7164179104477612 0.3160377358490566 0.7131011608623549 0.3160377358490566
0 1.628524046434494 0.28773584905660377 1.628524046434494 0.28852201257861637 1.6434494195688225 0.28852201257861637 1.6434494195688225 0.28773584905660377 1.628524046434494 0.28773584905660377
0 0.16086235489220563 0.21933962264150944 0.16086235489220563 0.22012578616352202 0.16417910447761194 0.22012578616352202 0.16417910447761194 0.21933962264150944 0.16086235489220563 0.21933962264150944
0 1.9850746268656716 0.2248427672955975 1.9850746268656716 0.22562893081761007 1.9900497512437811 0.22562893081761007 1.9900497512437811 0.2248427672955975 1.9850746268656716 0.2248427672955975
0 1.5787728026533996 0.1580188679245283 1.5787728026533996 0.15880503144654087 1.5854063018242124 0.15880503144654087 1.5854063018242124 0.1580188679245283 1.5787728026533996 0.1580188679245283
0 1.8606965174129353 0.15487421383647798 1.8606965174129353 0.15566037735849056 1.8689883913764511 0.15566037735849056 1.8689883913764511 0.15487421383647798 1.8606965174129353 0.15487421383647798
0 1.4328358208955223 0.3608490566037736 1.4328358208955223 0.36163522012578614 1.4378109452736318 0.36163522012578614 1.4378109452736318 0.3608490566037736 1.4328358208955223 0.3608490566037736
0 1.0049751243781095 0.38522012578616355 1.0049751243781095 0.3860062893081761 1.0099502487562189 0.3860062893081761 1.0099502487562189 0.38522012578616355 1.0049751243781095 0.38522012578616355
0 0.3880597014925373 0.19418238993710693 0.3880597014925373 0.1949685534591195 0.3913764510779436 0.1949685534591195 0.3913764510779436 0.19418238993710693 0.3880597014925373 0.19418238993710693
0 1.9071310116086235 0.16352201257861634 1.9071310116086235 0.16430817610062892 1.9104477611940298 0.16430817610062892 1.9104477611940298 0.16352201257861634 1.9071310116086235 0.16352201257861634
0 1.6882255389718077 0.1289308176100629 1.6882255389718077 0.12971698113207547 1.6948590381426203 0.12971698113207547 1.6948590381426203 0.1289308176100629 1.6882255389718077 0.1289308176100629
0 1.0630182421227197 0.1470125786163522 1.0630182421227197 0.14779874213836477 1.066334991708126 0.14779874213836477 1.066334991708126 0.1470125786163522 1.0630182421227197 0.1470125786163522
0 1.5422885572139304 0.14386792452830188 1.5422885572139304 0.14465408805031446 1.5538971807628523 0.14465408805031446 1.5538971807628523 0.14386792452830188 1.5422885572139304 0.14386792452830188
0 0.9767827529021559 0.19968553459119498 0.9767827529021559 0.20047169811320756 0.9834162520729685 0.20047169811320756 0.9834162520729685 0.19968553459119498 0.9767827529021559 0.19968553459119498
0 1.330016583747927 0.21855345911949686 1.330016583747927 0.21933962264150944 1.3349917081260365 0.21933962264150944 1.3349917081260365 0.21855345911949686 1.330016583747927 0.21855345911949686
0 1.9601990049751243 0.17688679245283018 1.9601990049751243 0.17767295597484276 1.9635157545605306 0.17767295597484276 1.9635157545605306 0.17688679245283018 1.9601990049751243 0.17688679245283018
0 0.8258706467661692 0.14229559748427673 0.8258706467661692 0.1430817610062893 0.8325041459369817 0.1430817610062893 0.8325041459369817 0.14229559748427673 0.8258706467661692 0.14229559748427673
0 1.0149253731343284 0.2279874213836478 1.0149253731343284 0.22877358490566038 1.023217247097844 0.22877358490566038 1.023217247097844 0.2279874213836478 1.0149253731343284 0.2279874213836478
0 1.6733001658374793 0.1800314465408805 1.6733001658374793 0.18081761006289307 1.681592039800995 0.18081761006289307 1.681592039800995 0.1800314465408805 1.6733001658374793 0.1800314465408805
0 2.0348258706467663 0.1761006289308176 2.0348258706467663 0.17688679245283018 2.0398009950248754 0.17688679245283018 2.0398009950248754 0.1761006289308176 2.0348258706467663 0.1761006289308176
0 1.3913764510779436 0.13836477987421383 1.3913764510779436 0.1391509433962264 1.3963515754560532 0.1391509433962264 1.3963515754560532 0.13836477987421383 1.3913764510779436 0.13836477987421383
0 0.5638474295190713 0.23820754716981132 0.5638474295190713 0.2389937106918239 0.5688225538971807 0.2389937106918239 0.5688225538971807 0.23820754716981132 0.5638474295190713 0.23820754716981132
0 0.12437810945273632 0.27044025157232704 0.12437810945273632 0.27122641509433965 0.12935323383084577 0.27122641509433965 0.12935323383084577 0.27044025157232704 0.12437810945273632 0.27044025157232704
0 0.6185737976782753 0.17138364779874213 0.6185737976782753 0.1721698113207547 0.6268656716417911 0.1721698113207547 0.6268656716417911 0.17138364779874213 0.6185737976782753 0.17138364779874213
0 1.812603648424544 0.2759433962264151 1.812603648424544 0.27672955974842767 1.8192371475953566 0.27672955974842767 1.8192371475953566 0.2759433962264151 1.812603648424544 0.2759433962264151
0 1.7529021558872304 0.26257861635220126 1.7529021558872304 0.26336477987421386 1.756218905472637 0.26336477987421386 1.756218905472637 0.26257861635220126 1.7529021558872304 0.26257861635220126
0 0.7097844112769486 0.23034591194968554 0.7097844112769486 0.23113207547169812 0.7164179104477612 0.23113207547169812 0.7164179104477612 0.23034591194968554 0.7097844112769486 0.23034591194968554
0 2.0049751243781095 0.3710691823899371 2.0049751243781095 0.3718553459119497 2.013266998341625 0.3718553459119497 2.013266998341625 0.3710691823899371 2.0049751243781095 0.3710691823899371
0 0.42786069651741293 0.1871069182389937 0.42786069651741293 0.1878930817610063 0.4311774461028192 0.1878930817610063 0.4311774461028192 0.1871069182389937 0.42786069651741293 0.1871069182389937
0 1.7744610281923714 0.18553459119496854 1.7744610281923714 0.18632075471698112 1.779436152570481 0.18632075471698112 1.779436152570481 0.18553459119496854 1.7744610281923714 0.18553459119496854
0 0.09618573797678276 0.1957547169811321 0.09618573797678276 0.19654088050314467 0.09950248756218906 0.19654088050314467 0.09950248756218906 0.1957547169811321 0.09618573797678276 0.1957547169811321
0 2.054726368159204 0.2319182389937107 2.054726368159204 0.23270440251572327 2.0597014925373136 0.23270440251572327 2.0597014925373136 0.2319182389937107 2.054726368159204 0.2319182389937107
0 1.6102819237147596 0.41509433962264153 1.6102819237147596 0.4158805031446541 1.6169154228855722 0.4158805031446541 1.6169154228855722 0.41509433962264153 1.6102819237147596 0.41509433962264153
0 1.1708126036484245 0.2169811320754717 1.1708126036484245 0.21776729559748428 1.175787728026534 0.21776729559748428 1.175787728026534 0.2169811320754717 1.1708126036484245 0.2169811320754717
0 0.5140961857379768 0.18081761006289307 0.5140961857379768 0.18160377358490565 0.5207296849087893 0.18160377358490565 0.5207296849087893 0.18081761006289307 0.5140961857379768 0.18081761006289307
0 1.3466003316749586 0.2971698113207547 1.3466003316749586 0.2979559748427673 1.349917081260365 0.2979559748427673 1.349917081260365 0.2971698113207547 1.3466003316749586 0.2971698113207547
0 0.4228855721393035 0.31839622641509435 0.4228855721393035 0.3191823899371069 0.4311774461028192 0.3191823899371069 0.4311774461028192 0.31839622641509435 0.4228855721393035 0.31839622641509435
0 0.29187396351575456 0.18160377358490565 0.29187396351575456 0.18238993710691823 0.296849087893864 0.18238993710691823 0.296849087893864 0.18160377358490565 0.29187396351575456 0.18160377358490565
0 1.60530679933665 0.22327044025157233 1.60530679933665 0.2240566037735849 1.6086235489220564 0.2240566037735849 1.6086235489220564 0.22327044025157233 1.60530679933665 0.22327044025157233
0 0.41956882255389716 0.4308176100628931 0.41956882255389716 0.43160377358490565 0.4228855721393035 0.43160377358490565 0.4228855721393035 0.4308176100628931 0.41956882255389716 0.4308176100628931
0 0.7694859038142621 0.18396226415094338 0.7694859038142621 0.18474842767295596 0.7728026533996684 0.18474842767295596 0.7728026533996684 0.18396226415094338 0.7694859038142621 0.18396226415094338
0 0.8656716417910447 0.1761006289308176 0.8656716417910447 0.17688679245283018 0.8706467661691543 0.17688679245283018 0.8706467661691543 0.1761006289308176 0.8656716417910447 0.1761006289308176
0 1.0696517412935322 0.3529874213836478 1.0696517412935322 0.35377358490566035 1.076285240464345 0.35377358490566035 1.076285240464345 0.3529874213836478 1.0696517412935322 0.3529874213836478
0 1.318407960199005 0.17531446540880502 1.318407960199005 0.1761006289308176 1.3217247097844114 0.1761006289308176 1.3217247097844114 0.17531446540880502 1.318407960199005 0.17531446540880502
0 0.37645107794361526 0.3867924528301887 0.37645107794361526 0.38757861635220126 0.3814262023217247 0.38757861635220126 0.3814262023217247 0.3867924528301887 0.37645107794361526 0.3867924528301887
0 0.1857379767827529 0.16666666666666666 0.1857379767827529 0.16745283018867924 0.19402985074626866 0.16745283018867924 0.19402985074626866 0.16666666666666666 0.1857379767827529 0.16666666666666666
0 0.8325041459369817 0.19261006289308177 0.8325041459369817 0.19339622641509435 0.835820895522388 0.19339622641509435 0.835820895522388 0.19261006289308177 0.8325041459369817 0.19261006289308177
0 0.42122719734660036 0.21462264150943397 0.42122719734660036 0.21540880503144655 0.43283582089552236 0.21540880503144655 0.43283582089552236 0.21462264150943397 0.42122719734660036 0.21462264150943397
0 0.04477611940298507 0.21069182389937108 0.04477611940298507 0.21147798742138366 0.05140961857379768 0.21147798742138366 0.05140961857379768 0.21069182389937108 0.04477611940298507 0.21069182389937108
0 0.5240464344941956 0.16666666666666666 0.5240464344941956 0.16745283018867924 0.527363184079602 0.16745283018867924 0.527363184079602 0.16666666666666666 0.5240464344941956 0.16666666666666666
0 1.5538971807628523 0.20676100628930819 1.5538971807628523 0.20754716981132076 1.5572139303482586 0.20754716981132076 1.5572139303482586 0.20676100628930819 1.5538971807628523 0.20676100628930819
0 0.3714759535655058 0.43160377358490565 0.3714759535655058 0.43238993710691825 0.37645107794361526 0.43238993710691825 0.37645107794361526 0.43160377358490565 0.3714759535655058 0.43160377358490565
0 1.800995024875622 0.18632075471698112 1.800995024875622 0.1871069182389937 1.8043117744610282 0.1871069182389937 1.8043117744610282 0.18632075471698112 1.800995024875622 0.18632075471698112
0 0.4427860696517413 0.22877358490566038 0.4427860696517413 0.22955974842767296 0.4527363184079602 0.22955974842767296 0.4527363184079602 0.22877358490566038 0.4427860696517413 0.22877358490566038
0 1.0016583747927033 0.21776729559748428 1.0016583747927033 0.21855345911949686 1.0149253731343284 0.21855345911949686 1.0149253731343284 0.21776729559748428 1.0016583747927033 0.21776729559748428
0 1.9684908789386402 0.2641509433962264 1.9684908789386402 0.264937106918239 1.9718076285240465 0.264937106918239 1.9718076285240465 0.2641509433962264 1.9684908789386402 0.2641509433962264
0 1.3930348258706469 0.13757861635220126 1.3930348258706469 0.13836477987421383 1.3980099502487562 0.13836477987421383 1.3980099502487562 0.13757861635220126 1.3930348258706469 0.13757861635220126
0 1.2570480928689884 0.36242138364779874 1.2570480928689884 0.3632075471698113 1.265339966832504 0.3632075471698113 1.265339966832504 0.36242138364779874 1.2570480928689884 0.36242138364779874
0 0.5306799336650083 0.28144654088050314 0.5306799336650083 0.28223270440251574 0.5406301824212272 0.28223270440251574 0.5406301824212272 0.28144654088050314 0.5306799336650083 0.28144654088050314
0 0.5688225538971807 0.20911949685534592 0.5688225538971807 0.2099056603773585 0.5737976782752903 0.2099056603773585 0.5737976782752903 0.20911949685534592 0.5688225538971807 0.20911949685534592
0 0.2885572139303483 0.40959119496855345 0.2885572139303483 0.41037735849056606 0.29187396351575456 0.41037735849056606 0.29187396351575456 0.40959119496855345 0.2885572139303483 0.40959119496855345
0 0.5373134328358209 0.17138364779874213 0.5373134328358209 0.1721698113207547 0.5422885572139303 0.1721698113207547 0.5422885572139303 0.17138364779874213 0.5373134328358209 0.17138364779874213
0 1.834162520729685 0.20754716981132076 1.834162520729685 0.20833333333333334 1.8374792703150913 0.20833333333333334 1.8374792703150913 0.20754716981132076 1.834162520729685 0.20754716981132076
0 1.1708126036484245 0.3128930817610063 1.1708126036484245 0.3136792452830189 1.1774461028192371 0.3136792452830189 1.1774461028192371 0.3128930817610063 1.1708126036484245 0.3128930817610063
0 1.923714759535655 0.14858490566037735 1.923714759535655 0.14937106918238993 1.9270315091210615 0.14937106918238993 1.9270315091210615 0.14858490566037735 1.923714759535655 0.14858490566037735
0 1.5820895522388059 0.17295597484276728 1.5820895522388059 0.17374213836477986 1.5903814262023217 0.17374213836477986 1.5903814262023217 0.17295597484276728 1.5820895522388059 0.17295597484276728
0 1.407960199004975 0.14465408805031446 1.407960199004975 0.14544025157232704 1.4129353233830846 0.14544025157232704 1.4129353233830846 0.14465408805031446 1.407960199004975 0.14465408805031446
0 1.734660033167496 0.18474842767295596 1.734660033167496 0.18553459119496854 1.7396351575456053 0.18553459119496854 1.7396351575456053 0.18474842767295596 1.734660033167496 0.18474842767295596
0 1.9734660033167495 0.235062893081761 1.9734660033167495 0.2358490566037736 1.978441127694859 0.2358490566037736 1.978441127694859 0.235062893081761 1.9734660033167495 0.235062893081761
0 2.046434494195688 0.17531446540880502 2.046434494195688 0.1761006289308176 2.0613598673300166 0.1761006289308176 2.0613598673300166 0.17531446540880502 2.046434494195688 0.17531446540880502
0 1.1525704809286899 0.3058176100628931 1.1525704809286899 0.30660377358490565 1.1575456053067994 0.30660377358490565 1.1575456053067994 0.3058176100628931 1.1525704809286899 0.3058176100628931
0 1.021558872305141 0.17688679245283018 1.021558872305141 0.17767295597484276 1.0265339966832505 0.17767295597484276 1.0265339966832505 0.17688679245283018 1.021558872305141 0.17688679245283018
0 0.9502487562189055 0.20440251572327045 0.9502487562189055 0.20518867924528303 0.9552238805970149 0.20518867924528303 0.9552238805970149 0.20440251572327045 0.9502487562189055 0.20440251572327045
0 1.9867330016583749 0.2059748427672956 1.9867330016583749 0.20676100628930819 1.9917081260364842 0.20676100628930819 1.9917081260364842 0.2059748427672956 1.9867330016583749 0.2059748427672956
0 1.935323383084577 0.17059748427672955 1.935323383084577 0.17138364779874213 1.9402985074626866 0.17138364779874213 1.9402985074626866 0.17059748427672955 1.935323383084577 0.17059748427672955
0 1.8043117744610282 0.14229559748427673 1.8043117744610282 0.1430817610062893 1.8076285240464345 0.1430817610062893 1.8076285240464345 0.14229559748427673 1.8043117744610282 0.14229559748427673
0 1.628524046434494 0.19968553459119498 1.628524046434494 0.20047169811320756 1.635157545605307 0.20047169811320756 1.635157545605307 0.19968553459119498 1.628524046434494 0.19968553459119498
0 0.11774461028192372 0.2240566037735849 0.11774461028192372 0.2248427672955975 0.12271973466003316 0.2248427672955975 0.12271973466003316 0.2240566037735849 0.11774461028192372 0.2240566037735849
0 0.5373134328358209 0.1878930817610063 0.5373134328358209 0.18867924528301888 0.5422885572139303 0.18867924528301888 0.5422885572139303 0.1878930817610063 0.5373134328358209 0.1878930817610063
0 0.024875621890547265 0.2209119496855346 0.024875621890547265 0.22169811320754718 0.028192371475953566 0.22169811320754718 0.028192371475953566 0.2209119496855346 0.024875621890547265 0.2209119496855346
0 0.12271973466003316 0.17688679245283018 0.12271973466003316 0.17767295597484276 0.12935323383084577 0.17767295597484276 0.12935323383084577 0.17688679245283018 0.12271973466003316 0.17688679245283018
0 0.845771144278607 0.3223270440251572 0.845771144278607 0.3231132075471698 0.8524046434494196 0.3231132075471698 0.8524046434494196 0.3223270440251572 0.845771144278607 0.3223270440251572
0 0.7164179104477612 0.17138364779874213 0.7164179104477612 0.1721698113207547 0.7263681592039801 0.1721698113207547 0.7263681592039801 0.17138364779874213 0.7164179104477612 0.17138364779874213
0 1.7827529021558872 0.15723270440251572 1.7827529021558872 0.1580188679245283 1.791044776119403 0.1580188679245283 1.791044776119403 0.15723270440251572 1.7827529021558872 0.15723270440251572
0 0.6003316749585407 0.1289308176100629 0.6003316749585407 0.12971698113207547 0.603648424543947 0.12971698113207547 0.603648424543947 0.1289308176100629 0.6003316749585407 0.1289308176100629
0 0.7943615257048093 0.41352201257861637 0.7943615257048093 0.4143081761006289 0.7993366500829188 0.4143081761006289 0.7993366500829188 0.41352201257861637 0.7943615257048093 0.41352201257861637
0 1.4991708126036485 0.22877358490566038 1.4991708126036485 0.22955974842767296 1.5107794361525704 0.22955974842767296 1.5107794361525704 0.22877358490566038 1.4991708126036485 0.22877358490566038
0 0.3200663349917081 0.16666666666666666 0.3200663349917081 0.16745283018867924 0.3250414593698176 0.16745283018867924 0.3250414593698176 0.16666666666666666 0.3200663349917081 0.16666666666666666
0 0.29519071310116085 0.1949685534591195 0.29519071310116085 0.1957547169811321 0.30016583747927034 0.1957547169811321 0.30016583747927034 0.1949685534591195 0.29519071310116085 0.1949685534591195
0 0.8756218905472637 0.19261006289308177 0.8756218905472637 0.19339622641509435 0.8839137645107794 0.19339622641509435 0.8839137645107794 0.19261006289308177 0.8756218905472637 0.19261006289308177
0 1.7512437810945274 0.19103773584905662 1.7512437810945274 0.1918238993710692 1.7545605306799337 0.1918238993710692 1.7545605306799337 0.19103773584905662 1.7512437810945274 0.19103773584905662
0 2.0232172470978442 0.2389937106918239 2.0232172470978442 0.23977987421383648 2.0364842454394694 0.23977987421383648 2.0364842454394694 0.2389937106918239 2.0232172470978442 0.2389937106918239
0 0.5771144278606966 0.3781446540880503 0.5771144278606966 0.3789308176100629 0.5804311774461028 0.3789308176100629 0.5804311774461028 0.3781446540880503 0.5771144278606966 0.3781446540880503
0 2.0812603648424544 0.17531446540880502 2.0812603648424544 0.1761006289308176 2.087893864013267 0.1761006289308176 2.087893864013267 0.17531446540880502 2.0812603648424544 0.17531446540880502
0 1.349917081260365 0.23270440251572327 1.349917081260365 0.23349056603773585 1.3615257048092868 0.23349056603773585 1.3615257048092868 0.23270440251572327 1.349917081260365 0.23270440251572327
0 0.5621890547263682 0.19968553459119498 0.5621890547263682 0.20047169811320756 0.5688225538971807 0.20047169811320756 0.5688225538971807 0.19968553459119498 0.5621890547263682 0.19968553459119498
0 0.7827529021558872 0.17138364779874213 0.7827529021558872 0.1721698113207547 0.7927031509121062 0.1721698113207547 0.7927031509121062 0.17138364779874213 0.7827529021558872 0.17138364779874213
0 1.4046434494195688 0.17452830188679244 1.4046434494195688 0.17531446540880502 1.4145936981757876 0.17531446540880502 1.4145936981757876 0.17452830188679244 1.4046434494195688 0.17452830188679244
0 0.11276948590381426 0.18867924528301888 0.11276948590381426 0.18946540880503146 0.12106135986733002 0.18946540880503146 0.12106135986733002 0.18867924528301888 0.11276948590381426 0.18867924528301888
0 0.22719734660033167 0.18238993710691823 0.22719734660033167 0.1831761006289308 0.23217247097844113 0.1831761006289308 0.23217247097844113 0.18238993710691823 0.22719734660033167 0.18238993710691823
0 1.4262023217247097 0.2319182389937107 1.4262023217247097 0.23270440251572327 1.4311774461028193 0.23270440251572327 1.4311774461028193 0.2319182389937107 1.4262023217247097 0.2319182389937107
0 0.681592039800995 0.14937106918238993 0.681592039800995 0.1501572327044025 0.6898839137645107 0.1501572327044025 0.6898839137645107 0.14937106918238993 0.681592039800995 0.14937106918238993
0 0.23548922056384744 0.425314465408805 0.23548922056384744 0.4261006289308176 0.24046434494195687 0.4261006289308176 0.24046434494195687 0.425314465408805 0.23548922056384744 0.425314465408805
0 1.2902155887230513 0.18946540880503146 1.2902155887230513 0.19025157232704404 1.2985074626865671 0.19025157232704404 1.2985074626865671 0.18946540880503146 1.2902155887230513 0.18946540880503146
0 1.7761194029850746 0.17767295597484276 1.7761194029850746 0.17845911949685533 1.7827529021558872 0.17845911949685533 1.7827529021558872 0.17767295597484276 1.7761194029850746 0.17767295597484276
0 1.9651741293532339 0.19654088050314467 1.9651741293532339 0.19732704402515724 1.9718076285240465 0.19732704402515724 1.9718076285240465 0.19654088050314467 1.9651741293532339 0.19654088050314467
0 1.6451077943615258 0.27358490566037735 1.6451077943615258 0.27437106918238996 1.6600331674958542 0.27437106918238996 1.6600331674958542 0.27358490566037735 1.6451077943615258 0.27358490566037735
0 1.615257048092869 0.2775157232704403 1.615257048092869 0.2783018867924528 1.6185737976782753 0.2783018867924528 1.6185737976782753 0.2775157232704403 1.615257048092869 0.2775157232704403
0 1.1492537313432836 0.4190251572327044 1.1492537313432836 0.419811320754717 1.1558872305140961 0.419811320754717 1.1558872305140961 0.4190251572327044 1.1492537313432836 0.4190251572327044
0 1.7777777777777777 0.21540880503144655 1.7777777777777777 0.21619496855345913 1.7860696517412935 0.21619496855345913 1.7860696517412935 0.21540880503144655 1.7777777777777777 0.21540880503144655
0 1.812603648424544 0.3333333333333333 1.812603648424544 0.3341194968553459 1.8291873963515755 0.3341194968553459 1.8291873963515755 0.3333333333333333 1.812603648424544 0.3333333333333333
0 0.7595356550580431 0.20047169811320756 0.7595356550580431 0.20125786163522014 0.7645107794361525 0.20125786163522014 0.7645107794361525 0.20047169811320756 0.7595356550580431 0.20047169811320756
0 1.922056384742952 0.300314465408805 1.922056384742952 0.3011006289308176 1.9320066334991708 0.3011006289308176 1.9320066334991708 0.300314465408805 1.922056384742952 0.300314465408805
0 0.4129353233830846 0.3577044025157233 0.4129353233830846 0.3584905660377358 0.42122719734660036 0.3584905660377358 0.42122719734660036 0.3577044025157233 0.4129353233830846 0.3577044025157233
0 0.5472636815920398 0.1721698113207547 0.5472636815920398 0.17295597484276728 0.5505804311774462 0.17295597484276728 0.5505804311774462 0.1721698113207547 0.5472636815920398 0.1721698113207547
0 2.056384742951907 0.3388364779874214 2.056384742951907 0.33962264150943394 2.0613598673300166 0.33962264150943394 2.0613598673300166 0.3388364779874214 2.056384742951907 0.3388364779874214
0 0.3747927031509121 0.40408805031446543 0.3747927031509121 0.404874213836478 0.37976782752902155 0.404874213836478 0.37976782752902155 0.40408805031446543 0.3747927031509121 0.40408805031446543
0 1.373134328358209 0.2861635220125786 1.373134328358209 0.2869496855345912 1.3781094527363185 0.2869496855345912 1.3781094527363185 0.2861635220125786 1.373134328358209 0.2861635220125786
0 1.5356550580431176 0.19968553459119498 1.5356550580431176 0.20047169811320756 1.5422885572139304 0.20047169811320756 1.5422885572139304 0.19968553459119498 1.5356550580431176 0.19968553459119498
0 1.6633499170812605 0.40172955974842767 1.6633499170812605 0.4025157232704403 1.6683250414593698 0.4025157232704403 1.6683250414593698 0.40172955974842767 1.6633499170812605 0.40172955974842767
0 1.912106135986733 0.27908805031446543 1.912106135986733 0.279874213836478 1.9253731343283582 0.279874213836478 1.9253731343283582 0.27908805031446543 1.912106135986733 0.27908805031446543
0 1.0514096185737978 0.29559748427672955 1.0514096185737978 0.29638364779874216 1.056384742951907 0.29638364779874216 1.056384742951907 0.29559748427672955 1.0514096185737978 0.29559748427672955
0 0.7230514096185738 0.15644654088050314 0.7230514096185738 0.15723270440251572 0.7263681592039801 0.15723270440251572 0.7263681592039801 0.15644654088050314 0.7230514096185738 0.15644654088050314
0 1.6766169154228856 0.22327044025157233 1.6766169154228856 0.2240566037735849 1.6898839137645107 0.2240566037735849 1.6898839137645107 0.22327044025157233 1.6766169154228856 0.22327044025157233
0 1.3383084577114428 0.15172955974842767 1.3383084577114428 0.15251572327044025 1.3432835820895523 0.15251572327044025 1.3432835820895523 0.15172955974842767 1.3383084577114428 0.15172955974842767
0 0.04975124378109453 0.26336477987421386 0.04975124378109453 0.2641509433962264 0.05638474295190713 0.2641509433962264 0.05638474295190713 0.26336477987421386 0.04975124378109453 0.26336477987421386
0 1.2371475953565505 0.16823899371069181 1.2371475953565505 0.1690251572327044 1.252072968490879 0.1690251572327044 1.252072968490879 0.16823899371069181 1.2371475953565505 0.16823899371069181
0 1.0281923714759535 0.24213836477987422 1.0281923714759535 0.2429245283018868 1.033167495854063 0.2429245283018868 1.033167495854063 0.24213836477987422 1.0281923714759535 0.24213836477987422
0 1.922056384742952 0.2209119496855346 1.922056384742952 0.22169811320754718 1.9286898839137645 0.22169811320754718 1.9286898839137645 0.2209119496855346 1.922056384742952 0.2209119496855346
0 1.7330016583747927 0.294811320754717 1.7330016583747927 0.29559748427672955 1.736318407960199 0.29559748427672955 1.736318407960199 0.294811320754717 1.7330016583747927 0.294811320754717
0 0.87893864013267 0.21147798742138366 0.87893864013267 0.21226415094339623 0.8905472636815921 0.21226415094339623 0.8905472636815921 0.21147798742138366 0.87893864013267 0.21147798742138366
0 0.12769485903814262 0.1470125786163522 0.12769485903814262 0.14779874213836477 0.1310116086235489 0.14779874213836477 0.1310116086235489 0.1470125786163522 0.12769485903814262 0.1470125786163522
0 1.371475953565506 0.4308176100628931 1.371475953565506 0.43160377358490565 1.3797678275290215 0.43160377358490565 1.3797678275290215 0.4308176100628931 1.371475953565506 0.4308176100628931
0 1.8043117744610282 0.21462264150943397 1.8043117744610282 0.21540880503144655 1.8109452736318408 0.21540880503144655 1.8109452736318408 0.21462264150943397 1.8043117744610282 0.21462264150943397
0 1.507462686567164 0.4166666666666667 1.507462686567164 0.41745283018867924 1.5107794361525704 0.41745283018867924 1.5107794361525704 0.4166666666666667 1.507462686567164 0.4166666666666667
0 0.988391376451078 0.18474842767295596 0.988391376451078 0.18553459119496854 1.0033167495854063 0.18553459119496854 1.0033167495854063 0.18474842767295596 0.988391376451078 0.18474842767295596
0 0.1011608623548922 0.3490566037735849 0.1011608623548922 0.3498427672955975 0.10613598673300166 0.3498427672955975 0.10613598673300166 0.3490566037735849 0.1011608623548922 0.3490566037735849
0 0.8507462686567164 0.21462264150943397 0.8507462686567164 0.21540880503144655 0.8557213930348259 0.21540880503144655 0.8557213930348259 0.21462264150943397 0.8507462686567164 0.21462264150943397
0 0.06799336650082918 0.2059748427672956 0.06799336650082918 0.20676100628930819 0.07960199004975124 0.20676100628930819 0.07960199004975124 0.2059748427672956 0.06799336650082918 0.2059748427672956
0 0.0 0.17688679245283018 0.0 0.17767295597484276 0.008291873963515755 0.17767295597484276 0.008291873963515755 0.17688679245283018 0.0 0.17688679245283018
0 1.4776119402985075 0.4080188679245283 1.4776119402985075 0.4088050314465409 1.4859038142620231 0.4088050314465409 1.4859038142620231 0.4080188679245283 1.4776119402985075 0.4080188679245283
0 1.228855721393035 0.25157232704402516 1.228855721393035 0.25235849056603776 1.2354892205638475 0.25235849056603776 1.2354892205638475 0.25157232704402516 1.228855721393035 0.25157232704402516
0 1.8706467661691542 0.34355345911949686 1.8706467661691542 0.3443396226415094 1.8739635157545604 0.3443396226415094 1.8739635157545604 0.34355345911949686 1.8706467661691542 0.34355345911949686
0 0.8258706467661692 0.2688679245283019 0.8258706467661692 0.2696540880503145 0.8424543946932007 0.2696540880503145 0.8424543946932007 0.2688679245283019 0.8258706467661692 0.2688679245283019
0 1.691542288557214 0.42138364779874216 1.691542288557214 0.4221698113207547 1.6965174129353233 0.4221698113207547 1.6965174129353233 0.42138364779874216 1.691542288557214 0.42138364779874216
0 1.7330016583747927 0.3915094339622642 1.7330016583747927 0.3922955974842767 1.736318407960199 0.3922955974842767 1.736318407960199 0.3915094339622642 1.7330016583747927 0.3915094339622642
0 1.8623548922056385 0.29009433962264153 1.8623548922056385 0.2908805031446541 1.8656716417910448 0.2908805031446541 1.8656716417910448 0.29009433962264153 1.8623548922056385 0.29009433962264153
0 1.2752902155887231 0.25471698113207547 1.2752902155887231 0.2555031446540881 1.286898839137645 0.2555031446540881 1.286898839137645 0.25471698113207547 1.2752902155887231 0.25471698113207547
0 0.7280265339966833 0.2838050314465409 0.7280265339966833 0.28459119496855345 0.7346600331674958 0.28459119496855345 0.7346600331674958 0.2838050314465409 0.7280265339966833 0.2838050314465409
0 1.7213930348258706 0.2586477987421384 1.7213930348258706 0.25943396226415094 1.7280265339966832 0.25943396226415094 1.7280265339966832 0.2586477987421384 1.7213930348258706 0.2586477987421384
0 0.5870646766169154 0.17138364779874213 0.5870646766169154 0.1721698113207547 0.5920398009950248 0.1721698113207547 0.5920398009950248 0.17138364779874213 0.5870646766169154 0.17138364779874213
0 1.0248756218905473 0.2672955974842767 1.0248756218905473 0.26808176100628933 1.0315091210613598 0.26808176100628933 1.0315091210613598 0.2672955974842767 1.0248756218905473 0.2672955974842767
0 0.3913764510779436 0.23977987421383648 0.3913764510779436 0.24056603773584906 0.39800995024875624 0.24056603773584906 0.39800995024875624 0.23977987421383648 0.3913764510779436 0.23977987421383648
0 0.8076285240464345 0.21933962264150944 0.8076285240464345 0.22012578616352202 0.814262023217247 0.22012578616352202 0.814262023217247 0.21933962264150944 0.8076285240464345 0.21933962264150944
0 1.4577114427860696 0.2460691823899371 1.4577114427860696 0.2468553459119497 1.4643449419568824 0.2468553459119497 1.4643449419568824 0.2460691823899371 1.4577114427860696 0.2460691823899371
0 1.6086235489220564 0.2240566037735849 1.6086235489220564 0.2248427672955975 1.615257048092869 0.2248427672955975 1.615257048092869 0.2240566037735849 1.6086235489220564 0.2240566037735849
0 0.3548922056384743 0.13050314465408805 0.3548922056384743 0.13128930817610063 0.3648424543946932 0.13128930817610063 0.3648424543946932 0.13050314465408805 0.3548922056384743 0.13050314465408805