0 0.86328125 0.33125 0.86328125 0.334375 0.875 0.334375 0.875 0.33125 0.86328125 0.33125
0 0.5078125 0.05 0.5078125 0.053125 0.52734375 0.053125 0.52734375 0.05 0.5078125 0.05
0 0.5 0.05625 0.5 0.059375 0.5078125 0.059375 0.5078125 0.05625 0.5 0.05625
0 0.19140625 0.671875 0.19140625 0.675 0.203125 0.675 0.203125 0.671875 0.19140625 0.671875
0 0.93359375 0.353125 0.93359375 0.35625 0.9453125 0.35625 0.9453125 0.353125 0.93359375 0.353125
0 0.4140625 0.584375 0.4140625 0.5875 0.4453125 0.5875 0.4453125 0.584375 0.4140625 0.584375
0 0.40234375 0.178125 0.40234375 0.18125 0.44140625 0.18125 0.44140625 0.178125 0.40234375 0.178125
0 1.17578125 0.60625 1.17578125 0.609375 1.21484375 0.609375 1.21484375 0.60625 1.17578125 0.60625
0 0.296875 0.2 0.296875 0.203125 0.30859375 0.203125 0.30859375 0.2 0.296875 0.2
0 0.671875 0.0125 0.671875 0.015625 0.6953125 0.015625 0.6953125 0.0125 0.671875 0.0125
0 0.08203125 0.240625 0.08203125 0.24375 0.109375 0.24375 0.109375 0.240625 0.08203125 0.240625
0 0.19921875 0.290625 0.19921875 0.29375 0.23828125 0.29375 0.23828125 0.290625 0.19921875 0.290625
0 1.08203125 0.28125 1.08203125 0.284375 1.0859375 0.284375 1.0859375 0.28125 1.08203125 0.28125
0 0.76171875 0.478125 0.76171875 0.48125 0.77734375 0.48125 0.77734375 0.478125 0.76171875 0.478125
0 0.04296875 0.23125 0.04296875 0.234375 0.0625 0.234375 0.0625 0.23125 0.04296875 0.23125
0 0.796875 0.559375 0.796875 0.5625 0.8671875 0.5625 0.8671875 0.559375 0.796875 0.559375
0 0.0 0.425 0.0 0.428125 0.0234375 0.428125 0.0234375 0.425 0.0 0.425
0 1.06640625 0.590625 1.06640625 0.59375 1.0703125 0.59375 1.0703125 0.590625 1.06640625 0.590625
0 0.63671875 0.196875 0.63671875 0.2 0.6640625 0.2 0.6640625 0.196875 0.63671875 0.196875
0 0.06640625 0.6625 0.06640625 0.665625 0.09375 0.665625 0.09375 0.6625 0.06640625 0.6625
0 0.1875 0.65 0.1875 0.653125 0.21484375 0.653125 0.21484375 0.65 0.1875 0.65
0 0.859375 0.228125 0.859375 0.23125 0.87890625 0.23125 0.87890625 0.228125 0.859375 0.228125
0 0.75 0.140625 0.75 0.14375 0.79296875 0.14375 0.79296875 0.140625 0.75 0.140625
0 0.546875 0.315625 0.546875 0.31875 0.58984375 0.31875 0.58984375 0.315625 0.546875 0.315625
0 0.41015625 0.740625 0.41015625 0.74375 0.45703125 0.74375 0.45703125 0.740625 0.41015625 0.740625
0 0.69921875 0.2375 0.69921875 0.240625 0.7109375 0.240625 0.7109375 0.2375 0.69921875 0.2375
0 0.25390625 0.25 0.25390625 0.253125 0.2578125 0.253125 0.2578125 0.25 0.25390625 0.25
0 0.7421875 0.275 0.7421875 0.278125 0.77734375 0.278125 0.77734375 0.275 0.7421875 0.275
0 0.02734375 0.48125 0.02734375 0.484375 0.078125 0.484375 0.078125 0.48125 0.02734375 0.48125
0 1.01171875 0.459375 1.01171875 0.4625 1.09765625 0.4625 1.09765625 0.459375 1.01171875 0.459375
0 1.0 0.56875 1.0 0.571875 1.01171875 0.571875 1.01171875 0.56875 1.0 0.56875
0 0.26171875 0.61875 0.26171875 0.621875 0.28125 0.621875 0.28125 0.61875 0.26171875 0.61875
0 0.50390625 0.146875 0.50390625 0.15 0.54296875 0.15 0.54296875 0.146875 0.50390625 0.146875
0 0.9609375 0.0 0.9609375 0.003125 1.0 0.003125 1.0 0.0 0.9609375 0.0
0 1.21875 0.6125 1.21875 0.615625 1.25 0.615625 1.25 0.6125 1.21875 0.6125
0 1.09765625 0.19375 1.09765625 0.196875 1.12890625 0.196875 1.12890625 0.19375 1.09765625 0.19375
0 0.30859375 0.3 0.30859375 0.303125 0.32421875 0.303125 0.32421875 0.3 0.30859375 0.3
0 0.30859375 0.415625 0.30859375 0.41875 0.35546875 0.41875 0.35546875 0.415625 0.30859375 0.415625
0 0.0234375 0.496875 0.0234375 0.5 0.0625 0.5 0.0625 0.496875 0.0234375 0.496875
0 0.7265625 0.225 0.7265625 0.228125 0.75390625 0.228125 0.75390625 0.225 0.7265625 0.225
0 1.1484375 0.634375 1.1484375 0.6375 1.1796875 0.6375 1.1796875 0.634375 1.1484375 0.634375
0 1.06640625 0.296875 1.06640625 0.3 1.08984375 0.3 1.08984375 0.296875 1.06640625 0.296875
0 0.62890625 0.621875 0.62890625 0.625 0.6328125 0.625 0.6328125 0.621875 0.62890625 0.621875
0 0.01953125 0.1875 0.01953125 0.190625 0.0234375 0.190625 0.0234375 0.1875 0.01953125 0.1875
0 0.16796875 0.34375 0.16796875 0.346875 0.20703125 0.346875 0.20703125 0.34375 0.16796875 0.34375
0 1.1796875 0.61875 1.1796875 0.621875 1.19921875 0.621875 1.19921875 0.61875 1.1796875 0.61875
0 0.79296875 0.628125 0.79296875 0.63125 0.83984375 0.63125 0.83984375 0.628125 0.79296875 0.628125
0 0.60546875 0.128125 0.60546875 0.13125 0.62109375 0.13125 0.62109375 0.128125 0.60546875 0.128125
0 0.37890625 0.20625 0.37890625 0.209375 0.40234375 0.209375 0.40234375 0.20625 0.37890625 0.20625
0 0.078125 0.58125 0.078125 0.584375 0.10546875 0.584375 0.10546875 0.58125 0.078125 0.58125
0 0.71484375 0.290625 0.71484375 0.29375 0.73828125 0.29375 0.73828125 0.290625 0.71484375 0.290625
0 0.765625 0.0 0.765625 0.003125 0.87890625 0.003125 0.87890625 0.0 0.765625 0.0
0 1.1484375 0.153125 1.1484375 0.15625 1.16796875 0.15625 1.16796875 0.153125 1.1484375 0.153125
0 0.88671875 0.478125 0.88671875 0.48125 0.93359375 0.48125 0.93359375 0.478125 0.88671875 0.478125
0 0.5 0.55625 0.5 0.559375 0.51953125 0.559375 0.51953125 0.55625 0.5 0.55625
0 0.984375 0.45625 0.984375 0.459375 1.00390625 0.459375 1.00390625 0.45625 0.984375 0.45625
0 0.37890625 0.565625 0.37890625 0.56875 0.39453125 0.56875 0.39453125 0.565625 0.37890625 0.565625
0 0.93359375 0.153125 0.93359375 0.15625 0.96484375 0.15625 0.96484375 0.153125 0.93359375 0.153125
0 0.89453125 0.60625 0.89453125 0.609375 0.921875 0.609375 0.921875 0.60625 0.89453125 0.60625
0 0.33203125 0.63125 0.33203125 0.634375 0.36328125 0.634375 0.36328125 0.63125 0.33203125 0.63125
0 0.4921875 0.765625 0.4921875 0.76875 0.49609375 0.76875 0.49609375 0.765625 0.4921875 0.765625
0 0.08984375 0.51875 0.08984375 0.521875 0.1171875 0.521875 0.1171875 0.51875 0.08984375 0.51875
0 0.75 0.178125 0.75 0.18125 0.765625 0.18125 0.765625 0.178125 0.75 0.178125
0 0.18359375 0.515625 0.18359375 0.51875 0.19921875 0.51875 0.19921875 0.515625 0.18359375 0.515625
0 0.17578125 0.3 0.17578125 0.303125 0.19921875 0.303125 0.19921875 0.3 0.17578125 0.3
0 0.3359375 0.0 0.3359375 0.003125 0.40234375 0.003125 0.40234375 0.0 0.3359375 0.0
0 0.0 0.7125 0.0 0.715625 0.0234375 0.715625 0.0234375 0.7125 0.0 0.7125
0 1.04296875 0.390625 1.04296875 0.39375 1.0625 0.39375 1.0625 0.390625 1.04296875 0.390625
0 0.48046875 0.4125 0.48046875 0.415625 0.515625 0.415625 0.515625 0.4125 0.48046875 0.4125
0 0.40625 0.675 0.40625 0.678125 0.4140625 0.678125 0.4140625 0.675 0.40625 0.675
0 0.15234375 0.015625 0.15234375 0.01875 0.17578125 0.01875 0.17578125 0.015625 0.15234375 0.015625
0 1.16796875 0.321875 1.16796875 0.325 1.203125 0.325 1.203125 0.321875 1.16796875 0.321875
0 0.74609375 0.603125 0.74609375 0.60625 0.75 0.60625 0.75 0.603125 0.74609375 0.603125
0 0.99609375 0.75 0.99609375 0.753125 1.0 0.753125 1.0 0.75 0.99609375 0.75
0 0.88671875 0.30625 0.88671875 0.309375 0.93359375 0.309375 0.93359375 0.30625 0.88671875 0.30625
0 0.4296875 0.0 0.4296875 0.003125 0.453125 0.003125 0.453125 0.0 0.4296875 0.0
0 0.9765625 0.23125 0.9765625 0.234375 1.015625 0.234375 1.015625 0.23125 0.9765625 0.23125
0 1.0859375 0.153125 1.0859375 0.15625 1.11328125 0.15625 1.11328125 0.153125 1.0859375 0.153125
0 0.51171875 0.6875 0.51171875 0.690625 0.53515625 0.690625 0.53515625 0.6875 0.51171875 0.6875
0 0.1875 0.2 0.1875 0.203125 0.21875 0.203125 0.21875 0.2 0.1875 0.2
0 0.6640625 0.234375 0.6640625 0.2375 0.6796875 0.2375 0.6796875 0.234375 0.6640625 0.234375
0 1.16015625 0.065625 1.16015625 0.06875 1.17578125 0.06875 1.17578125 0.065625 1.16015625 0.065625
0 0.73828125 0.653125 0.73828125 0.65625 0.75 0.65625 0.75 0.653125 0.73828125 0.653125
0 0.24609375 0.434375 0.24609375 0.4375 0.25 0.4375 0.25 0.434375 0.24609375 0.434375
0 1.18359375 0.559375 1.18359375 0.5625 1.21875 0.5625 1.21875 0.559375 1.18359375 0.559375
0 0.01953125 0.109375 0.01953125 0.1125 0.0546875 0.1125 0.0546875 0.109375 0.01953125 0.109375
0 0.703125 0.0 0.703125 0.003125 0.75 0.003125 0.75 0.0 0.703125 0.0