0 0.023076923076923078 0.6853448275862069 0.023076923076923078 0.6867816091954023 0.038461538461538464 0.6867816091954023 0.038461538461538464 0.6853448275862069 0.023076923076923078 0.6853448275862069
0 0.9096153846153846 0.28735632183908044 0.9096153846153846 0.28879310344827586 0.9230769230769231 0.28879310344827586 0.9230769230769231 0.28735632183908044 0.9096153846153846 0.28735632183908044
0 0.8942307692307693 0.3290229885057471 0.8942307692307693 0.33045977011494254 0.9 0.33045977011494254 0.9 0.3290229885057471 0.8942307692307693 0.3290229885057471
0 0.7769230769230769 0.7313218390804598 0.7769230769230769 0.7327586206896551 0.7865384615384615 0.7327586206896551 0.7865384615384615 0.7313218390804598 0.7769230769230769 0.7313218390804598
0 1.2923076923076924 0.040229885057471264 1.2923076923076924 0.041666666666666664 1.2961538461538462 0.041666666666666664 1.2961538461538462 0.040229885057471264 1.2923076923076924 0.040229885057471264
0 0.3942307692307692 0.5057471264367817 0.3942307692307692 0.507183908045977 0.4115384615384615 0.507183908045977 0.4115384615384615 0.5057471264367817 0.3942307692307692 0.5057471264367817
0 0.20576923076923076 0.16379310344827586 0.20576923076923076 0.16522988505747127 0.2173076923076923 0.16522988505747127 0.2173076923076923 0.16379310344827586 0.20576923076923076 0.16379310344827586
0 1.1211538461538462 0.46551724137931033 1.1211538461538462 0.46695402298850575 1.126923076923077 0.46695402298850575 1.126923076923077 0.46551724137931033 1.1211538461538462 0.46551724137931033
0 0.8903846153846153 0.4353448275862069 0.8903846153846153 0.4367816091954023 0.9 0.4367816091954023 0.9 0.4353448275862069 0.8903846153846153 0.4353448275862069
0 0.5557692307692308 0.21264367816091953 0.5557692307692308 0.21408045977011494 0.573076923076923 0.21408045977011494 0.573076923076923 0.21264367816091953 0.5557692307692308 0.21264367816091953
0 1.2403846153846154 0.5359195402298851 1.2403846153846154 0.5373563218390804 1.25 0.5373563218390804 1.25 0.5359195402298851 1.2403846153846154 0.5359195402298851
0 0.12884615384615383 0.5387931034482759 0.12884615384615383 0.5402298850574713 0.1326923076923077 0.5402298850574713 0.1326923076923077 0.5387931034482759 0.12884615384615383 0.5387931034482759
0 0.5634615384615385 0.1724137931034483 0.5634615384615385 0.17385057471264367 0.575 0.17385057471264367 0.575 0.1724137931034483 0.5634615384615385 0.1724137931034483
0 0.948076923076923 0.6479885057471264 0.948076923076923 0.6494252873563219 0.9653846153846154 0.6494252873563219 0.9653846153846154 0.6479885057471264 0.948076923076923 0.6479885057471264
0 0.6673076923076923 0.7212643678160919 0.6673076923076923 0.7227011494252874 0.675 0.7227011494252874 0.675 0.7212643678160919 0.6673076923076923 0.7212643678160919
0 0.65 0.375 0.65 0.3764367816091954 0.6615384615384615 0.3764367816091954 0.6615384615384615 0.375 0.65 0.375
0 0.06923076923076923 0.7183908045977011 0.06923076923076923 0.7198275862068966 0.07307692307692308 0.7198275862068966 0.07307692307692308 0.7183908045977011 0.06923076923076923 0.7183908045977011
0 0.8365384615384616 0.6925287356321839 0.8365384615384616 0.6939655172413793 0.8480769230769231 0.6939655172413793 0.8480769230769231 0.6925287356321839 0.8365384615384616 0.6925287356321839
0 0.40576923076923077 0.5387931034482759 0.40576923076923077 0.5402298850574713 0.4230769230769231 0.5402298850574713 0.4230769230769231 0.5387931034482759 0.40576923076923077 0.5387931034482759
0 0.7230769230769231 0.24856321839080459 0.7230769230769231 0.25 0.7346153846153847 0.25 0.7346153846153847 0.24856321839080459 0.7230769230769231 0.24856321839080459
0 0.7692307692307693 0.2988505747126437 0.7692307692307693 0.30028735632183906 0.7826923076923077 0.30028735632183906 0.7826923076923077 0.2988505747126437 0.7692307692307693 0.2988505747126437
0 0.13846153846153847 0.6508620689655172 0.13846153846153847 0.6522988505747126 0.1519230769230769 0.6522988505747126 0.1519230769230769 0.6508620689655172 0.13846153846153847 0.6508620689655172
0 0.9519230769230769 0.6206896551724138 0.9519230769230769 0.6221264367816092 0.9634615384615385 0.6221264367816092 0.9634615384615385 0.6206896551724138 0.9519230769230769 0.6206896551724138
0 1.2942307692307693 0.06609195402298851 1.2942307692307693 0.06752873563218391 1.3 0.06752873563218391 1.3 0.06609195402298851 1.2942307692307693 0.06609195402298851
0 0.04423076923076923 0.34913793103448276 0.04423076923076923 0.3505747126436782 0.051923076923076926 0.3505747126436782 0.051923076923076926 0.34913793103448276 0.04423076923076923 0.34913793103448276
0 0.6038461538461538 0.6767241379310345 0.6038461538461538 0.6781609195402298 0.6192307692307693 0.6781609195402298 0.6192307692307693 0.6767241379310345 0.6038461538461538 0.6767241379310345
0 0.07115384615384615 0.4295977011494253 0.07115384615384615 0.43103448275862066 0.08269230769230769 0.43103448275862066 0.08269230769230769 0.4295977011494253 0.07115384615384615 0.4295977011494253
0 0.6865384615384615 0.7341954022988506 0.6865384615384615 0.735632183908046 0.6923076923076923 0.735632183908046 0.6923076923076923 0.7341954022988506 0.6865384615384615 0.7341954022988506
0 0.06538461538461539 0.24568965517241378 0.06538461538461539 0.2471264367816092 0.08269230769230769 0.2471264367816092 0.08269230769230769 0.24568965517241378 0.06538461538461539 0.24568965517241378
0 1.2384615384615385 0.10344827586206896 1.2384615384615385 0.10488505747126436 1.25 0.10488505747126436 1.25 0.10344827586206896 1.2384615384615385 0.10344827586206896
0 0.3057692307692308 0.6939655172413793 0.3057692307692308 0.6954022988505747 0.31346153846153846 0.6954022988505747 0.31346153846153846 0.6939655172413793 0.3057692307692308 0.6939655172413793
0 0.6576923076923077 0.027298850574712645 0.6576923076923077 0.028735632183908046 0.6692307692307692 0.028735632183908046 0.6692307692307692 0.027298850574712645 0.6576923076923077 0.027298850574712645
0 0.27692307692307694 0.07471264367816093 0.27692307692307694 0.07614942528735633 0.3038461538461538 0.07614942528735633 0.3038461538461538 0.07471264367816093 0.27692307692307694 0.07471264367816093
0 0.27307692307692305 0.6091954022988506 0.27307692307692305 0.610632183908046 0.31346153846153846 0.610632183908046 0.31346153846153846 0.6091954022988506 0.27307692307692305 0.6091954022988506
0 0.5769230769230769 0.5833333333333334 0.5769230769230769 0.5847701149425287 0.5846153846153846 0.5847701149425287 0.5846153846153846 0.5833333333333334 0.5769230769230769 0.5833333333333334
0 0.5461538461538461 0.0 0.5461538461538461 0.0014367816091954023 0.6365384615384615 0.0014367816091954023 0.6365384615384615 0.0 0.5461538461538461 0.0
0 0.175 0.6752873563218391 0.175 0.6767241379310345 0.18076923076923077 0.6767241379310345 0.18076923076923077 0.6752873563218391 0.175 0.6752873563218391
0 0.6730769230769231 0.22988505747126436 0.6730769230769231 0.23132183908045978 0.6788461538461539 0.23132183908045978 0.6788461538461539 0.22988505747126436 0.6730769230769231 0.22988505747126436
0 0.9115384615384615 0.1278735632183908 0.9115384615384615 0.12931034482758622 0.9230769230769231 0.12931034482758622 0.9230769230769231 0.1278735632183908 0.9115384615384615 0.1278735632183908
0 0.551923076923077 0.5402298850574713 0.551923076923077 0.5416666666666666 0.5615384615384615 0.5416666666666666 0.5615384615384615 0.5402298850574713 0.551923076923077 0.5402298850574713
0 0.01730769230769231 0.45689655172413796 0.01730769230769231 0.4583333333333333 0.028846153846153848 0.4583333333333333 0.028846153846153848 0.45689655172413796 0.01730769230769231 0.45689655172413796
0 1.226923076923077 0.5747126436781609 1.226923076923077 0.5761494252873564 1.25 0.5761494252873564 1.25 0.5747126436781609 1.226923076923077 0.5747126436781609
0 0.27692307692307694 0.34195402298850575 0.27692307692307694 0.34339080459770116 0.29615384615384616 0.34339080459770116 0.29615384615384616 0.34195402298850575 0.27692307692307694 0.34195402298850575
0 0.8461538461538461 0.22988505747126436 0.8461538461538461 0.23132183908045978 0.85 0.23132183908045978 0.85 0.22988505747126436 0.8461538461538461 0.22988505747126436
0 0.6711538461538461 0.375 0.6711538461538461 0.3764367816091954 0.6942307692307692 0.3764367816091954 0.6942307692307692 0.375 0.6711538461538461 0.375
0 0.9346153846153846 0.08908045977011494 0.9346153846153846 0.09051724137931035 0.9384615384615385 0.09051724137931035 0.9384615384615385 0.08908045977011494 0.9346153846153846 0.08908045977011494
0 0.4480769230769231 0.5890804597701149 0.4480769230769231 0.5905172413793104 0.4519230769230769 0.5905172413793104 0.4519230769230769 0.5890804597701149 0.4480769230769231 0.5890804597701149
0 0.6788461538461539 0.6508620689655172 0.6788461538461539 0.6522988505747126 0.6942307692307692 0.6522988505747126 0.6942307692307692 0.6508620689655172 0.6788461538461539 0.6508620689655172
0 0.9134615384615384 0.4985632183908046 0.9134615384615384 0.5 0.9173076923076923 0.5 0.9173076923076923 0.4985632183908046 0.9134615384615384 0.4985632183908046
0 1.2038461538461538 0.5862068965517241 1.2038461538461538 0.5876436781609196 1.2192307692307693 0.5876436781609196 1.2192307692307693 0.5862068965517241 1.2038461538461538 0.5862068965517241
0 0.14615384615384616 0.48419540229885055 0.14615384615384616 0.48563218390804597 0.1519230769230769 0.48563218390804597 0.1519230769230769 0.48419540229885055 0.14615384615384616 0.48419540229885055
0 0.45576923076923076 0.05459770114942529 0.45576923076923076 0.05603448275862069 0.46923076923076923 0.05603448275862069 0.46923076923076923 0.05459770114942529 0.45576923076923076 0.05459770114942529
0 0.9442307692307692 0.4540229885057471 0.9442307692307692 0.45545977011494254 0.9519230769230769 0.45545977011494254 0.9519230769230769 0.4540229885057471 0.9442307692307692 0.4540229885057471