0 0.3359375 0.509375 0.3359375 0.5125 0.36328125 0.5125 0.36328125 0.509375 0.3359375 0.509375
0 1.0703125 0.425 1.0703125 0.428125 1.109375 0.428125 1.109375 0.425 1.0703125 0.425
0 1.09375 0.621875 1.09375 0.625 1.109375 0.625 1.109375 0.621875 1.09375 0.621875
0 0.0 0.1625 0.0 0.165625 0.00390625 0.165625 0.00390625 0.1625 0.0 0.1625
0 0.62109375 0.665625 0.62109375 0.66875 0.640625 0.66875 0.640625 0.665625 0.62109375 0.665625
0 0.40234375 0.46875 0.40234375 0.471875 0.4296875 0.471875 0.4296875 0.46875 0.40234375 0.46875
0 0.73828125 0.3875 0.73828125 0.390625 0.76171875 0.390625 0.76171875 0.3875 0.73828125 0.3875
0 1.10546875 0.56875 1.10546875 0.571875 1.15625 0.571875 1.15625 0.56875 1.10546875 0.56875
0 0.2265625 0.359375 0.2265625 0.3625 0.25 0.3625 0.25 0.359375 0.2265625 0.359375
0 0.23046875 0.484375 0.23046875 0.4875 0.2421875 0.4875 0.2421875 0.484375 0.23046875 0.484375
0 0.203125 0.184375 0.203125 0.1875 0.22265625 0.1875 0.22265625 0.184375 0.203125 0.184375
0 0.0 0.1125 0.0 0.115625 0.00390625 0.115625 0.00390625 0.1125 0.0 0.1125
0 0.96875 0.15 0.96875 0.153125 0.99609375 0.153125 0.99609375 0.15 0.96875 0.15
0 0.25 0.584375 0.25 0.5875 0.2578125 0.5875 0.2578125 0.584375 0.25 0.584375
0 0.984375 0.55 0.984375 0.553125 1.0 0.553125 1.0 0.55 0.984375 0.55
0 0.78125 0.0 0.78125 0.003125 0.8671875 0.003125 0.8671875 0.0 0.78125 0.0
0 0.81640625 0.759375 0.81640625 0.7625 0.85546875 0.7625 0.85546875 0.759375 0.81640625 0.759375
0 0.953125 0.7875 0.953125 0.790625 0.97265625 0.790625 0.97265625 0.7875 0.953125 0.7875
0 0.94140625 0.590625 0.94140625 0.59375 0.9765625 0.59375 0.9765625 0.590625 0.94140625 0.590625
0 0.390625 0.728125 0.390625 0.73125 0.41796875 0.73125 0.41796875 0.728125 0.390625 0.728125
0 0.84765625 0.49375 0.84765625 0.496875 0.875 0.496875 0.875 0.49375 0.84765625 0.49375
0 1.0390625 0.134375 1.0390625 0.1375 1.06640625 0.1375 1.06640625 0.134375 1.0390625 0.134375
0 0.00390625 0.3875 0.00390625 0.390625 0.02734375 0.390625 0.02734375 0.3875 0.00390625 0.3875
0 0.54296875 0.609375 0.54296875 0.6125 0.5625 0.6125 0.5625 0.609375 0.54296875 0.609375
0 0.15625 0.790625 0.15625 0.79375 0.18359375 0.79375 0.18359375 0.790625 0.15625 0.790625
0 0.40625 0.6375 0.40625 0.640625 0.4296875 0.640625 0.4296875 0.6375 0.40625 0.6375
0 0.078125 0.775 0.078125 0.778125 0.1171875 0.778125 0.1171875 0.775 0.078125 0.775
0 1.11328125 0.471875 1.11328125 0.475 1.1484375 0.475 1.1484375 0.471875 1.11328125 0.471875
0 0.671875 0.615625 0.671875 0.61875 0.71875 0.61875 0.71875 0.615625 0.671875 0.615625
0 0.03515625 0.259375 0.03515625 0.2625 0.046875 0.2625 0.046875 0.259375 0.03515625 0.259375
0 0.23828125 0.059375 0.23828125 0.0625 0.25 0.0625 0.25 0.059375 0.23828125 0.059375
0 0.69921875 0.425 0.69921875 0.428125 0.7109375 0.428125 0.7109375 0.425 0.69921875 0.425
0 1.2265625 0.475 1.2265625 0.478125 1.25 0.478125 1.25 0.475 1.2265625 0.475
0 0.00390625 0.2625 0.00390625 0.265625 0.046875 0.265625 0.046875 0.2625 0.00390625 0.2625
0 1.1796875 0.159375 1.1796875 0.1625 1.203125 0.1625 1.203125 0.159375 1.1796875 0.159375
0 1.0 0.7125 1.0 0.715625 1.00390625 0.715625 1.00390625 0.7125 1.0 0.7125
0 0.21875 0.628125 0.21875 0.63125 0.2578125 0.63125 0.2578125 0.628125 0.21875 0.628125