0 0.66015625 0.275 0.66015625 0.2765625 0.677734375 0.2765625 0.677734375 0.275 0.66015625 0.275
0 0.390625 0.4359375 0.390625 0.4375 0.408203125 0.4375 0.408203125 0.4359375 0.390625 0.4359375
0 0.978515625 0.3578125 0.978515625 0.359375 0.99609375 0.359375 0.99609375 0.3578125 0.978515625 0.3578125
0 0.78125 0.5828125 0.78125 0.584375 0.8046875 0.584375 0.8046875 0.5828125 0.78125 0.5828125
0 1.107421875 0.625 1.107421875 0.6265625 1.126953125 0.6265625 1.126953125 0.625 1.107421875 0.625
0 0.087890625 0.4921875 0.087890625 0.49375 0.099609375 0.49375 0.099609375 0.4921875 0.087890625 0.4921875
0 0.33984375 0.2140625 0.33984375 0.215625 0.369140625 0.215625 0.369140625 0.2140625 0.33984375 0.2140625
0 0.38671875 0.128125 0.38671875 0.1296875 0.396484375 0.1296875 0.396484375 0.128125 0.38671875 0.128125
0 0.779296875 0.675 0.779296875 0.6765625 0.7890625 0.6765625 0.7890625 0.675 0.779296875 0.675
0 0.796875 0.3703125 0.796875 0.371875 0.80078125 0.371875 0.80078125 0.3703125 0.796875 0.3703125
0 0.80078125 0.38125 0.80078125 0.3828125 0.83203125 0.3828125 0.83203125 0.38125 0.80078125 0.38125
0 0.8828125 0.590625 0.8828125 0.5921875 0.888671875 0.5921875 0.888671875 0.590625 0.8828125 0.590625
0 0.228515625 0.1203125 0.228515625 0.121875 0.244140625 0.121875 0.244140625 0.1203125 0.228515625 0.1203125
0 0.748046875 0.078125 0.748046875 0.0796875 0.751953125 0.0796875 0.751953125 0.078125 0.748046875 0.078125
0 1.125 0.4171875 1.125 0.41875 1.12890625 0.41875 1.12890625 0.4171875 1.125 0.4171875
0 0.517578125 0.5421875 0.517578125 0.54375 0.53125 0.54375 0.53125 0.5421875 0.517578125 0.5421875
0 1.04296875 0.621875 1.04296875 0.6234375 1.0546875 0.6234375 1.0546875 0.621875 1.04296875 0.621875
0 0.048828125 0.6703125 0.048828125 0.671875 0.072265625 0.671875 0.072265625 0.6703125 0.048828125 0.6703125
0 0.748046875 0.1859375 0.748046875 0.1875 0.763671875 0.1875 0.763671875 0.1859375 0.748046875 0.1859375
0 0.12890625 0.553125 0.12890625 0.5546875 0.1484375 0.5546875 0.1484375 0.553125 0.12890625 0.553125
0 1.212890625 0.50625 1.212890625 0.5078125 1.216796875 0.5078125 1.216796875 0.50625 1.212890625 0.50625
0 1.13671875 0.3609375 1.13671875 0.3625 1.1484375 0.3625 1.1484375 0.3609375 1.13671875 0.3609375
0 0.7421875 0.653125 0.7421875 0.6546875 0.767578125 0.6546875 0.767578125 0.653125 0.7421875 0.653125
0 0.01953125 0.0 0.01953125 0.0015625 0.08203125 0.0015625 0.08203125 0.0 0.01953125 0.0
0 0.16015625 0.0859375 0.16015625 0.0875 0.173828125 0.0875 0.173828125 0.0859375 0.16015625 0.0859375
0 0.34375 0.3265625 0.34375 0.328125 0.34765625 0.328125 0.34765625 0.3265625 0.34375 0.3265625
0 0.076171875 0.1828125 0.076171875 0.184375 0.099609375 0.184375 0.099609375 0.1828125 0.076171875 0.1828125
0 0.060546875 0.4171875 0.060546875 0.41875 0.06640625 0.41875 0.06640625 0.4171875 0.060546875 0.4171875
0 0.529296875 0.28125 0.529296875 0.2828125 0.5390625 0.2828125 0.5390625 0.28125 0.529296875 0.28125
0 1.103515625 0.5125 1.103515625 0.5140625 1.123046875 0.5140625 1.123046875 0.5125 1.103515625 0.5125
0 0.232421875 0.0 0.232421875 0.0015625 0.291015625 0.0015625 0.291015625 0.0 0.232421875 0.0
0 0.314453125 0.0015625 0.314453125 0.003125 0.359375 0.003125 0.359375 0.0015625 0.314453125 0.0015625
0 0.90234375 0.1828125 0.90234375 0.184375 0.91015625 0.184375 0.91015625 0.1828125 0.90234375 0.1828125
0 0.408203125 0.3671875 0.408203125 0.36875 0.419921875 0.36875 0.419921875 0.3671875 0.408203125 0.3671875
0 0.091796875 0.3359375 0.091796875 0.3375 0.109375 0.3375 0.109375 0.3359375 0.091796875 0.3359375
0 1.033203125 0.0234375 1.033203125 0.025 1.048828125 0.025 1.048828125 0.0234375 1.033203125 0.0234375
0 0.994140625 0.0625 0.994140625 0.0640625 1.0 0.0640625 1.0 0.0625 0.994140625 0.0625
0 1.08984375 0.3140625 1.08984375 0.315625 1.095703125 0.315625 1.095703125 0.3140625 1.08984375 0.3140625
0 0.849609375 0.040625 0.849609375 0.0421875 0.86328125 0.0421875 0.86328125 0.040625 0.849609375 0.040625
0 0.87890625 0.2421875 0.87890625 0.24375 0.88671875 0.24375 0.88671875 0.2421875 0.87890625 0.2421875
0 0.25390625 0.3796875 0.25390625 0.38125 0.259765625 0.38125 0.259765625 0.3796875 0.25390625 0.3796875
0 0.322265625 0.7234375 0.322265625 0.725 0.337890625 0.725 0.337890625 0.7234375 0.322265625 0.7234375
0 0.859375 0.103125 0.859375 0.1046875 0.875 0.1046875 0.875 0.103125 0.859375 0.103125
0 0.84375 0.5671875 0.84375 0.56875 0.857421875 0.56875 0.857421875 0.5671875 0.84375 0.5671875
0 0.15625 0.003125 0.15625 0.0046875 0.18359375 0.0046875 0.18359375 0.003125 0.15625 0.003125
0 0.41796875 0.00625 0.41796875 0.0078125 0.439453125 0.0078125 0.439453125 0.00625 0.41796875 0.00625
0 0.748046875 0.6671875 0.748046875 0.66875 0.751953125 0.66875 0.751953125 0.6671875 0.748046875 0.6671875
0 1.1484375 0.03125 1.1484375 0.0328125 1.15625 0.0328125 1.15625 0.03125 1.1484375 0.03125
0 0.416015625 0.3328125 0.416015625 0.334375 0.4375 0.334375 0.4375 0.3328125 0.416015625 0.3328125