0 0.33203125 0.796875 0.33203125 0.8 0.42578125 0.8 0.42578125 0.796875 0.33203125 0.796875
0 0.1875 0.45 0.1875 0.453125 0.22265625 0.453125 0.22265625 0.45 0.1875 0.45
0 1.1484375 0.6875 1.1484375 0.690625 1.16796875 0.690625 1.16796875 0.6875 1.1484375 0.6875
0 0.984375 0.425 0.984375 0.428125 0.9921875 0.428125 0.9921875 0.425 0.984375 0.425
0 0.18359375 0.184375 0.18359375 0.1875 0.24609375 0.1875 0.24609375 0.184375 0.18359375 0.184375
0 0.89453125 0.190625 0.89453125 0.19375 0.96484375 0.19375 0.96484375 0.190625 0.89453125 0.190625
0 0.70703125 0.1875 0.70703125 0.190625 0.73828125 0.190625 0.73828125 0.1875 0.70703125 0.1875
0 0.171875 0.784375 0.171875 0.7875 0.1953125 0.7875 0.1953125 0.784375 0.171875 0.784375
0 0.046875 0.0 0.046875 0.003125 0.13671875 0.003125 0.13671875 0.0 0.046875 0.0
0 0.30078125 0.0 0.30078125 0.003125 0.4296875 0.003125 0.4296875 0.0 0.30078125 0.0
0 0.5390625 0.4875 0.5390625 0.490625 0.5703125 0.490625 0.5703125 0.4875 0.5390625 0.4875
0 1.21875 0.51875 1.21875 0.521875 1.24609375 0.521875 1.24609375 0.51875 1.21875 0.51875
0 0.54296875 0.409375 0.54296875 0.4125 0.5703125 0.4125 0.5703125 0.409375 0.54296875 0.409375
0 0.4296875 0.096875 0.4296875 0.1 0.48828125 0.1 0.48828125 0.096875 0.4296875 0.096875
0 1.05078125 0.234375 1.05078125 0.2375 1.0859375 0.2375 1.0859375 0.234375 1.05078125 0.234375
0 0.59765625 0.26875 0.59765625 0.271875 0.6328125 0.271875 0.6328125 0.26875 0.59765625 0.26875
0 0.85546875 0.765625 0.85546875 0.76875 0.90625 0.76875 0.90625 0.765625 0.85546875 0.765625
0 0.140625 0.6125 0.140625 0.615625 0.171875 0.615625 0.171875 0.6125 0.140625 0.6125
0 0.765625 0.51875 0.765625 0.521875 0.7734375 0.521875 0.7734375 0.51875 0.765625 0.51875
0 0.80859375 0.121875 0.80859375 0.125 0.83984375 0.125 0.83984375 0.121875 0.80859375 0.121875
0 0.94921875 0.271875 0.94921875 0.275 0.96484375 0.275 0.96484375 0.271875 0.94921875 0.271875
0 1.0 0.4625 1.0 0.465625 1.00390625 0.465625 1.00390625 0.4625 1.0 0.4625
0 1.109375 0.584375 1.109375 0.5875 1.15234375 0.5875 1.15234375 0.584375 1.109375 0.584375
0 0.51953125 0.56875 0.51953125 0.571875 0.5625 0.571875 0.5625 0.56875 0.51953125 0.56875
0 0.44140625 0.728125 0.44140625 0.73125 0.46484375 0.73125 0.46484375 0.728125 0.44140625 0.728125
0 1.15625 0.678125 1.15625 0.68125 1.2109375 0.68125 1.2109375 0.678125 1.15625 0.678125
0 0.80078125 0.0 0.80078125 0.003125 0.93359375 0.003125 0.93359375 0.0 0.80078125 0.0
0 0.0546875 0.359375 0.0546875 0.3625 0.078125 0.3625 0.078125 0.359375 0.0546875 0.359375
0 0.66015625 0.0875 0.66015625 0.090625 0.69921875 0.090625 0.69921875 0.0875 0.66015625 0.0875
0 1.12890625 0.228125 1.12890625 0.23125 1.1640625 0.23125 1.1640625 0.228125 1.12890625 0.228125