0 1.06640625 0.009375 1.06640625 0.0125 1.08203125 0.0125 1.08203125 0.009375 1.06640625 0.009375
0 0.18359375 0.4625 0.18359375 0.465625 0.2265625 0.465625 0.2265625 0.4625 0.18359375 0.4625
0 0.25 0.496875 0.25 0.5 0.265625 0.5 0.265625 0.496875 0.25 0.496875
0 0.19140625 0.50625 0.19140625 0.509375 0.19921875 0.509375 0.19921875 0.50625 0.19140625 0.50625
0 0.0390625 0.353125 0.0390625 0.35625 0.046875 0.35625 0.046875 0.353125 0.0390625 0.353125
0 0.43359375 0.209375 0.43359375 0.2125 0.44921875 0.2125 0.44921875 0.209375 0.43359375 0.209375
0 0.5078125 0.3 0.5078125 0.303125 0.515625 0.303125 0.515625 0.3 0.5078125 0.3
0 0.34765625 0.259375 0.34765625 0.2625 0.375 0.2625 0.375 0.259375 0.34765625 0.259375
0 0.36328125 0.521875 0.36328125 0.525 0.38671875 0.525 0.38671875 0.521875 0.36328125 0.521875
0 1.01171875 0.39375 1.01171875 0.396875 1.01953125 0.396875 1.01953125 0.39375 1.01171875 0.39375
0 0.25390625 0.721875 0.25390625 0.725 0.2734375 0.725 0.2734375 0.721875 0.25390625 0.721875
0 1.0078125 0.165625 1.0078125 0.16875 1.0234375 0.16875 1.0234375 0.165625 1.0078125 0.165625
0 0.17578125 0.7875 0.17578125 0.790625 0.21875 0.790625 0.21875 0.7875 0.17578125 0.7875
0 0.81640625 0.303125 0.81640625 0.30625 0.83203125 0.30625 0.83203125 0.303125 0.81640625 0.303125
0 0.8046875 0.35 0.8046875 0.353125 0.84765625 0.353125 0.84765625 0.35 0.8046875 0.35