0 1.2923076923076924 0.7126436781609196 1.2923076923076924 0.7140804597701149 1.3096153846153846 0.7140804597701149 1.3096153846153846 0.7126436781609196 1.2923076923076924 0.7126436781609196
0 0.7038461538461539 0.6422413793103449 0.7038461538461539 0.6436781609195402 0.7076923076923077 0.6436781609195402 0.7076923076923077 0.6422413793103449 0.7038461538461539 0.6422413793103449
0 0.8692307692307693 0.12931034482758622 0.8692307692307693 0.1307471264367816 0.8865384615384615 0.1307471264367816 0.8865384615384615 0.12931034482758622 0.8692307692307693 0.12931034482758622
0 0.23846153846153847 0.646551724137931 0.23846153846153847 0.6479885057471264 0.25384615384615383 0.6479885057471264 0.25384615384615383 0.646551724137931 0.23846153846153847 0.646551724137931
0 0.8692307692307693 0.6278735632183908 0.8692307692307693 0.6293103448275862 0.8807692307692307 0.6293103448275862 0.8807692307692307 0.6278735632183908 0.8692307692307693 0.6278735632183908
0 0.5365384615384615 0.2916666666666667 0.5365384615384615 0.29310344827586204 0.5461538461538461 0.29310344827586204 0.5461538461538461 0.2916666666666667 0.5365384615384615 0.2916666666666667
0 0.6865384615384615 0.09626436781609195 0.6865384615384615 0.09770114942528736 0.6923076923076923 0.09770114942528736 0.6923076923076923 0.09626436781609195 0.6865384615384615 0.09626436781609195
0 0.31346153846153846 0.1968390804597701 0.31346153846153846 0.19827586206896552 0.3326923076923077 0.19827586206896552 0.3326923076923077 0.1968390804597701 0.31346153846153846 0.1968390804597701
0 0.8173076923076923 0.33045977011494254 0.8173076923076923 0.33189655172413796 0.8307692307692308 0.33189655172413796 0.8307692307692308 0.33045977011494254 0.8173076923076923 0.33045977011494254
0 1.1923076923076923 0.6939655172413793 1.1923076923076923 0.6954022988505747 1.2038461538461538 0.6954022988505747 1.2038461538461538 0.6939655172413793 1.1923076923076923 0.6939655172413793
0 0.823076923076923 0.6709770114942529 0.823076923076923 0.6724137931034483 0.8461538461538461 0.6724137931034483 0.8461538461538461 0.6709770114942529 0.823076923076923 0.6709770114942529
0 0.20384615384615384 0.35201149425287354 0.20384615384615384 0.35344827586206895 0.20961538461538462 0.35344827586206895 0.20961538461538462 0.35201149425287354 0.20384615384615384 0.35201149425287354
0 0.4442307692307692 0.49137931034482757 0.4442307692307692 0.492816091954023 0.4519230769230769 0.492816091954023 0.4519230769230769 0.49137931034482757 0.4442307692307692 0.49137931034482757
0 1.3346153846153845 0.6221264367816092 1.3346153846153845 0.6235632183908046 1.3384615384615384 0.6235632183908046 1.3384615384615384 0.6221264367816092 1.3346153846153845 0.6221264367816092
0 0.24807692307692308 0.3232758620689655 0.24807692307692308 0.32471264367816094 0.25961538461538464 0.32471264367816094 0.25961538461538464 0.3232758620689655 0.24807692307692308 0.3232758620689655
0 0.10576923076923077 0.1752873563218391 0.10576923076923077 0.17672413793103448 0.12307692307692308 0.17672413793103448 0.12307692307692308 0.1752873563218391 0.10576923076923077 0.1752873563218391
0 1.1903846153846154 0.24568965517241378 1.1903846153846154 0.2471264367816092 1.2076923076923076 0.2471264367816092 1.2076923076923076 0.24568965517241378 1.1903846153846154 0.24568965517241378
0 0.6307692307692307 0.10344827586206896 0.6307692307692307 0.10488505747126436 0.6346153846153846 0.10488505747126436 0.6346153846153846 0.10344827586206896 0.6307692307692307 0.10344827586206896
0 0.3 0.46695402298850575 0.3 0.46839080459770116 0.31346153846153846 0.46839080459770116 0.31346153846153846 0.46695402298850575 0.3 0.46695402298850575
0 0.47692307692307695 0.017241379310344827 0.47692307692307695 0.01867816091954023 0.5057692307692307 0.01867816091954023 0.5057692307692307 0.017241379310344827 0.47692307692307695 0.017241379310344827
0 0.676923076923077 0.33620689655172414 0.676923076923077 0.33764367816091956 0.6903846153846154 0.33764367816091956 0.6903846153846154 0.33620689655172414 0.676923076923077 0.33620689655172414
0 0.2173076923076923 0.6824712643678161 0.2173076923076923 0.6839080459770115 0.23076923076923078 0.6839080459770115 0.23076923076923078 0.6824712643678161 0.2173076923076923 0.6824712643678161
0 1.225 0.24281609195402298 1.225 0.2442528735632184 1.2346153846153847 0.2442528735632184 1.2346153846153847 0.24281609195402298 1.225 0.24281609195402298
0 0.6 0.6149425287356322 0.6 0.6163793103448276 0.6211538461538462 0.6163793103448276 0.6211538461538462 0.6149425287356322 0.6 0.6149425287356322
0 1.0403846153846155 0.02586206896551724 1.0403846153846155 0.027298850574712645 1.051923076923077 0.027298850574712645 1.051923076923077 0.02586206896551724 1.0403846153846155 0.02586206896551724
0 0.875 0.6810344827586207 0.875 0.6824712643678161 0.8826923076923077 0.6824712643678161 0.8826923076923077 0.6810344827586207 0.875 0.6810344827586207
0 0.25 0.5574712643678161 0.25 0.5589080459770115 0.27115384615384613 0.5589080459770115 0.27115384615384613 0.5574712643678161 0.25 0.5574712643678161
0 0.19807692307692307 0.3764367816091954 0.19807692307692307 0.37787356321839083 0.21153846153846154 0.37787356321839083 0.21153846153846154 0.3764367816091954 0.19807692307692307 0.3764367816091954
0 0.5980769230769231 0.27011494252873564 0.5980769230769231 0.27155172413793105 0.6096153846153847 0.27155172413793105 0.6096153846153847 0.27011494252873564 0.5980769230769231 0.27011494252873564
0 1.0634615384615385 0.6192528735632183 1.0634615384615385 0.6206896551724138 1.0711538461538461 0.6206896551724138 1.0711538461538461 0.6192528735632183 1.0634615384615385 0.6192528735632183
0 0.40384615384615385 0.23850574712643677 0.40384615384615385 0.23994252873563218 0.4115384615384615 0.23994252873563218 0.4115384615384615 0.23850574712643677 0.40384615384615385 0.23850574712643677
0 0.8576923076923076 0.13936781609195403 0.8576923076923076 0.14080459770114942 0.8692307692307693 0.14080459770114942 0.8692307692307693 0.13936781609195403 0.8576923076923076 0.13936781609195403
0 0.038461538461538464 0.0 0.038461538461538464 0.0014367816091954023 0.06538461538461539 0.0014367816091954023 0.06538461538461539 0.0 0.038461538461538464 0.0
0 0.37884615384615383 0.5459770114942529 0.37884615384615383 0.5474137931034483 0.38461538461538464 0.5474137931034483 0.38461538461538464 0.5459770114942529 0.37884615384615383 0.5459770114942529
0 1.251923076923077 0.36637931034482757 1.251923076923077 0.367816091954023 1.2596153846153846 0.367816091954023 1.2596153846153846 0.36637931034482757 1.251923076923077 0.36637931034482757
0 0.2173076923076923 0.5100574712643678 0.2173076923076923 0.5114942528735632 0.23076923076923078 0.5114942528735632 0.23076923076923078 0.5100574712643678 0.2173076923076923 0.5100574712643678
0 1.3076923076923077 0.007183908045977011 1.3076923076923077 0.008620689655172414 1.3115384615384615 0.008620689655172414 1.3115384615384615 0.007183908045977011 1.3076923076923077 0.007183908045977011
0 0.5115384615384615 0.5244252873563219 0.5115384615384615 0.5258620689655172 0.525 0.5258620689655172 0.525 0.5244252873563219 0.5115384615384615 0.5244252873563219
0 0.4980769230769231 0.1839080459770115 0.4980769230769231 0.1853448275862069 0.5076923076923077 0.1853448275862069 0.5076923076923077 0.1839080459770115 0.4980769230769231 0.1839080459770115
0 1.1326923076923077 0.27873563218390807 1.1326923076923077 0.2801724137931034 1.1576923076923078 0.2801724137931034 1.1576923076923078 0.27873563218390807 1.1326923076923077 0.27873563218390807
0 0.32884615384615384 0.2557471264367816 0.32884615384615384 0.257183908045977 0.3326923076923077 0.257183908045977 0.3326923076923077 0.2557471264367816 0.32884615384615384 0.2557471264367816
0 0.49615384615384617 0.41379310344827586 0.49615384615384617 0.41522988505747127 0.5173076923076924 0.41522988505747127 0.5173076923076924 0.41379310344827586 0.49615384615384617 0.41379310344827586
0 0.9596153846153846 0.728448275862069 0.9596153846153846 0.7298850574712644 0.9769230769230769 0.7298850574712644 0.9769230769230769 0.728448275862069 0.9596153846153846 0.728448275862069
0 1.3038461538461539 0.5761494252873564 1.3038461538461539 0.5775862068965517 1.3173076923076923 0.5775862068965517 1.3173076923076923 0.5761494252873564 1.3038461538461539 0.5761494252873564
0 0.5076923076923077 0.603448275862069 0.5076923076923077 0.6048850574712644 0.5173076923076924 0.6048850574712644 0.5173076923076924 0.603448275862069 0.5076923076923077 0.603448275862069
0 0.9346153846153846 0.5229885057471264 0.9346153846153846 0.5244252873563219 0.9384615384615385 0.5244252873563219 0.9384615384615385 0.5229885057471264 0.9346153846153846 0.5229885057471264
0 0.08461538461538462 0.41954022988505746 0.08461538461538462 0.4209770114942529 0.09807692307692308 0.4209770114942529 0.09807692307692308 0.41954022988505746 0.08461538461538462 0.41954022988505746
0 0.8192307692307692 0.04885057471264368 0.8192307692307692 0.05028735632183908 0.8288461538461539 0.05028735632183908 0.8288461538461539 0.04885057471264368 0.8192307692307692 0.04885057471264368
0 0.25 0.015804597701149427 0.25 0.017241379310344827 0.25769230769230766 0.017241379310344827 0.25769230769230766 0.015804597701149427 0.25 0.015804597701149427
0 0.5692307692307692 0.4339080459770115 0.5692307692307692 0.4353448275862069 0.5865384615384616 0.4353448275862069 0.5865384615384616 0.4339080459770115 0.5692307692307692 0.4339080459770115
0 0.20961538461538462 0.5488505747126436 0.20961538461538462 0.5502873563218391 0.225 0.5502873563218391 0.225 0.5488505747126436 0.20961538461538462 0.5488505747126436
0 0.38461538461538464 0.26580459770114945 0.38461538461538464 0.2672413793103448 0.3903846153846154 0.2672413793103448 0.3903846153846154 0.26580459770114945 0.38461538461538464 0.26580459770114945
0 0.9153846153846154 0.07327586206896551 0.9153846153846154 0.07471264367816093 0.9307692307692308 0.07471264367816093 0.9307692307692308 0.07327586206896551 0.9153846153846154 0.07327586206896551
0 0.7576923076923077 0.617816091954023 0.7576923076923077 0.6192528735632183 0.7711538461538462 0.6192528735632183 0.7711538461538462 0.617816091954023 0.7576923076923077 0.617816091954023
0 0.29615384615384616 0.6594827586206896 0.29615384615384616 0.6609195402298851 0.3038461538461538 0.6609195402298851 0.3038461538461538 0.6594827586206896 0.29615384615384616 0.6594827586206896
0 1.0057692307692307 0.2629310344827586 1.0057692307692307 0.26436781609195403 1.0269230769230768 0.26436781609195403 1.0269230769230768 0.2629310344827586 1.0057692307692307 0.2629310344827586
0 0.6884615384615385 0.3620689655172414 0.6884615384615385 0.3635057471264368 0.7038461538461539 0.3635057471264368 0.7038461538461539 0.3620689655172414 0.6884615384615385 0.3620689655172414
0 0.47307692307692306 0.6135057471264368 0.47307692307692306 0.6149425287356322 0.47692307692307695 0.6149425287356322 0.47692307692307695 0.6135057471264368 0.47307692307692306 0.6135057471264368
0 0.3903846153846154 0.507183908045977 0.3903846153846154 0.5086206896551724 0.39615384615384613 0.5086206896551724 0.39615384615384613 0.507183908045977 0.3903846153846154 0.507183908045977
0 0.24423076923076922 0.7183908045977011 0.24423076923076922 0.7198275862068966 0.24807692307692308 0.7198275862068966 0.24807692307692308 0.7183908045977011 0.24423076923076922 0.7183908045977011
0 0.5365384615384615 0.08045977011494253 0.5365384615384615 0.08189655172413793 0.5461538461538461 0.08189655172413793 0.5461538461538461 0.08045977011494253 0.5365384615384615 0.08045977011494253
0 1.0480769230769231 0.5704022988505747 1.0480769230769231 0.5718390804597702 1.0615384615384615 0.5718390804597702 1.0615384615384615 0.5704022988505747 1.0480769230769231 0.5704022988505747
0 0.5615384615384615 0.6436781609195402 0.5615384615384615 0.6451149425287356 0.5788461538461539 0.6451149425287356 0.5788461538461539 0.6436781609195402 0.5615384615384615 0.6436781609195402
0 0.40192307692307694 0.15660919540229884 0.40192307692307694 0.15804597701149425 0.4230769230769231 0.15804597701149425 0.4230769230769231 0.15660919540229884 0.40192307692307694 0.15660919540229884
0 1.1 0.30028735632183906 1.1 0.3017241379310345 1.1076923076923078 0.3017241379310345 1.1076923076923078 0.30028735632183906 1.1 0.30028735632183906
0 0.4307692307692308 0.21551724137931033 0.4307692307692308 0.21695402298850575 0.46153846153846156 0.21695402298850575 0.46153846153846156 0.21551724137931033 0.4307692307692308 0.21551724137931033
0 0.9307692307692308 0.22844827586206898 0.9307692307692308 0.22988505747126436 0.9365384615384615 0.22988505747126436 0.9365384615384615 0.22844827586206898 0.9307692307692308 0.22844827586206898
0 0.7 0.2629310344827586 0.7 0.26436781609195403 0.7134615384615385 0.26436781609195403 0.7134615384615385 0.2629310344827586 0.7 0.2629310344827586
0 0.3076923076923077 0.23275862068965517 0.3076923076923077 0.23419540229885058 0.33653846153846156 0.23419540229885058 0.33653846153846156 0.23275862068965517 0.3076923076923077 0.23275862068965517
0 1.1653846153846155 0.21120689655172414 1.1653846153846155 0.21264367816091953 1.176923076923077 0.21264367816091953 1.176923076923077 0.21120689655172414 1.1653846153846155 0.21120689655172414
0 0.7115384615384616 0.646551724137931 0.7115384615384616 0.6479885057471264 0.725 0.6479885057471264 0.725 0.646551724137931 0.7115384615384616 0.646551724137931
0 0.6403846153846153 0.6508620689655172 0.6403846153846153 0.6522988505747126 0.6461538461538462 0.6522988505747126 0.6461538461538462 0.6508620689655172 0.6403846153846153 0.6508620689655172
0 0.9884615384615385 0.7040229885057471 0.9884615384615385 0.7054597701149425 1.001923076923077 0.7054597701149425 1.001923076923077 0.7040229885057471 0.9884615384615385 0.7040229885057471
0 0.8826923076923077 0.4813218390804598 0.8826923076923077 0.4827586206896552 0.8942307692307693 0.4827586206896552 0.8942307692307693 0.4813218390804598 0.8826923076923077 0.4813218390804598
0 0.2903846153846154 0.47270114942528735 0.2903846153846154 0.47413793103448276 0.3076923076923077 0.47413793103448276 0.3076923076923077 0.47270114942528735 0.2903846153846154 0.47270114942528735
0 1.1153846153846154 0.48563218390804597 1.1153846153846154 0.4870689655172414 1.1365384615384615 0.4870689655172414 1.1365384615384615 0.48563218390804597 1.1153846153846154 0.48563218390804597
0 0.7442307692307693 0.10775862068965517 0.7442307692307693 0.10919540229885058 0.7519230769230769 0.10919540229885058 0.7519230769230769 0.10775862068965517 0.7442307692307693 0.10775862068965517
0 0.2923076923076923 0.0 0.2923076923076923 0.0014367816091954023 0.375 0.0014367816091954023 0.375 0.0 0.2923076923076923 0.0
0 1.1538461538461537 0.4985632183908046 1.1538461538461537 0.5 1.1596153846153847 0.5 1.1596153846153847 0.4985632183908046 1.1538461538461537 0.4985632183908046
0 0.9134615384615384 0.09626436781609195 0.9134615384615384 0.09770114942528736 0.925 0.09770114942528736 0.925 0.09626436781609195 0.9134615384615384 0.09626436781609195
0 1.1519230769230768 0.22701149425287356 1.1519230769230768 0.22844827586206898 1.1596153846153847 0.22844827586206898 1.1596153846153847 0.22701149425287356 1.1519230769230768 0.22701149425287356
0 0.34807692307692306 0.21120689655172414 0.34807692307692306 0.21264367816091953 0.35192307692307695 0.21264367816091953 0.35192307692307695 0.21120689655172414 0.34807692307692306 0.21120689655172414
0 0.5057692307692307 0.5301724137931034 0.5057692307692307 0.5316091954022989 0.5134615384615384 0.5316091954022989 0.5134615384615384 0.5301724137931034 0.5057692307692307 0.5301724137931034
0 0.6230769230769231 0.5373563218390804 0.6230769230769231 0.5387931034482759 0.6423076923076924 0.5387931034482759 0.6423076923076924 0.5373563218390804 0.6230769230769231 0.5373563218390804
0 0.023076923076923078 0.4267241379310345 0.023076923076923078 0.4281609195402299 0.03461538461538462 0.4281609195402299 0.03461538461538462 0.4267241379310345 0.023076923076923078 0.4267241379310345
0 1.3269230769230769 0.375 1.3269230769230769 0.3764367816091954 1.3384615384615384 0.3764367816091954 1.3384615384615384 0.375 1.3269230769230769 0.375
0 0.21153846153846154 0.6163793103448276 0.21153846153846154 0.617816091954023 0.2173076923076923 0.617816091954023 0.2173076923076923 0.6163793103448276 0.21153846153846154 0.6163793103448276
0 1.1288461538461538 0.3635057471264368 1.1288461538461538 0.3649425287356322 1.1423076923076922 0.3649425287356322 1.1423076923076922 0.3635057471264368 1.1288461538461538 0.3635057471264368
0 0.4634615384615385 0.33045977011494254 0.4634615384615385 0.33189655172413796 0.46923076923076923 0.33189655172413796 0.46923076923076923 0.33045977011494254 0.4634615384615385 0.33045977011494254
0 1.2461538461538462 0.3045977011494253 1.2461538461538462 0.30603448275862066 1.2538461538461538 0.30603448275862066 1.2538461538461538 0.3045977011494253 1.2461538461538462 0.3045977011494253
0 0.4346153846153846 0.41954022988505746 0.4346153846153846 0.4209770114942529 0.4442307692307692 0.4209770114942529 0.4442307692307692 0.41954022988505746 0.4346153846153846 0.41954022988505746
0 0.698076923076923 0.5330459770114943 0.698076923076923 0.5344827586206896 0.7115384615384616 0.5344827586206896 0.7115384615384616 0.5330459770114943 0.698076923076923 0.5330459770114943
0 0.3 0.3994252873563218 0.3 0.40086206896551724 0.3076923076923077 0.40086206896551724 0.3076923076923077 0.3994252873563218 0.3 0.3994252873563218
0 0.6307692307692307 0.42528735632183906 0.6307692307692307 0.4267241379310345 0.6423076923076924 0.4267241379310345 0.6423076923076924 0.42528735632183906 0.6307692307692307 0.42528735632183906
0 0.8634615384615385 0.30603448275862066 0.8634615384615385 0.3074712643678161 0.8807692307692307 0.3074712643678161 0.8807692307692307 0.30603448275862066 0.8634615384615385 0.30603448275862066
0 1.1057692307692308 0.4454022988505747 1.1057692307692308 0.4468390804597701 1.1192307692307693 0.4468390804597701 1.1192307692307693 0.4454022988505747 1.1057692307692308 0.4454022988505747
0 1.2634615384615384 0.02586206896551724 1.2634615384615384 0.027298850574712645 1.2884615384615385 0.027298850574712645 1.2884615384615385 0.02586206896551724 1.2634615384615384 0.02586206896551724
0 0.5884615384615385 0.20689655172413793 0.5884615384615385 0.20833333333333334 0.6019230769230769 0.20833333333333334 0.6019230769230769 0.20689655172413793 0.5884615384615385 0.20689655172413793
0 0.7480769230769231 0.5459770114942529 0.7480769230769231 0.5474137931034483 0.7538461538461538 0.5474137931034483 0.7538461538461538 0.5459770114942529 0.7480769230769231 0.5459770114942529
0 0.3230769230769231 0.15804597701149425 0.3230769230769231 0.15948275862068967 0.33653846153846156 0.15948275862068967 0.33653846153846156 0.15804597701149425 0.3230769230769231 0.15804597701149425
0 0.47307692307692306 0.0 0.47307692307692306 0.0014367816091954023 0.5269230769230769 0.0014367816091954023 0.5269230769230769 0.0 0.47307692307692306 0.0
0 1.228846153846154 0.05603448275862069 1.228846153846154 0.05747126436781609 1.2384615384615385 0.05747126436781609 1.2384615384615385 0.05603448275862069 1.228846153846154 0.05603448275862069
0 0.41346153846153844 0.5962643678160919 0.41346153846153844 0.5977011494252874 0.4230769230769231 0.5977011494252874 0.4230769230769231 0.5962643678160919 0.41346153846153844 0.5962643678160919
0 0.8153846153846154 0.7112068965517241 0.8153846153846154 0.7126436781609196 0.8384615384615385 0.7126436781609196 0.8384615384615385 0.7112068965517241 0.8153846153846154 0.7112068965517241
0 0.5384615384615384 0.41954022988505746 0.5384615384615384 0.4209770114942529 0.55 0.4209770114942529 0.55 0.41954022988505746 0.5384615384615384 0.41954022988505746
0 0.09230769230769231 0.0603448275862069 0.09230769230769231 0.0617816091954023 0.1 0.0617816091954023 0.1 0.0603448275862069 0.09230769230769231 0.0603448275862069
0 0.1 0.7155172413793104 0.1 0.7169540229885057 0.11538461538461539 0.7169540229885057 0.11538461538461539 0.7155172413793104 0.1 0.7155172413793104
0 0.4346153846153846 0.7112068965517241 0.4346153846153846 0.7126436781609196 0.4480769230769231 0.7126436781609196 0.4480769230769231 0.7112068965517241 0.4346153846153846 0.7112068965517241
0 0.6384615384615384 0.5531609195402298 0.6384615384615384 0.5545977011494253 0.6538461538461539 0.5545977011494253 0.6538461538461539 0.5531609195402298 0.6384615384615384 0.5531609195402298
0 0.3192307692307692 0.47701149425287354 0.3192307692307692 0.47844827586206895 0.33653846153846156 0.47844827586206895 0.33653846153846156 0.47701149425287354 0.3192307692307692 0.47701149425287354
0 1.103846153846154 0.25 1.103846153846154 0.2514367816091954 1.1076923076923078 0.2514367816091954 1.1076923076923078 0.25 1.103846153846154 0.25
0 0.7673076923076924 0.14367816091954022 0.7673076923076924 0.14511494252873564 0.7807692307692308 0.14511494252873564 0.7807692307692308 0.14367816091954022 0.7673076923076924 0.14367816091954022
0 0.9442307692307692 0.3879310344827586 0.9442307692307692 0.38936781609195403 0.9557692307692308 0.38936781609195403 0.9557692307692308 0.3879310344827586 0.9442307692307692 0.3879310344827586
0 0.15 0.4583333333333333 0.15 0.45977011494252873 0.16153846153846155 0.45977011494252873 0.16153846153846155 0.4583333333333333 0.15 0.4583333333333333
0 0.8884615384615384 0.47988505747126436 0.8884615384615384 0.4813218390804598 0.9057692307692308 0.4813218390804598 0.9057692307692308 0.47988505747126436 0.8884615384615384 0.47988505747126436
0 0.7192307692307692 0.04885057471264368 0.7192307692307692 0.05028735632183908 0.7211538461538461 0.05028735632183908 0.7211538461538461 0.04885057471264368 0.7192307692307692 0.04885057471264368
0 1.2115384615384615 0.5201149425287356 1.2115384615384615 0.521551724137931 1.2192307692307693 0.521551724137931 1.2192307692307693 0.5201149425287356 1.2115384615384615 0.5201149425287356
0 0.7211538461538461 0.3132183908045977 0.7211538461538461 0.3146551724137931 0.7403846153846154 0.3146551724137931 0.7403846153846154 0.3132183908045977 0.7211538461538461 0.3132183908045977
0 1.0807692307692307 0.6695402298850575 1.0807692307692307 0.6709770114942529 1.0884615384615384 0.6709770114942529 1.0884615384615384 0.6695402298850575 1.0807692307692307 0.6695402298850575
0 1.225 0.14655172413793102 1.225 0.14798850574712644 1.2326923076923078 0.14798850574712644 1.2326923076923078 0.14655172413793102 1.225 0.14655172413793102
0 0.12884615384615383 0.735632183908046 0.12884615384615383 0.7370689655172413 0.14423076923076922 0.7370689655172413 0.14423076923076922 0.735632183908046 0.12884615384615383 0.735632183908046
0 0.7269230769230769 0.12931034482758622 0.7269230769230769 0.1307471264367816 0.7384615384615385 0.1307471264367816 0.7384615384615385 0.12931034482758622 0.7269230769230769 0.12931034482758622
0 0.3403846153846154 0.27155172413793105 0.3403846153846154 0.27298850574712646 0.35 0.27298850574712646 0.35 0.27155172413793105 0.3403846153846154 0.27155172413793105
0 1.1326923076923077 0.38362068965517243 1.1326923076923077 0.3850574712643678 1.146153846153846 0.3850574712643678 1.146153846153846 0.38362068965517243 1.1326923076923077 0.38362068965517243
0 0.5211538461538462 0.7068965517241379 0.5211538461538462 0.7083333333333334 0.5288461538461539 0.7083333333333334 0.5288461538461539 0.7068965517241379 0.5211538461538462 0.7068965517241379
0 0.6173076923076923 0.6738505747126436 0.6173076923076923 0.6752873563218391 0.625 0.6752873563218391 0.625 0.6738505747126436 0.6173076923076923 0.6738505747126436
0 0.8711538461538462 0.04741379310344827 0.8711538461538462 0.04885057471264368 0.8807692307692307 0.04885057471264368 0.8807692307692307 0.04741379310344827 0.8711538461538462 0.04741379310344827
0 0.6269230769230769 0.14367816091954022 0.6269230769230769 0.14511494252873564 0.6346153846153846 0.14511494252873564 0.6346153846153846 0.14367816091954022 0.6269230769230769 0.14367816091954022
0 0.7769230769230769 0.5646551724137931 0.7769230769230769 0.5660919540229885 0.7942307692307692 0.5660919540229885 0.7942307692307692 0.5646551724137931 0.7769230769230769 0.5646551724137931
0 1.1519230769230768 0.01293103448275862 1.1519230769230768 0.014367816091954023 1.1634615384615385 0.014367816091954023 1.1634615384615385 0.01293103448275862 1.1519230769230768 0.01293103448275862
0 0.5961538461538461 0.15517241379310345 0.5961538461538461 0.15660919540229884 0.6057692307692307 0.15660919540229884 0.6057692307692307 0.15517241379310345 0.5961538461538461 0.15517241379310345
0 0.7576923076923077 0.48419540229885055 0.7576923076923077 0.48563218390804597 0.7769230769230769 0.48563218390804597 0.7769230769230769 0.48419540229885055 0.7576923076923077 0.48419540229885055
0 1.2403846153846154 0.4482758620689655 1.2403846153846154 0.44971264367816094 1.2557692307692307 0.44971264367816094 1.2557692307692307 0.4482758620689655 1.2403846153846154 0.4482758620689655
0 0.025 0.19540229885057472 0.025 0.1968390804597701 0.03461538461538462 0.1968390804597701 0.03461538461538462 0.19540229885057472 0.025 0.19540229885057472