0 0.275 0.07902298850574713 0.275 0.08045977011494253 0.28846153846153844 0.08045977011494253 0.28846153846153844 0.07902298850574713 0.275 0.07902298850574713
0 0.225 0.5114942528735632 0.225 0.5129310344827587 0.2403846153846154 0.5129310344827587 0.2403846153846154 0.5114942528735632 0.225 0.5114942528735632
0 0.2673076923076923 0.16954022988505746 0.2673076923076923 0.17097701149425287 0.2903846153846154 0.17097701149425287 0.2903846153846154 0.16954022988505746 0.2673076923076923 0.16954022988505746
0 1.1173076923076923 0.5359195402298851 1.1173076923076923 0.5373563218390804 1.126923076923077 0.5373563218390804 1.126923076923077 0.5359195402298851 1.1173076923076923 0.5359195402298851
0 0.3730769230769231 0.5229885057471264 0.3730769230769231 0.5244252873563219 0.3769230769230769 0.5244252873563219 0.3769230769230769 0.5229885057471264 0.3730769230769231 0.5229885057471264
0 1.1942307692307692 0.2959770114942529 1.1942307692307692 0.2974137931034483 1.2019230769230769 0.2974137931034483 1.2019230769230769 0.2959770114942529 1.1942307692307692 0.2959770114942529
0 0.6865384615384615 0.6896551724137931 0.6865384615384615 0.6910919540229885 0.7038461538461539 0.6910919540229885 0.7038461538461539 0.6896551724137931 0.6865384615384615 0.6896551724137931
0 0.6326923076923077 0.6939655172413793 0.6326923076923077 0.6954022988505747 0.6442307692307693 0.6954022988505747 0.6442307692307693 0.6939655172413793 0.6326923076923077 0.6939655172413793
0 0.09807692307692308 0.5488505747126436 0.09807692307692308 0.5502873563218391 0.11538461538461539 0.5502873563218391 0.11538461538461539 0.5488505747126436 0.09807692307692308 0.5488505747126436
0 0.5653846153846154 0.0 0.5653846153846154 0.0014367816091954023 0.6153846153846154 0.0014367816091954023 0.6153846153846154 0.0 0.5653846153846154 0.0
0 0.6942307692307692 0.5603448275862069 0.6942307692307692 0.5617816091954023 0.7038461538461539 0.5617816091954023 0.7038461538461539 0.5603448275862069 0.6942307692307692 0.5603448275862069
0 0.5769230769230769 0.23132183908045978 0.5769230769230769 0.23275862068965517 0.5961538461538461 0.23275862068965517 0.5961538461538461 0.23132183908045978 0.5769230769230769 0.23132183908045978
0 0.47307692307692306 0.625 0.47307692307692306 0.6264367816091954 0.47692307692307695 0.6264367816091954 0.47692307692307695 0.625 0.47307692307692306 0.625
0 0.6903846153846154 0.5962643678160919 0.6903846153846154 0.5977011494252874 0.7057692307692308 0.5977011494252874 0.7057692307692308 0.5962643678160919 0.6903846153846154 0.5962643678160919
0 0.7826923076923077 0.6163793103448276 0.7826923076923077 0.617816091954023 0.7961538461538461 0.617816091954023 0.7961538461538461 0.6163793103448276 0.7826923076923077 0.6163793103448276
0 0.6538461538461539 0.5531609195402298 0.6538461538461539 0.5545977011494253 0.6615384615384615 0.5545977011494253 0.6615384615384615 0.5531609195402298 0.6538461538461539 0.5531609195402298
0 0.5480769230769231 0.625 0.5480769230769231 0.6264367816091954 0.5576923076923077 0.6264367816091954 0.5576923076923077 0.625 0.5480769230769231 0.625
0 0.1346153846153846 0.015804597701149427 0.1346153846153846 0.017241379310344827 0.14423076923076922 0.017241379310344827 0.14423076923076922 0.015804597701149427 0.1346153846153846 0.015804597701149427
0 0.8615384615384616 0.6925287356321839 0.8615384615384616 0.6939655172413793 0.8730769230769231 0.6939655172413793 0.8730769230769231 0.6925287356321839 0.8615384615384616 0.6925287356321839
0 0.38846153846153847 0.5747126436781609 0.38846153846153847 0.5761494252873564 0.4 0.5761494252873564 0.4 0.5747126436781609 0.38846153846153847 0.5747126436781609
0 1.3115384615384615 0.5301724137931034 1.3115384615384615 0.5316091954022989 1.3211538461538461 0.5316091954022989 1.3211538461538461 0.5301724137931034 1.3115384615384615 0.5301724137931034
0 1.0807692307692307 0.125 1.0807692307692307 0.12643678160919541 1.0923076923076922 0.12643678160919541 1.0923076923076922 0.125 1.0807692307692307 0.125
0 0.4653846153846154 0.041666666666666664 0.4653846153846154 0.04310344827586207 0.4826923076923077 0.04310344827586207 0.4826923076923077 0.041666666666666664 0.4653846153846154 0.041666666666666664
0 0.20384615384615384 0.0603448275862069 0.20384615384615384 0.0617816091954023 0.225 0.0617816091954023 0.225 0.0603448275862069 0.20384615384615384 0.0603448275862069
0 0.9653846153846154 0.1336206896551724 0.9653846153846154 0.13505747126436782 0.9865384615384616 0.13505747126436782 0.9865384615384616 0.1336206896551724 0.9653846153846154 0.1336206896551724
0 0.11730769230769231 0.035919540229885055 0.11730769230769231 0.03735632183908046 0.13653846153846153 0.03735632183908046 0.13653846153846153 0.035919540229885055 0.11730769230769231 0.035919540229885055
0 0.8538461538461538 0.6221264367816092 0.8538461538461538 0.6235632183908046 0.8576923076923076 0.6235632183908046 0.8576923076923076 0.6221264367816092 0.8538461538461538 0.6221264367816092
0 1.1903846153846154 0.38362068965517243 1.1903846153846154 0.3850574712643678 1.198076923076923 0.3850574712643678 1.198076923076923 0.38362068965517243 1.1903846153846154 0.38362068965517243
0 0.6076923076923076 0.6925287356321839 0.6076923076923076 0.6939655172413793 0.6365384615384615 0.6939655172413793 0.6365384615384615 0.6925287356321839 0.6076923076923076 0.6925287356321839
0 0.2403846153846154 0.3692528735632184 0.2403846153846154 0.3706896551724138 0.25 0.3706896551724138 0.25 0.3692528735632184 0.2403846153846154 0.3692528735632184
0 0.06153846153846154 0.2629310344827586 0.06153846153846154 0.26436781609195403 0.08269230769230769 0.26436781609195403 0.08269230769230769 0.2629310344827586 0.06153846153846154 0.2629310344827586
0 0.47692307692307695 0.0 0.47692307692307695 0.0014367816091954023 0.525 0.0014367816091954023 0.525 0.0 0.47692307692307695 0.0
0 0.23846153846153847 0.46695402298850575 0.23846153846153847 0.46839080459770116 0.24807692307692308 0.46839080459770116 0.24807692307692308 0.46695402298850575 0.23846153846153847 0.46695402298850575
0 0.35 0.21264367816091953 0.35 0.21408045977011494 0.36538461538461536 0.21408045977011494 0.36538461538461536 0.21264367816091953 0.35 0.21264367816091953
0 0.8807692307692307 0.3649425287356322 0.8807692307692307 0.36637931034482757 0.9 0.36637931034482757 0.9 0.3649425287356322 0.8807692307692307 0.3649425287356322
0 1.2769230769230768 0.7169540229885057 1.2769230769230768 0.7183908045977011 1.2788461538461537 0.7183908045977011 1.2788461538461537 0.7169540229885057 1.2769230769230768 0.7169540229885057
0 0.6423076923076924 0.6537356321839081 0.6423076923076924 0.6551724137931034 0.6692307692307692 0.6551724137931034 0.6692307692307692 0.6537356321839081 0.6423076923076924 0.6537356321839081
0 0.7923076923076923 0.5114942528735632 0.7923076923076923 0.5129310344827587 0.8057692307692308 0.5129310344827587 0.8057692307692308 0.5114942528735632 0.7923076923076923 0.5114942528735632
0 0.4653846153846154 0.7227011494252874 0.4653846153846154 0.7241379310344828 0.47115384615384615 0.7241379310344828 0.47115384615384615 0.7227011494252874 0.4653846153846154 0.7227011494252874
0 0.9096153846153846 0.4985632183908046 0.9096153846153846 0.5 0.9153846153846154 0.5 0.9153846153846154 0.4985632183908046 0.9096153846153846 0.4985632183908046
0 0.7692307692307693 0.034482758620689655 0.7692307692307693 0.035919540229885055 0.7846153846153846 0.035919540229885055 0.7846153846153846 0.034482758620689655 0.7692307692307693 0.034482758620689655
0 0.15576923076923077 0.0 0.15576923076923077 0.0014367816091954023 0.18846153846153846 0.0014367816091954023 0.18846153846153846 0.0 0.15576923076923077 0.0
0 0.4096153846153846 0.5948275862068966 0.4096153846153846 0.5962643678160919 0.41923076923076924 0.5962643678160919 0.41923076923076924 0.5948275862068966 0.4096153846153846 0.5948275862068966
0 0.8711538461538462 0.7068965517241379 0.8711538461538462 0.7083333333333334 0.8769230769230769 0.7083333333333334 0.8769230769230769 0.7068965517241379 0.8711538461538462 0.7068965517241379
0 0.6884615384615385 0.4640804597701149 0.6884615384615385 0.46551724137931033 0.6942307692307692 0.46551724137931033 0.6942307692307692 0.4640804597701149 0.6884615384615385 0.4640804597701149
0 0.28076923076923077 0.3175287356321839 0.28076923076923077 0.31896551724137934 0.2980769230769231 0.31896551724137934 0.2980769230769231 0.3175287356321839 0.28076923076923077 0.3175287356321839
0 1.1057692307692308 0.5804597701149425 1.1057692307692308 0.5818965517241379 1.123076923076923 0.5818965517241379 1.123076923076923 0.5804597701149425 1.1057692307692308 0.5804597701149425
0 1.001923076923077 0.31896551724137934 1.001923076923077 0.3204022988505747 1.021153846153846 0.3204022988505747 1.021153846153846 0.31896551724137934 1.001923076923077 0.31896551724137934
0 0.4826923076923077 0.5459770114942529 0.4826923076923077 0.5474137931034483 0.49423076923076925 0.5474137931034483 0.49423076923076925 0.5459770114942529 0.4826923076923077 0.5459770114942529
0 0.10576923076923077 0.6738505747126436 0.10576923076923077 0.6752873563218391 0.12692307692307692 0.6752873563218391 0.12692307692307692 0.6738505747126436 0.10576923076923077 0.6738505747126436
0 0.11730769230769231 0.15804597701149425 0.11730769230769231 0.15948275862068967 0.12692307692307692 0.15948275862068967 0.12692307692307692 0.15804597701149425 0.11730769230769231 0.15804597701149425
0 0.5576923076923077 0.21551724137931033 0.5576923076923077 0.21695402298850575 0.5634615384615385 0.21695402298850575 0.5634615384615385 0.21551724137931033 0.5576923076923077 0.21551724137931033
0 1.3307692307692307 0.6781609195402298 1.3307692307692307 0.6795977011494253 1.3384615384615384 0.6795977011494253 1.3384615384615384 0.6781609195402298 1.3307692307692307 0.6781609195402298
0 1.1903846153846154 0.3864942528735632 1.1903846153846154 0.3879310344827586 1.1942307692307692 0.3879310344827586 1.1942307692307692 0.3864942528735632 1.1903846153846154 0.3864942528735632
0 1.1730769230769231 0.6824712643678161 1.1730769230769231 0.6839080459770115 1.1923076923076923 0.6839080459770115 1.1923076923076923 0.6824712643678161 1.1730769230769231 0.6824712643678161
0 1.3115384615384615 0.7097701149425287 1.3115384615384615 0.7112068965517241 1.3211538461538461 0.7112068965517241 1.3211538461538461 0.7097701149425287 1.3115384615384615 0.7097701149425287
0 0.6711538461538461 0.20545977011494254 0.6711538461538461 0.20689655172413793 0.7038461538461539 0.20689655172413793 0.7038461538461539 0.20545977011494254 0.6711538461538461 0.20545977011494254
0 0.12884615384615383 0.7298850574712644 0.12884615384615383 0.7313218390804598 0.15 0.7313218390804598 0.15 0.7298850574712644 0.12884615384615383 0.7298850574712644
0 1.226923076923077 0.5229885057471264 1.226923076923077 0.5244252873563219 1.2307692307692308 0.5244252873563219 1.2307692307692308 0.5229885057471264 1.226923076923077 0.5229885057471264
0 0.13846153846153847 0.6839080459770115 0.13846153846153847 0.6853448275862069 0.15 0.6853448275862069 0.15 0.6839080459770115 0.13846153846153847 0.6839080459770115
0 0.18461538461538463 0.603448275862069 0.18461538461538463 0.6048850574712644 0.2076923076923077 0.6048850574712644 0.2076923076923077 0.603448275862069 0.18461538461538463 0.603448275862069
0 0.18269230769230768 0.05890804597701149 0.18269230769230768 0.0603448275862069 0.19807692307692307 0.0603448275862069 0.19807692307692307 0.05890804597701149 0.18269230769230768 0.05890804597701149
0 0.1076923076923077 0.5962643678160919 0.1076923076923077 0.5977011494252874 0.11923076923076924 0.5977011494252874 0.11923076923076924 0.5962643678160919 0.1076923076923077 0.5962643678160919
0 0.18076923076923077 0.6508620689655172 0.18076923076923077 0.6522988505747126 0.19615384615384615 0.6522988505747126 0.19615384615384615 0.6508620689655172 0.18076923076923077 0.6508620689655172
0 0.24615384615384617 0.16235632183908047 0.24615384615384617 0.16379310344827586 0.25384615384615383 0.16379310344827586 0.25384615384615383 0.16235632183908047 0.24615384615384617 0.16235632183908047
0 0.06346153846153846 0.3735632183908046 0.06346153846153846 0.375 0.08269230769230769 0.375 0.08269230769230769 0.3735632183908046 0.06346153846153846 0.3735632183908046
0 1.0288461538461537 0.45545977011494254 1.0288461538461537 0.45689655172413796 1.0403846153846155 0.45689655172413796 1.0403846153846155 0.45545977011494254 1.0288461538461537 0.45545977011494254
0 0.11923076923076924 0.20977011494252873 0.11923076923076924 0.21120689655172414 0.1326923076923077 0.21120689655172414 0.1326923076923077 0.20977011494252873 0.11923076923076924 0.20977011494252873
0 0.9692307692307692 0.08477011494252873 0.9692307692307692 0.08620689655172414 0.9711538461538461 0.08620689655172414 0.9711538461538461 0.08477011494252873 0.9692307692307692 0.08477011494252873
0 0.3326923076923077 0.35201149425287354 0.3326923076923077 0.35344827586206895 0.34807692307692306 0.35344827586206895 0.34807692307692306 0.35201149425287354 0.3326923076923077 0.35201149425287354
0 0.7673076923076924 0.4166666666666667 0.7673076923076924 0.41810344827586204 0.7846153846153846 0.41810344827586204 0.7846153846153846 0.4166666666666667 0.7673076923076924 0.4166666666666667
0 0.09230769230769231 0.39511494252873564 0.09230769230769231 0.39655172413793105 0.1 0.39655172413793105 0.1 0.39511494252873564 0.09230769230769231 0.39511494252873564
0 0.5057692307692307 0.5905172413793104 0.5057692307692307 0.5919540229885057 0.5076923076923077 0.5919540229885057 0.5076923076923077 0.5905172413793104 0.5057692307692307 0.5905172413793104
0 0.2980769230769231 0.0 0.2980769230769231 0.0014367816091954023 0.34807692307692306 0.0014367816091954023 0.34807692307692306 0.0 0.2980769230769231 0.0
0 0.15384615384615385 0.23419540229885058 0.15384615384615385 0.23563218390804597 0.17307692307692307 0.23563218390804597 0.17307692307692307 0.23419540229885058 0.15384615384615385 0.23419540229885058
0 0.5230769230769231 0.507183908045977 0.5230769230769231 0.5086206896551724 0.5346153846153846 0.5086206896551724 0.5346153846153846 0.507183908045977 0.5230769230769231 0.507183908045977
0 0.45 0.6882183908045977 0.45 0.6896551724137931 0.45384615384615384 0.6896551724137931 0.45384615384615384 0.6882183908045977 0.45 0.6882183908045977
0 0.573076923076923 0.5962643678160919 0.573076923076923 0.5977011494252874 0.5807692307692308 0.5977011494252874 0.5807692307692308 0.5962643678160919 0.573076923076923 0.5962643678160919
0 0.34615384615384615 0.6235632183908046 0.34615384615384615 0.625 0.3557692307692308 0.625 0.3557692307692308 0.6235632183908046 0.34615384615384615 0.6235632183908046
0 1.1192307692307693 0.35344827586206895 1.1192307692307693 0.35488505747126436 1.1365384615384615 0.35488505747126436 1.1365384615384615 0.35344827586206895 1.1192307692307693 0.35344827586206895
0 0.6 0.6494252873563219 0.6 0.6508620689655172 0.6115384615384616 0.6508620689655172 0.6115384615384616 0.6494252873563219 0.6 0.6494252873563219
0 0.07115384615384615 0.25862068965517243 0.07115384615384615 0.2600574712643678 0.07692307692307693 0.2600574712643678 0.07692307692307693 0.25862068965517243 0.07115384615384615 0.25862068965517243
0 0.9692307692307692 0.1206896551724138 0.9692307692307692 0.1221264367816092 0.9846153846153847 0.1221264367816092 0.9846153846153847 0.1206896551724138 0.9692307692307692 0.1206896551724138
0 0.49423076923076925 0.3577586206896552 0.49423076923076925 0.35919540229885055 0.5076923076923077 0.35919540229885055 0.5076923076923077 0.3577586206896552 0.49423076923076925 0.3577586206896552
0 0.5942307692307692 0.07471264367816093 0.5942307692307692 0.07614942528735633 0.6173076923076923 0.07614942528735633 0.6173076923076923 0.07471264367816093 0.5942307692307692 0.07471264367816093
0 0.8903846153846153 0.14942528735632185 0.8903846153846153 0.15086206896551724 0.9076923076923077 0.15086206896551724 0.9076923076923077 0.14942528735632185 0.8903846153846153 0.14942528735632185
0 1.103846153846154 0.5129310344827587 1.103846153846154 0.514367816091954 1.126923076923077 0.514367816091954 1.126923076923077 0.5129310344827587 1.103846153846154 0.5129310344827587
0 0.4 0.0 0.4 0.0014367816091954023 0.4307692307692308 0.0014367816091954023 0.4307692307692308 0.0 0.4 0.0
0 1.2346153846153847 0.011494252873563218 1.2346153846153847 0.01293103448275862 1.248076923076923 0.01293103448275862 1.248076923076923 0.011494252873563218 1.2346153846153847 0.011494252873563218
0 0.19615384615384615 0.44971264367816094 0.19615384615384615 0.4511494252873563 0.21153846153846154 0.4511494252873563 0.21153846153846154 0.44971264367816094 0.19615384615384615 0.44971264367816094
0 0.47884615384615387 0.1206896551724138 0.47884615384615387 0.1221264367816092 0.5 0.1221264367816092 0.5 0.1206896551724138 0.47884615384615387 0.1206896551724138
0 0.2846153846153846 0.11781609195402298 0.2846153846153846 0.11925287356321838 0.29423076923076924 0.11925287356321838 0.29423076923076924 0.11781609195402298 0.2846153846153846 0.11781609195402298
0 0.5884615384615385 0.25287356321839083 0.5884615384615385 0.2543103448275862 0.6096153846153847 0.2543103448275862 0.6096153846153847 0.25287356321839083 0.5884615384615385 0.25287356321839083
0 1.0442307692307693 0.6551724137931034 1.0442307692307693 0.6566091954022989 1.0576923076923077 0.6566091954022989 1.0576923076923077 0.6551724137931034 1.0442307692307693 0.6551724137931034
0 0.5019230769230769 0.7313218390804598 0.5019230769230769 0.7327586206896551 0.5153846153846153 0.7327586206896551 0.5153846153846153 0.7313218390804598 0.5019230769230769 0.7313218390804598
0 0.1 0.4942528735632184 0.1 0.4956896551724138 0.10384615384615385 0.4956896551724138 0.10384615384615385 0.4942528735632184 0.1 0.4942528735632184
0 0.6153846153846154 0.20114942528735633 0.6153846153846154 0.2025862068965517 0.6230769230769231 0.2025862068965517 0.6230769230769231 0.20114942528735633 0.6153846153846154 0.20114942528735633
0 0.375 0.41810344827586204 0.375 0.41954022988505746 0.38461538461538464 0.41954022988505746 0.38461538461538464 0.41810344827586204 0.375 0.41810344827586204
0 0.20192307692307693 0.3204022988505747 0.20192307692307693 0.3218390804597701 0.2173076923076923 0.3218390804597701 0.2173076923076923 0.3204022988505747 0.20192307692307693 0.3204022988505747
0 0.9673076923076923 0.5301724137931034 0.9673076923076923 0.5316091954022989 0.9711538461538461 0.5316091954022989 0.9711538461538461 0.5301724137931034 0.9673076923076923 0.5301724137931034
0 0.29615384615384616 0.28735632183908044 0.29615384615384616 0.28879310344827586 0.3038461538461538 0.28879310344827586 0.3038461538461538 0.28735632183908044 0.29615384615384616 0.28735632183908044
0 1.1942307692307692 0.4238505747126437 1.1942307692307692 0.42528735632183906 1.2076923076923076 0.42528735632183906 1.2076923076923076 0.4238505747126437 1.1942307692307692 0.4238505747126437
0 0.5480769230769231 0.4468390804597701 0.5480769230769231 0.4482758620689655 0.5557692307692308 0.4482758620689655 0.5557692307692308 0.4468390804597701 0.5480769230769231 0.4468390804597701
0 0.1673076923076923 0.6537356321839081 0.1673076923076923 0.6551724137931034 0.17115384615384616 0.6551724137931034 0.17115384615384616 0.6537356321839081 0.1673076923076923 0.6537356321839081
0 1.175 0.46551724137931033 1.175 0.46695402298850575 1.2 0.46695402298850575 1.2 0.46551724137931033 1.175 0.46551724137931033
0 1.1134615384615385 0.22413793103448276 1.1134615384615385 0.22557471264367815 1.126923076923077 0.22557471264367815 1.126923076923077 0.22413793103448276 1.1134615384615385 0.22413793103448276
0 1.2884615384615385 0.5617816091954023 1.2884615384615385 0.5632183908045977 1.3057692307692308 0.5632183908045977 1.3057692307692308 0.5617816091954023 1.2884615384615385 0.5617816091954023
0 1.0288461538461537 0.610632183908046 1.0288461538461537 0.6120689655172413 1.0307692307692307 0.6120689655172413 1.0307692307692307 0.610632183908046 1.0288461538461537 0.610632183908046
0 0.8346153846153846 0.11206896551724138 0.8346153846153846 0.11350574712643678 0.8538461538461538 0.11350574712643678 0.8538461538461538 0.11206896551724138 0.8346153846153846 0.11206896551724138
0 0.5596153846153846 0.6939655172413793 0.5596153846153846 0.6954022988505747 0.575 0.6954022988505747 0.575 0.6939655172413793 0.5596153846153846 0.6939655172413793
0 0.10384615384615385 0.39655172413793105 0.10384615384615385 0.39798850574712646 0.12307692307692308 0.39798850574712646 0.12307692307692308 0.39655172413793105 0.10384615384615385 0.39655172413793105
0 1.0403846153846155 0.4885057471264368 1.0403846153846155 0.4899425287356322 1.0576923076923077 0.4899425287356322 1.0576923076923077 0.4885057471264368 1.0403846153846155 0.4885057471264368
0 0.7673076923076924 0.05172413793103448 0.7673076923076924 0.05316091954022988 0.7846153846153846 0.05316091954022988 0.7846153846153846 0.05172413793103448 0.7673076923076924 0.05172413793103448
0 1.3307692307692307 0.7155172413793104 1.3307692307692307 0.7169540229885057 1.3384615384615384 0.7169540229885057 1.3384615384615384 0.7155172413793104 1.3307692307692307 0.7155172413793104
0 0.5769230769230769 0.47270114942528735 0.5769230769230769 0.47413793103448276 0.5923076923076923 0.47413793103448276 0.5923076923076923 0.47270114942528735 0.5769230769230769 0.47270114942528735
0 1.3153846153846154 0.5158045977011494 1.3153846153846154 0.5172413793103449 1.3269230769230769 0.5172413793103449 1.3269230769230769 0.5158045977011494 1.3153846153846154 0.5158045977011494
0 0.3403846153846154 0.7341954022988506 0.3403846153846154 0.735632183908046 0.34615384615384615 0.735632183908046 0.34615384615384615 0.7341954022988506 0.3403846153846154 0.7341954022988506
0 1.05 0.2859195402298851 1.05 0.28735632183908044 1.0673076923076923 0.28735632183908044 1.0673076923076923 0.2859195402298851 1.05 0.2859195402298851
0 0.37115384615384617 0.492816091954023 0.37115384615384617 0.4942528735632184 0.375 0.4942528735632184 0.375 0.492816091954023 0.37115384615384617 0.492816091954023
0 0.6230769230769231 0.3620689655172414 0.6230769230769231 0.3635057471264368 0.6423076923076924 0.3635057471264368 0.6423076923076924 0.3620689655172414 0.6230769230769231 0.3620689655172414
0 0.7557692307692307 0.14942528735632185 0.7557692307692307 0.15086206896551724 0.7615384615384615 0.15086206896551724 0.7615384615384615 0.14942528735632185 0.7557692307692307 0.14942528735632185
0 1.2826923076923078 0.6795977011494253 1.2826923076923078 0.6810344827586207 1.3057692307692308 0.6810344827586207 1.3057692307692308 0.6795977011494253 1.2826923076923078 0.6795977011494253
0 0.7653846153846153 0.7169540229885057 0.7653846153846153 0.7183908045977011 0.7788461538461539 0.7183908045977011 0.7788461538461539 0.7169540229885057 0.7653846153846153 0.7169540229885057
0 0.575 0.7341954022988506 0.575 0.735632183908046 0.5807692307692308 0.735632183908046 0.5807692307692308 0.7341954022988506 0.575 0.7341954022988506