0 0.68359375 0.5625 0.68359375 0.565625 0.7421875 0.565625 0.7421875 0.5625 0.68359375 0.5625
0 0.3203125 0.6375 0.3203125 0.640625 0.3515625 0.640625 0.3515625 0.6375 0.3203125 0.6375
0 1.2109375 0.40625 1.2109375 0.409375 1.25 0.409375 1.25 0.40625 1.2109375 0.40625
0 0.23046875 0.196875 0.23046875 0.2 0.25 0.2 0.25 0.196875 0.23046875 0.196875
0 0.3515625 0.421875 0.3515625 0.425 0.37109375 0.425 0.37109375 0.421875 0.3515625 0.421875
0 1.15234375 0.296875 1.15234375 0.3 1.171875 0.3 1.171875 0.296875 1.15234375 0.296875
0 0.25 0.515625 0.25 0.51875 0.265625 0.51875 0.265625 0.515625 0.25 0.515625
0 1.04296875 0.3125 1.04296875 0.315625 1.0546875 0.315625 1.0546875 0.3125 1.04296875 0.3125
0 0.71484375 0.2875 0.71484375 0.290625 0.72265625 0.290625 0.72265625 0.2875 0.71484375 0.2875
0 1.02734375 0.665625 1.02734375 0.66875 1.05859375 0.66875 1.05859375 0.665625 1.02734375 0.665625
0 0.23046875 0.490625 0.23046875 0.49375 0.25 0.49375 0.25 0.490625 0.23046875 0.490625
0 0.60546875 0.203125 0.60546875 0.20625 0.62890625 0.20625 0.62890625 0.203125 0.60546875 0.203125
0 0.44140625 0.096875 0.44140625 0.1 0.4609375 0.1 0.4609375 0.096875 0.44140625 0.096875
0 0.8671875 0.53125 0.8671875 0.534375 0.890625 0.534375 0.890625 0.53125 0.8671875 0.53125
0 1.22265625 0.784375 1.22265625 0.7875 1.2421875 0.7875 1.2421875 0.784375 1.22265625 0.784375
0 0.90625 0.49375 0.90625 0.496875 0.9375 0.496875 0.9375 0.49375 0.90625 0.49375
0 0.58203125 0.04375 0.58203125 0.046875 0.62109375 0.046875 0.62109375 0.04375 0.58203125 0.04375
0 0.0 0.4375 0.0 0.440625 0.015625 0.440625 0.015625 0.4375 0.0 0.4375
0 0.0 0.6875 0.0 0.690625 0.00390625 0.690625 0.00390625 0.6875 0.0 0.6875
0 0.84375 0.425 0.84375 0.428125 0.84765625 0.428125 0.84765625 0.425 0.84375 0.425
0 0.1015625 0.534375 0.1015625 0.5375 0.1328125 0.5375 0.1328125 0.534375 0.1015625 0.534375
0 0.8828125 0.74375 0.8828125 0.746875 0.8984375 0.746875 0.8984375 0.74375 0.8828125 0.74375
0 1.0 0.7375 1.0 0.740625 1.0078125 0.740625 1.0078125 0.7375 1.0 0.7375
0 0.4609375 0.6375 0.4609375 0.640625 0.5 0.640625 0.5 0.6375 0.4609375 0.6375
0 0.6015625 0.759375 0.6015625 0.7625 0.62109375 0.7625 0.62109375 0.759375 0.6015625 0.759375
0 0.55859375 0.55 0.55859375 0.553125 0.578125 0.553125 0.578125 0.55 0.55859375 0.55
0 0.75 0.690625 0.75 0.69375 0.765625 0.69375 0.765625 0.690625 0.75 0.690625
0 0.50390625 0.2375 0.50390625 0.240625 0.515625 0.240625 0.515625 0.2375 0.50390625 0.2375
0 0.5625 0.61875 0.5625 0.621875 0.5703125 0.621875 0.5703125 0.61875 0.5625 0.61875
0 0.6796875 0.534375 0.6796875 0.5375 0.6953125 0.5375 0.6953125 0.534375 0.6796875 0.534375
0 0.48828125 0.471875 0.48828125 0.475 0.546875 0.475 0.546875 0.471875 0.48828125 0.471875
0 0.7109375 0.475 0.7109375 0.478125 0.75390625 0.478125 0.75390625 0.475 0.7109375 0.475
0 0.53125 0.103125 0.53125 0.10625 0.5703125 0.10625 0.5703125 0.103125 0.53125 0.103125
0 0.83984375 0.596875 0.83984375 0.6 0.85546875 0.6 0.85546875 0.596875 0.83984375 0.596875
0 0.2421875 0.73125 0.2421875 0.734375 0.27734375 0.734375 0.27734375 0.73125 0.2421875 0.73125
0 1.05078125 0.075 1.05078125 0.078125 1.0625 0.078125 1.0625 0.075 1.05078125 0.075
0 0.5 0.08125 0.5 0.084375 0.5078125 0.084375 0.5078125 0.08125 0.5 0.08125
0 0.70703125 0.15 0.70703125 0.153125 0.73046875 0.153125 0.73046875 0.15 0.70703125 0.15
0 0.265625 0.546875 0.265625 0.55 0.28515625 0.55 0.28515625 0.546875 0.265625 0.546875
0 0.03515625 0.009375 0.03515625 0.0125 0.0625 0.0125 0.0625 0.009375 0.03515625 0.009375
0 0.59375 0.134375 0.59375 0.1375 0.62109375 0.1375 0.62109375 0.134375 0.59375 0.134375
0 1.05859375 0.06875 1.05859375 0.071875 1.09765625 0.071875 1.09765625 0.06875 1.05859375 0.06875
0 1.24609375 0.06875 1.24609375 0.071875 1.25 0.071875 1.25 0.06875 1.24609375 0.06875
0 0.6171875 0.340625 0.6171875 0.34375 0.6328125 0.34375 0.6328125 0.340625 0.6171875 0.340625
0 0.79296875 0.03125 0.79296875 0.034375 0.82421875 0.034375 0.82421875 0.03125 0.79296875 0.03125
0 0.76953125 0.609375 0.76953125 0.6125 0.77734375 0.6125 0.77734375 0.609375 0.76953125 0.609375
0 0.390625 0.6875 0.390625 0.690625 0.421875 0.690625 0.421875 0.6875 0.390625 0.6875
0 0.82421875 0.0 0.82421875 0.003125 0.92578125 0.003125 0.92578125 0.0 0.82421875 0.0
0 0.765625 0.6125 0.765625 0.615625 0.79296875 0.615625 0.79296875 0.6125 0.765625 0.6125
0 0.6015625 0.128125 0.6015625 0.13125 0.6171875 0.13125 0.6171875 0.128125 0.6015625 0.128125
0 0.58203125 0.446875 0.58203125 0.45 0.6171875 0.45 0.6171875 0.446875 0.58203125 0.446875
0 1.0859375 0.24375 1.0859375 0.246875 1.1015625 0.246875 1.1015625 0.24375 1.0859375 0.24375
0 0.0 0.1625 0.0 0.165625 0.0078125 0.165625 0.0078125 0.1625 0.0 0.1625
0 0.296875 0.5375 0.296875 0.540625 0.34765625 0.540625 0.34765625 0.5375 0.296875 0.5375
0 0.3515625 0.29375 0.3515625 0.296875 0.37890625 0.296875 0.37890625 0.29375 0.3515625 0.29375
0 0.875 0.478125 0.875 0.48125 0.9140625 0.48125 0.9140625 0.478125 0.875 0.478125
0 0.54296875 0.7125 0.54296875 0.715625 0.5625 0.715625 0.5625 0.7125 0.54296875 0.7125
0 0.73828125 0.709375 0.73828125 0.7125 0.75390625 0.7125 0.75390625 0.709375 0.73828125 0.709375
0 0.72265625 0.459375 0.72265625 0.4625 0.7734375 0.4625 0.7734375 0.459375 0.72265625 0.459375
0 1.16015625 0.5375 1.16015625 0.540625 1.1953125 0.540625 1.1953125 0.5375 1.16015625 0.5375
0 0.98046875 0.41875 0.98046875 0.421875 1.015625 0.421875 1.015625 0.41875 0.98046875 0.41875
0 0.11328125 0.478125 0.11328125 0.48125 0.14453125 0.48125 0.14453125 0.478125 0.11328125 0.478125
0 0.6953125 0.115625 0.6953125 0.11875 0.7421875 0.11875 0.7421875 0.115625 0.6953125 0.115625
0 0.36328125 0.0 0.36328125 0.003125 0.46875 0.003125 0.46875 0.0 0.36328125 0.0
0 0.3359375 0.140625 0.3359375 0.14375 0.3515625 0.14375 0.3515625 0.140625 0.3359375 0.140625
0 1.22265625 0.5875 1.22265625 0.590625 1.2421875 0.590625 1.2421875 0.5875 1.22265625 0.5875
0 0.59765625 0.69375 0.59765625 0.696875 0.625 0.696875 0.625 0.69375 0.59765625 0.69375
0 0.36328125 0.609375 0.36328125 0.6125 0.38671875 0.6125 0.38671875 0.609375 0.36328125 0.609375
0 0.58203125 0.675 0.58203125 0.678125 0.62890625 0.678125 0.62890625 0.675 0.58203125 0.675
0 0.7265625 0.73125 0.7265625 0.734375 0.7578125 0.734375 0.7578125 0.73125 0.7265625 0.73125
0 0.4921875 0.0 0.4921875 0.003125 0.578125 0.003125 0.578125 0.0 0.4921875 0.0
0 0.54296875 0.0875 0.54296875 0.090625 0.5546875 0.090625 0.5546875 0.0875 0.54296875 0.0875
0 1.24609375 0.621875 1.24609375 0.625 1.25 0.625 1.25 0.621875 1.24609375 0.621875
0 0.49609375 0.53125 0.49609375 0.534375 0.5 0.534375 0.5 0.53125 0.49609375 0.53125
0 0.41796875 0.621875 0.41796875 0.625 0.4453125 0.625 0.4453125 0.621875 0.41796875 0.621875
0 0.77734375 0.659375 0.77734375 0.6625 0.80859375 0.6625 0.80859375 0.659375 0.77734375 0.659375
0 0.69140625 0.490625 0.69140625 0.49375 0.73046875 0.49375 0.73046875 0.490625 0.69140625 0.490625
0 1.12109375 0.18125 1.12109375 0.184375 1.13671875 0.184375 1.13671875 0.18125 1.12109375 0.18125
0 0.38671875 0.40625 0.38671875 0.409375 0.4296875 0.409375 0.4296875 0.40625 0.38671875 0.40625
0 0.1953125 0.065625 0.1953125 0.06875 0.21484375 0.06875 0.21484375 0.065625 0.1953125 0.065625
0 0.34375 0.478125 0.34375 0.48125 0.359375 0.48125 0.359375 0.478125 0.34375 0.478125
0 0.3125 0.353125 0.3125 0.35625 0.33203125 0.35625 0.33203125 0.353125 0.3125 0.353125
0 1.15625 0.675 1.15625 0.678125 1.16796875 0.678125 1.16796875 0.675 1.15625 0.675