0 1.10546875 0.48125 1.10546875 0.484375 1.23046875 0.484375 1.23046875 0.48125 1.10546875 0.48125
0 0.9921875 0.7375 0.9921875 0.740625 1.0 0.740625 1.0 0.7375 0.9921875 0.7375
0 0.98046875 0.6375 0.98046875 0.640625 0.984375 0.640625 0.984375 0.6375 0.98046875 0.6375
0 0.9140625 0.29375 0.9140625 0.296875 0.9453125 0.296875 0.9453125 0.29375 0.9140625 0.29375
0 0.25390625 0.546875 0.25390625 0.55 0.30859375 0.55 0.30859375 0.546875 0.25390625 0.546875
0 0.96875 0.553125 0.96875 0.55625 0.9921875 0.55625 0.9921875 0.553125 0.96875 0.553125
0 0.62109375 0.778125 0.62109375 0.78125 0.62890625 0.78125 0.62890625 0.778125 0.62109375 0.778125
0 0.37109375 0.590625 0.37109375 0.59375 0.41796875 0.59375 0.41796875 0.590625 0.37109375 0.590625
0 0.0 0.0 0.0 0.003125 0.0234375 0.003125 0.0234375 0.0 0.0 0.0
0 0.75 0.128125 0.75 0.13125 0.765625 0.13125 0.765625 0.128125 0.75 0.128125
0 0.1796875 0.678125 0.1796875 0.68125 0.19921875 0.68125 0.19921875 0.678125 0.1796875 0.678125