0 0.6961538461538461 0.6939655172413793 0.6961538461538461 0.6954022988505747 0.7115384615384616 0.6954022988505747 0.7115384615384616 0.6939655172413793 0.6961538461538461 0.6939655172413793
0 0.6711538461538461 0.08908045977011494 0.6711538461538461 0.09051724137931035 0.6826923076923077 0.09051724137931035 0.6826923076923077 0.08908045977011494 0.6711538461538461 0.08908045977011494
0 0.3192307692307692 0.5316091954022989 0.3192307692307692 0.5330459770114943 0.32884615384615384 0.5330459770114943 0.32884615384615384 0.5316091954022989 0.3192307692307692 0.5316091954022989
0 0.5307692307692308 0.5474137931034483 0.5307692307692308 0.5488505747126436 0.5384615384615384 0.5488505747126436 0.5384615384615384 0.5474137931034483 0.5307692307692308 0.5474137931034483
0 1.0 0.1867816091954023 1.0 0.1882183908045977 1.0038461538461538 0.1882183908045977 1.0038461538461538 0.1867816091954023 1.0 0.1867816091954023
0 1.3211538461538461 0.4295977011494253 1.3211538461538461 0.43103448275862066 1.3307692307692307 0.43103448275862066 1.3307692307692307 0.4295977011494253 1.3211538461538461 0.4295977011494253
0 0.9365384615384615 0.617816091954023 0.9365384615384615 0.6192528735632183 0.95 0.6192528735632183 0.95 0.617816091954023 0.9365384615384615 0.617816091954023
0 1.3269230769230769 0.5057471264367817 1.3269230769230769 0.507183908045977 1.3307692307692307 0.507183908045977 1.3307692307692307 0.5057471264367817 1.3269230769230769 0.5057471264367817
0 0.34807692307692306 0.0 0.34807692307692306 0.0014367816091954023 0.4153846153846154 0.0014367816091954023 0.4153846153846154 0.0 0.34807692307692306 0.0
0 0.5634615384615385 0.3017241379310345 0.5634615384615385 0.3031609195402299 0.5788461538461539 0.3031609195402299 0.5788461538461539 0.3017241379310345 0.5634615384615385 0.3017241379310345
0 0.7634615384615384 0.7083333333333334 0.7634615384615384 0.7097701149425287 0.7769230769230769 0.7097701149425287 0.7769230769230769 0.7083333333333334 0.7634615384615384 0.7083333333333334
0 1.3096153846153846 0.1997126436781609 1.3096153846153846 0.20114942528735633 1.3288461538461538 0.20114942528735633 1.3288461538461538 0.1997126436781609 1.3096153846153846 0.1997126436781609
0 0.5596153846153846 0.05028735632183908 0.5596153846153846 0.05172413793103448 0.5634615384615385 0.05172413793103448 0.5634615384615385 0.05028735632183908 0.5596153846153846 0.05028735632183908
0 0.5153846153846153 0.7327586206896551 0.5153846153846153 0.7341954022988506 0.5365384615384615 0.7341954022988506 0.5365384615384615 0.7327586206896551 0.5153846153846153 0.7327586206896551
0 0.27115384615384613 0.2514367816091954 0.27115384615384613 0.25287356321839083 0.2826923076923077 0.25287356321839083 0.2826923076923077 0.2514367816091954 0.27115384615384613 0.2514367816091954
0 0.18076923076923077 0.1925287356321839 0.18076923076923077 0.1939655172413793 0.19038461538461537 0.1939655172413793 0.19038461538461537 0.1925287356321839 0.18076923076923077 0.1925287356321839
0 0.7846153846153846 0.22701149425287356 0.7846153846153846 0.22844827586206898 0.7923076923076923 0.22844827586206898 0.7923076923076923 0.22701149425287356 0.7846153846153846 0.22701149425287356
0 0.05 0.16954022988505746 0.05 0.17097701149425287 0.06153846153846154 0.17097701149425287 0.06153846153846154 0.16954022988505746 0.05 0.16954022988505746
0 0.6673076923076923 0.639367816091954 0.6673076923076923 0.6408045977011494 0.6730769230769231 0.6408045977011494 0.6730769230769231 0.639367816091954 0.6673076923076923 0.639367816091954
0 1.1807692307692308 0.7040229885057471 1.1807692307692308 0.7054597701149425 1.1884615384615385 0.7054597701149425 1.1884615384615385 0.7040229885057471 1.1807692307692308 0.7040229885057471
0 0.38846153846153847 0.16666666666666666 0.38846153846153847 0.16810344827586207 0.40384615384615385 0.16810344827586207 0.40384615384615385 0.16666666666666666 0.38846153846153847 0.16666666666666666
0 0.019230769230769232 0.0 0.019230769230769232 0.0014367816091954023 0.04230769230769231 0.0014367816091954023 0.04230769230769231 0.0 0.019230769230769232 0.0
0 1.2615384615384615 0.5761494252873564 1.2615384615384615 0.5775862068965517 1.2692307692307692 0.5775862068965517 1.2692307692307692 0.5761494252873564 1.2615384615384615 0.5761494252873564
0 0.2653846153846154 0.5272988505747126 0.2653846153846154 0.5287356321839081 0.27115384615384613 0.5287356321839081 0.27115384615384613 0.5272988505747126 0.2653846153846154 0.5272988505747126
0 0.5557692307692308 0.16379310344827586 0.5557692307692308 0.16522988505747127 0.5615384615384615 0.16522988505747127 0.5615384615384615 0.16379310344827586 0.5557692307692308 0.16379310344827586
0 1.1211538461538462 0.5603448275862069 1.1211538461538462 0.5617816091954023 1.1365384615384615 0.5617816091954023 1.1365384615384615 0.5603448275862069 1.1211538461538462 0.5603448275862069
0 0.24807692307692308 0.08908045977011494 0.24807692307692308 0.09051724137931035 0.2519230769230769 0.09051724137931035 0.2519230769230769 0.08908045977011494 0.24807692307692308 0.08908045977011494
0 0.8846153846153846 0.47701149425287354 0.8846153846153846 0.47844827586206895 0.8961538461538462 0.47844827586206895 0.8961538461538462 0.47701149425287354 0.8846153846153846 0.47701149425287354
0 0.19615384615384615 0.382183908045977 0.19615384615384615 0.38362068965517243 0.20576923076923076 0.38362068965517243 0.20576923076923076 0.382183908045977 0.19615384615384615 0.382183908045977
0 0.22884615384615384 0.05890804597701149 0.22884615384615384 0.0603448275862069 0.24807692307692308 0.0603448275862069 0.24807692307692308 0.05890804597701149 0.22884615384615384 0.05890804597701149
0 0.7038461538461539 0.27155172413793105 0.7038461538461539 0.27298850574712646 0.7173076923076923 0.27298850574712646 0.7173076923076923 0.27155172413793105 0.7038461538461539 0.27155172413793105
0 0.8403846153846154 0.3218390804597701 0.8403846153846154 0.3232758620689655 0.8576923076923076 0.3232758620689655 0.8576923076923076 0.3218390804597701 0.8403846153846154 0.3218390804597701
0 0.425 0.008620689655172414 0.425 0.010057471264367816 0.43653846153846154 0.010057471264367816 0.43653846153846154 0.008620689655172414 0.425 0.008620689655172414
0 0.8326923076923077 0.6379310344827587 0.8326923076923077 0.639367816091954 0.8442307692307692 0.639367816091954 0.8442307692307692 0.6379310344827587 0.8326923076923077 0.6379310344827587
0 1.1596153846153847 0.39655172413793105 1.1596153846153847 0.39798850574712646 1.1653846153846155 0.39798850574712646 1.1653846153846155 0.39655172413793105 1.1596153846153847 0.39655172413793105
0 0.5384615384615384 0.34339080459770116 0.5384615384615384 0.3448275862068966 0.5538461538461539 0.3448275862068966 0.5538461538461539 0.34339080459770116 0.5384615384615384 0.34339080459770116
0 1.123076923076923 0.3879310344827586 1.123076923076923 0.38936781609195403 1.1288461538461538 0.38936781609195403 1.1288461538461538 0.3879310344827586 1.123076923076923 0.3879310344827586
0 0.7442307692307693 0.5387931034482759 0.7442307692307693 0.5402298850574713 0.7538461538461538 0.5402298850574713 0.7538461538461538 0.5387931034482759 0.7442307692307693 0.5387931034482759
0 0.8634615384615385 0.09626436781609195 0.8634615384615385 0.09770114942528736 0.8769230769230769 0.09770114942528736 0.8769230769230769 0.09626436781609195 0.8634615384615385 0.09626436781609195
0 0.7557692307692307 0.2471264367816092 0.7557692307692307 0.24856321839080459 0.7730769230769231 0.24856321839080459 0.7730769230769231 0.2471264367816092 0.7557692307692307 0.2471264367816092
0 0.5019230769230769 0.382183908045977 0.5019230769230769 0.38362068965517243 0.5096153846153846 0.38362068965517243 0.5096153846153846 0.382183908045977 0.5019230769230769 0.382183908045977
0 0.2865384615384615 0.27011494252873564 0.2865384615384615 0.27155172413793105 0.3038461538461538 0.27155172413793105 0.3038461538461538 0.27011494252873564 0.2865384615384615 0.27011494252873564
0 0.057692307692307696 0.3505747126436782 0.057692307692307696 0.35201149425287354 0.07307692307692308 0.35201149425287354 0.07307692307692308 0.3505747126436782 0.057692307692307696 0.3505747126436782
0 0.23653846153846153 0.40229885057471265 0.23653846153846153 0.40373563218390807 0.25769230769230766 0.40373563218390807 0.25769230769230766 0.40229885057471265 0.23653846153846153 0.40229885057471265
0 0.6576923076923077 0.24281609195402298 0.6576923076923077 0.2442528735632184 0.6634615384615384 0.2442528735632184 0.6634615384615384 0.24281609195402298 0.6576923076923077 0.24281609195402298
0 0.8576923076923076 0.3146551724137931 0.8576923076923076 0.3160919540229885 0.875 0.3160919540229885 0.875 0.3146551724137931 0.8576923076923076 0.3146551724137931
0 1.325 0.10632183908045977 1.325 0.10775862068965517 1.3384615384615384 0.10775862068965517 1.3384615384615384 0.10632183908045977 1.325 0.10632183908045977
0 0.8307692307692308 0.2413793103448276 0.8307692307692308 0.24281609195402298 0.8480769230769231 0.24281609195402298 0.8480769230769231 0.2413793103448276 0.8307692307692308 0.2413793103448276
0 0.31346153846153846 0.14511494252873564 0.31346153846153846 0.14655172413793102 0.3230769230769231 0.14655172413793102 0.3230769230769231 0.14511494252873564 0.31346153846153846 0.14511494252873564
0 1.2096153846153845 0.4813218390804598 1.2096153846153845 0.4827586206896552 1.228846153846154 0.4827586206896552 1.228846153846154 0.4813218390804598 1.2096153846153845 0.4813218390804598
0 0.16153846153846155 0.521551724137931 0.16153846153846155 0.5229885057471264 0.175 0.5229885057471264 0.175 0.521551724137931 0.16153846153846155 0.521551724137931
0 0.8519230769230769 0.6695402298850575 0.8519230769230769 0.6709770114942529 0.8576923076923076 0.6709770114942529 0.8576923076923076 0.6695402298850575 0.8519230769230769 0.6695402298850575
0 0.4480769230769231 0.49712643678160917 0.4480769230769231 0.4985632183908046 0.45384615384615384 0.4985632183908046 0.45384615384615384 0.49712643678160917 0.4480769230769231 0.49712643678160917
0 0.14615384615384616 0.13505747126436782 0.14615384615384616 0.13649425287356323 0.15 0.13649425287356323 0.15 0.13505747126436782 0.14615384615384616 0.13505747126436782
0 0.06346153846153846 0.3175287356321839 0.06346153846153846 0.31896551724137934 0.07692307692307693 0.31896551724137934 0.07692307692307693 0.3175287356321839 0.06346153846153846 0.3175287356321839
0 1.0615384615384615 0.41954022988505746 1.0615384615384615 0.4209770114942529 1.0846153846153845 0.4209770114942529 1.0846153846153845 0.41954022988505746 1.0615384615384615 0.41954022988505746
0 0.4403846153846154 0.31896551724137934 0.4403846153846154 0.3204022988505747 0.4519230769230769 0.3204022988505747 0.4519230769230769 0.31896551724137934 0.4403846153846154 0.31896551724137934
0 0.5711538461538461 0.1839080459770115 0.5711538461538461 0.1853448275862069 0.5942307692307692 0.1853448275862069 0.5942307692307692 0.1839080459770115 0.5711538461538461 0.1839080459770115
0 0.14615384615384616 0.31896551724137934 0.14615384615384616 0.3204022988505747 0.16346153846153846 0.3204022988505747 0.16346153846153846 0.31896551724137934 0.14615384615384616 0.31896551724137934
0 0.2173076923076923 0.5862068965517241 0.2173076923076923 0.5876436781609196 0.2230769230769231 0.5876436781609196 0.2230769230769231 0.5862068965517241 0.2173076923076923 0.5862068965517241
0 0.8557692307692307 0.29454022988505746 0.8557692307692307 0.2959770114942529 0.8788461538461538 0.2959770114942529 0.8788461538461538 0.29454022988505746 0.8557692307692307 0.29454022988505746
0 0.6192307692307693 0.0 0.6192307692307693 0.0014367816091954023 0.6538461538461539 0.0014367816091954023 0.6538461538461539 0.0 0.6192307692307693 0.0
0 0.948076923076923 0.0603448275862069 0.948076923076923 0.0617816091954023 0.9576923076923077 0.0617816091954023 0.9576923076923077 0.0603448275862069 0.948076923076923 0.0603448275862069
0 1.25 0.19827586206896552 1.25 0.1997126436781609 1.2538461538461538 0.1997126436781609 1.2538461538461538 0.19827586206896552 1.25 0.19827586206896552
0 0.8923076923076924 0.38936781609195403 0.8923076923076924 0.39080459770114945 0.9038461538461539 0.39080459770114945 0.9038461538461539 0.38936781609195403 0.8923076923076924 0.38936781609195403
0 0.03461538461538462 0.3390804597701149 0.03461538461538462 0.34051724137931033 0.03653846153846154 0.34051724137931033 0.03653846153846154 0.3390804597701149 0.03461538461538462 0.3390804597701149
0 0.6846153846153846 0.7327586206896551 0.6846153846153846 0.7341954022988506 0.6961538461538461 0.7341954022988506 0.6961538461538461 0.7327586206896551 0.6846153846153846 0.7327586206896551
0 0.95 0.7068965517241379 0.95 0.7083333333333334 0.9538461538461539 0.7083333333333334 0.9538461538461539 0.7068965517241379 0.95 0.7068965517241379
0 0.8673076923076923 0.7126436781609196 0.8673076923076923 0.7140804597701149 0.8846153846153846 0.7140804597701149 0.8846153846153846 0.7126436781609196 0.8673076923076923 0.7126436781609196
0 0.22692307692307692 0.21551724137931033 0.22692307692307692 0.21695402298850575 0.23076923076923078 0.21695402298850575 0.23076923076923078 0.21551724137931033 0.22692307692307692 0.21551724137931033
0 1.0788461538461538 0.05316091954022988 1.0788461538461538 0.05459770114942529 1.103846153846154 0.05459770114942529 1.103846153846154 0.05316091954022988 1.0788461538461538 0.05316091954022988
0 0.1423076923076923 0.0 0.1423076923076923 0.0014367816091954023 0.19423076923076923 0.0014367816091954023 0.19423076923076923 0.0 0.1423076923076923 0.0
0 0.6346153846153846 0.4870689655172414 0.6346153846153846 0.4885057471264368 0.6461538461538462 0.4885057471264368 0.6461538461538462 0.4870689655172414 0.6346153846153846 0.4870689655172414
0 1.3173076923076923 0.32471264367816094 1.3173076923076923 0.3261494252873563 1.325 0.3261494252873563 1.325 0.32471264367816094 1.3173076923076923 0.32471264367816094
0 0.8057692307692308 0.031609195402298854 0.8057692307692308 0.033045977011494254 0.8192307692307692 0.033045977011494254 0.8192307692307692 0.031609195402298854 0.8057692307692308 0.031609195402298854
0 0.2423076923076923 0.4224137931034483 0.2423076923076923 0.4238505747126437 0.25769230769230766 0.4238505747126437 0.25769230769230766 0.4224137931034483 0.2423076923076923 0.4224137931034483
0 1.1423076923076922 0.36637931034482757 1.1423076923076922 0.367816091954023 1.1442307692307692 0.367816091954023 1.1442307692307692 0.36637931034482757 1.1423076923076922 0.36637931034482757
0 0.8134615384615385 0.04310344827586207 0.8134615384615385 0.04454022988505747 0.823076923076923 0.04454022988505747 0.823076923076923 0.04310344827586207 0.8134615384615385 0.04310344827586207
0 0.08269230769230769 0.6005747126436781 0.08269230769230769 0.6020114942528736 0.08846153846153847 0.6020114942528736 0.08846153846153847 0.6005747126436781 0.08269230769230769 0.6005747126436781
0 0.5846153846153846 0.04741379310344827 0.5846153846153846 0.04885057471264368 0.5884615384615385 0.04885057471264368 0.5884615384615385 0.04741379310344827 0.5846153846153846 0.04741379310344827
0 0.3019230769230769 0.48563218390804597 0.3019230769230769 0.4870689655172414 0.31153846153846154 0.4870689655172414 0.31153846153846154 0.48563218390804597 0.3019230769230769 0.48563218390804597
0 0.39615384615384613 0.5617816091954023 0.39615384615384613 0.5632183908045977 0.40576923076923077 0.5632183908045977 0.40576923076923077 0.5617816091954023 0.39615384615384613 0.5617816091954023
0 0.31346153846153846 0.35201149425287354 0.31346153846153846 0.35344827586206895 0.32884615384615384 0.35344827586206895 0.32884615384615384 0.35201149425287354 0.31346153846153846 0.35201149425287354
0 0.6269230769230769 0.09913793103448276 0.6269230769230769 0.10057471264367816 0.6423076923076924 0.10057471264367816 0.6423076923076924 0.09913793103448276 0.6269230769230769 0.09913793103448276
0 0.9826923076923076 0.15229885057471265 0.9826923076923076 0.15373563218390804 1.0 0.15373563218390804 1.0 0.15229885057471265 0.9826923076923076 0.15229885057471265
0 0.5711538461538461 0.7025862068965517 0.5711538461538461 0.7040229885057471 0.6134615384615385 0.7040229885057471 0.6134615384615385 0.7025862068965517 0.5711538461538461 0.7025862068965517
0 1.1115384615384616 0.14080459770114942 1.1115384615384616 0.14224137931034483 1.1211538461538462 0.14224137931034483 1.1211538461538462 0.14080459770114942 1.1115384615384616 0.14080459770114942
0 1.2865384615384616 0.2988505747126437 1.2865384615384616 0.30028735632183906 1.3 0.30028735632183906 1.3 0.2988505747126437 1.2865384615384616 0.2988505747126437
0 1.2846153846153847 0.6681034482758621 1.2846153846153847 0.6695402298850575 1.2923076923076924 0.6695402298850575 1.2923076923076924 0.6681034482758621 1.2846153846153847 0.6681034482758621
0 0.9346153846153846 0.0 0.9346153846153846 0.0014367816091954023 0.9923076923076923 0.0014367816091954023 0.9923076923076923 0.0 0.9346153846153846 0.0
0 0.023076923076923078 0.6681034482758621 0.023076923076923078 0.6695402298850575 0.032692307692307694 0.6695402298850575 0.032692307692307694 0.6681034482758621 0.023076923076923078 0.6681034482758621
0 0.3076923076923077 0.28735632183908044 0.3076923076923077 0.28879310344827586 0.31346153846153846 0.28879310344827586 0.31346153846153846 0.28735632183908044 0.3076923076923077 0.28735632183908044
0 1.125 0.4956896551724138 1.125 0.49712643678160917 1.1307692307692307 0.49712643678160917 1.1307692307692307 0.4956896551724138 1.125 0.4956896551724138
0 0.16923076923076924 0.4698275862068966 0.16923076923076924 0.47126436781609193 0.18846153846153846 0.47126436781609193 0.18846153846153846 0.4698275862068966 0.16923076923076924 0.4698275862068966
0 0.6384615384615384 0.6307471264367817 0.6384615384615384 0.632183908045977 0.6557692307692308 0.632183908045977 0.6557692307692308 0.6307471264367817 0.6384615384615384 0.6307471264367817
0 0.9865384615384616 0.3706896551724138 0.9865384615384616 0.37212643678160917 1.025 0.37212643678160917 1.025 0.3706896551724138 0.9865384615384616 0.3706896551724138
0 1.0673076923076923 0.10919540229885058 1.0673076923076923 0.11063218390804598 1.0826923076923076 0.11063218390804598 1.0826923076923076 0.10919540229885058 1.0673076923076923 0.10919540229885058
0 1.3346153846153845 0.4468390804597701 1.3346153846153845 0.4482758620689655 1.3384615384615384 0.4482758620689655 1.3384615384615384 0.4468390804597701 1.3346153846153845 0.4468390804597701
0 1.0326923076923078 0.3807471264367816 1.0326923076923078 0.382183908045977 1.0423076923076924 0.382183908045977 1.0423076923076924 0.3807471264367816 1.0326923076923078 0.3807471264367816
0 1.3134615384615385 0.6091954022988506 1.3134615384615385 0.610632183908046 1.3307692307692307 0.610632183908046 1.3307692307692307 0.6091954022988506 1.3134615384615385 0.6091954022988506
0 0.875 0.382183908045977 0.875 0.38362068965517243 0.8961538461538462 0.38362068965517243 0.8961538461538462 0.382183908045977 0.875 0.382183908045977
0 1.0673076923076923 0.4295977011494253 1.0673076923076923 0.43103448275862066 1.0865384615384615 0.43103448275862066 1.0865384615384615 0.4295977011494253 1.0673076923076923 0.4295977011494253
0 0.43653846153846154 0.27155172413793105 0.43653846153846154 0.27298850574712646 0.45 0.27298850574712646 0.45 0.27155172413793105 0.43653846153846154 0.27155172413793105
0 0.7269230769230769 0.5272988505747126 0.7269230769230769 0.5287356321839081 0.7384615384615385 0.5287356321839081 0.7384615384615385 0.5272988505747126 0.7269230769230769 0.5272988505747126
0 0.6923076923076923 0.0 0.6923076923076923 0.0014367816091954023 0.7230769230769231 0.0014367816091954023 0.7230769230769231 0.0 0.6923076923076923 0.0
0 0.015384615384615385 0.382183908045977 0.015384615384615385 0.38362068965517243 0.038461538461538464 0.38362068965517243 0.038461538461538464 0.382183908045977 0.015384615384615385 0.382183908045977
0 0.5403846153846154 0.15373563218390804 0.5403846153846154 0.15517241379310345 0.5442307692307692 0.15517241379310345 0.5442307692307692 0.15373563218390804 0.5403846153846154 0.15373563218390804
0 1.25 0.5287356321839081 1.25 0.5301724137931034 1.2576923076923077 0.5301724137931034 1.2576923076923077 0.5287356321839081 1.25 0.5287356321839081
0 1.0576923076923077 0.6522988505747126 1.0576923076923077 0.6537356321839081 1.0769230769230769 0.6537356321839081 1.0769230769230769 0.6522988505747126 1.0576923076923077 0.6522988505747126
0 0.18653846153846154 0.2543103448275862 0.18653846153846154 0.2557471264367816 0.20192307692307693 0.2557471264367816 0.20192307692307693 0.2543103448275862 0.18653846153846154 0.2543103448275862
0 0.9846153846153847 0.11781609195402298 0.9846153846153847 0.11925287356321838 0.9961538461538462 0.11925287356321838 0.9961538461538462 0.11781609195402298 0.9846153846153847 0.11781609195402298
0 1.0384615384615385 0.22844827586206898 1.0384615384615385 0.22988505747126436 1.0423076923076924 0.22988505747126436 1.0423076923076924 0.22844827586206898 1.0384615384615385 0.22844827586206898
0 1.1346153846153846 0.4224137931034483 1.1346153846153846 0.4238505747126437 1.1442307692307692 0.4238505747126437 1.1442307692307692 0.4224137931034483 1.1346153846153846 0.4224137931034483
0 0.13846153846153847 0.7313218390804598 0.13846153846153847 0.7327586206896551 0.14423076923076922 0.7327586206896551 0.14423076923076922 0.7313218390804598 0.13846153846153847 0.7313218390804598
0 0.7865384615384615 0.05747126436781609 0.7865384615384615 0.05890804597701149 0.8 0.05890804597701149 0.8 0.05747126436781609 0.7865384615384615 0.05747126436781609
0 0.6826923076923077 0.3017241379310345 0.6826923076923077 0.3031609195402299 0.6865384615384615 0.3031609195402299 0.6865384615384615 0.3017241379310345 0.6826923076923077 0.3017241379310345
0 0.4326923076923077 0.021551724137931036 0.4326923076923077 0.022988505747126436 0.43846153846153846 0.022988505747126436 0.43846153846153846 0.021551724137931036 0.4326923076923077 0.021551724137931036
0 1.1403846153846153 0.7040229885057471 1.1403846153846153 0.7054597701149425 1.1519230769230768 0.7054597701149425 1.1519230769230768 0.7040229885057471 1.1403846153846153 0.7040229885057471
0 1.1903846153846154 0.28160919540229884 1.1903846153846154 0.28304597701149425 1.2173076923076922 0.28304597701149425 1.2173076923076922 0.28160919540229884 1.1903846153846154 0.28160919540229884
0 0.7923076923076923 0.610632183908046 0.7923076923076923 0.6120689655172413 0.801923076923077 0.6120689655172413 0.801923076923077 0.610632183908046 0.7923076923076923 0.610632183908046
0 0.8576923076923076 0.5790229885057471 0.8576923076923076 0.5804597701149425 0.8653846153846154 0.5804597701149425 0.8653846153846154 0.5790229885057471 0.8576923076923076 0.5790229885057471
0 1.0365384615384616 0.4942528735632184 1.0365384615384616 0.4956896551724138 1.051923076923077 0.4956896551724138 1.051923076923077 0.4942528735632184 1.0365384615384616 0.4942528735632184
0 1.325 0.6307471264367817 1.325 0.632183908045977 1.3384615384615384 0.632183908045977 1.3384615384615384 0.6307471264367817 1.325 0.6307471264367817
0 0.015384615384615385 0.22844827586206898 0.015384615384615385 0.22988505747126436 0.025 0.22988505747126436 0.025 0.22844827586206898 0.015384615384615385 0.22844827586206898
0 0.2403846153846154 0.23850574712643677 0.2403846153846154 0.23994252873563218 0.25769230769230766 0.23994252873563218 0.25769230769230766 0.23850574712643677 0.2403846153846154 0.23850574712643677
0 1.3192307692307692 0.3864942528735632 1.3192307692307692 0.3879310344827586 1.3307692307692307 0.3879310344827586 1.3307692307692307 0.3864942528735632 1.3192307692307692 0.3864942528735632
0 0.8173076923076923 0.3448275862068966 0.8173076923076923 0.34626436781609193 0.8403846153846154 0.34626436781609193 0.8403846153846154 0.3448275862068966 0.8173076923076923 0.3448275862068966
0 0.9769230769230769 0.6695402298850575 0.9769230769230769 0.6709770114942529 0.9846153846153847 0.6709770114942529 0.9846153846153847 0.6695402298850575 0.9769230769230769 0.6695402298850575
0 0.7692307692307693 0.2859195402298851 0.7692307692307693 0.28735632183908044 0.801923076923077 0.28735632183908044 0.801923076923077 0.2859195402298851 0.7692307692307693 0.2859195402298851
0 0.057692307692307696 0.4224137931034483 0.057692307692307696 0.4238505747126437 0.06346153846153846 0.4238505747126437 0.06346153846153846 0.4224137931034483 0.057692307692307696 0.4224137931034483
0 1.2903846153846155 0.06609195402298851 1.2903846153846155 0.06752873563218391 1.2961538461538462 0.06752873563218391 1.2961538461538462 0.06609195402298851 1.2903846153846155 0.06609195402298851
0 0.03076923076923077 0.6408045977011494 0.03076923076923077 0.6422413793103449 0.046153846153846156 0.6422413793103449 0.046153846153846156 0.6408045977011494 0.03076923076923077 0.6408045977011494
0 0.7653846153846153 0.10919540229885058 0.7653846153846153 0.11063218390804598 0.7730769230769231 0.11063218390804598 0.7730769230769231 0.10919540229885058 0.7653846153846153 0.10919540229885058
0 1.2461538461538462 0.382183908045977 1.2461538461538462 0.38362068965517243 1.2653846153846153 0.38362068965517243 1.2653846153846153 0.382183908045977 1.2461538461538462 0.382183908045977
0 1.2211538461538463 0.13936781609195403 1.2211538461538463 0.14080459770114942 1.226923076923077 0.14080459770114942 1.226923076923077 0.13936781609195403 1.2211538461538463 0.13936781609195403
0 1.3153846153846154 0.5646551724137931 1.3153846153846154 0.5660919540229885 1.325 0.5660919540229885 1.325 0.5646551724137931 1.3153846153846154 0.5646551724137931
0 1.0980769230769232 0.6278735632183908 1.0980769230769232 0.6293103448275862 1.103846153846154 0.6293103448275862 1.103846153846154 0.6278735632183908 1.0980769230769232 0.6278735632183908
0 0.6923076923076923 0.5531609195402298 0.6923076923076923 0.5545977011494253 0.7134615384615385 0.5545977011494253 0.7134615384615385 0.5531609195402298 0.6923076923076923 0.5531609195402298
0 0.4307692307692308 0.5689655172413793 0.4307692307692308 0.5704022988505747 0.4346153846153846 0.5704022988505747 0.4346153846153846 0.5689655172413793 0.4307692307692308 0.5689655172413793
0 0.9519230769230769 0.4755747126436782 0.9519230769230769 0.47701149425287354 0.9653846153846154 0.47701149425287354 0.9653846153846154 0.4755747126436782 0.9519230769230769 0.4755747126436782
0 0.8038461538461539 0.3103448275862069 0.8038461538461539 0.3117816091954023 0.8076923076923077 0.3117816091954023 0.8076923076923077 0.3103448275862069 0.8038461538461539 0.3103448275862069
0 0.34807692307692306 0.22270114942528735 0.34807692307692306 0.22413793103448276 0.3576923076923077 0.22413793103448276 0.3576923076923077 0.22270114942528735 0.34807692307692306 0.22270114942528735
0 1.1153846153846154 0.47701149425287354 1.1153846153846154 0.47844827586206895 1.1192307692307693 0.47844827586206895 1.1192307692307693 0.47701149425287354 1.1153846153846154 0.47701149425287354
0 0.7192307692307692 0.05316091954022988 0.7192307692307692 0.05459770114942529 0.7288461538461538 0.05459770114942529 0.7288461538461538 0.05316091954022988 0.7192307692307692 0.05316091954022988
0 0.9288461538461539 0.12931034482758622 0.9288461538461539 0.1307471264367816 0.9365384615384615 0.1307471264367816 0.9365384615384615 0.12931034482758622 0.9288461538461539 0.12931034482758622
0 1.225 0.492816091954023 1.225 0.4942528735632184 1.2365384615384616 0.4942528735632184 1.2365384615384616 0.492816091954023 1.225 0.492816091954023
0 1.1961538461538461 0.5043103448275862 1.1961538461538461 0.5057471264367817 1.2 0.5057471264367817 1.2 0.5043103448275862 1.1961538461538461 0.5043103448275862
0 0.22692307692307692 0.16666666666666666 0.22692307692307692 0.16810344827586207 0.22884615384615384 0.16810344827586207 0.22884615384615384 0.16666666666666666 0.22692307692307692 0.16666666666666666
0 0.9442307692307692 0.33764367816091956 0.9442307692307692 0.3390804597701149 0.9576923076923077 0.3390804597701149 0.9576923076923077 0.33764367816091956 0.9442307692307692 0.33764367816091956
0 0.028846153846153848 0.49712643678160917 0.028846153846153848 0.4985632183908046 0.04230769230769231 0.4985632183908046 0.04230769230769231 0.49712643678160917 0.028846153846153848 0.49712643678160917
0 0.1346153846153846 0.45545977011494254 0.1346153846153846 0.45689655172413796 0.13846153846153847 0.45689655172413796 0.13846153846153847 0.45545977011494254 0.1346153846153846 0.45545977011494254
0 0.9134615384615384 0.34913793103448276 0.9134615384615384 0.3505747126436782 0.9384615384615385 0.3505747126436782 0.9384615384615385 0.34913793103448276 0.9134615384615384 0.34913793103448276
0 0.9115384615384615 0.22557471264367815 0.9115384615384615 0.22701149425287356 0.9211538461538461 0.22701149425287356 0.9211538461538461 0.22557471264367815 0.9115384615384615 0.22557471264367815
0 0.23076923076923078 0.2614942528735632 0.23076923076923078 0.2629310344827586 0.23461538461538461 0.2629310344827586 0.23461538461538461 0.2614942528735632 0.23076923076923078 0.2614942528735632
0 0.20961538461538462 0.22988505747126436 0.20961538461538462 0.23132183908045978 0.22692307692307692 0.23132183908045978 0.22692307692307692 0.22988505747126436 0.20961538461538462 0.22988505747126436