0 0.41796875 0.68125 0.41796875 0.684375 0.4609375 0.684375 0.4609375 0.68125 0.41796875 0.68125
0 0.421875 0.6 0.421875 0.603125 0.4296875 0.603125 0.4296875 0.6 0.421875 0.6
0 0.6953125 0.771875 0.6953125 0.775 0.71875 0.775 0.71875 0.771875 0.6953125 0.771875
0 1.1171875 0.609375 1.1171875 0.6125 1.1328125 0.6125 1.1328125 0.609375 1.1171875 0.609375
0 0.6953125 0.390625 0.6953125 0.39375 0.71484375 0.39375 0.71484375 0.390625 0.6953125 0.390625
0 0.359375 0.675 0.359375 0.678125 0.37109375 0.678125 0.37109375 0.675 0.359375 0.675
0 0.24609375 0.559375 0.24609375 0.5625 0.25 0.5625 0.25 0.559375 0.24609375 0.559375
0 0.68359375 0.6875 0.68359375 0.690625 0.6953125 0.690625 0.6953125 0.6875 0.68359375 0.6875
0 1.1015625 0.459375 1.1015625 0.4625 1.13671875 0.4625 1.13671875 0.459375 1.1015625 0.459375
0 1.15625 0.303125 1.15625 0.30625 1.1875 0.30625 1.1875 0.303125 1.15625 0.303125
0 1.22265625 0.559375 1.22265625 0.5625 1.23046875 0.5625 1.23046875 0.559375 1.22265625 0.559375
0 1.04296875 0.315625 1.04296875 0.31875 1.0546875 0.31875 1.0546875 0.315625 1.04296875 0.315625
0 0.87109375 0.01875 0.87109375 0.021875 0.91796875 0.021875 0.91796875 0.01875 0.87109375 0.01875
0 0.35546875 0.0 0.35546875 0.003125 0.44921875 0.003125 0.44921875 0.0 0.35546875 0.0
0 0.67578125 0.484375 0.67578125 0.4875 0.6875 0.4875 0.6875 0.484375 0.67578125 0.484375
0 0.24609375 0.746875 0.24609375 0.75 0.25 0.75 0.25 0.746875 0.24609375 0.746875
0 1.23828125 0.175 1.23828125 0.178125 1.25 0.178125 1.25 0.175 1.23828125 0.175
0 0.640625 0.540625 0.640625 0.54375 0.69921875 0.54375 0.69921875 0.540625 0.640625 0.540625
0 0.3828125 0.1125 0.3828125 0.115625 0.39453125 0.115625 0.39453125 0.1125 0.3828125 0.1125
0 1.02734375 0.040625 1.02734375 0.04375 1.0390625 0.04375 1.0390625 0.040625 1.02734375 0.040625