0 0.13846153846153847 0.05603448275862069 0.13846153846153847 0.05747126436781609 0.14807692307692308 0.05747126436781609 0.14807692307692308 0.05603448275862069 0.13846153846153847 0.05603448275862069
0 0.17692307692307693 0.2471264367816092 0.17692307692307693 0.24856321839080459 0.18846153846153846 0.24856321839080459 0.18846153846153846 0.2471264367816092 0.17692307692307693 0.2471264367816092
0 0.8057692307692308 0.40229885057471265 0.8057692307692308 0.40373563218390807 0.8173076923076923 0.40373563218390807 0.8173076923076923 0.40229885057471265 0.8057692307692308 0.40229885057471265
0 0.4403846153846154 0.08764367816091954 0.4403846153846154 0.08908045977011494 0.4461538461538462 0.08908045977011494 0.4461538461538462 0.08764367816091954 0.4403846153846154 0.08764367816091954
0 1.1884615384615385 0.004310344827586207 1.1884615384615385 0.005747126436781609 1.198076923076923 0.005747126436781609 1.198076923076923 0.004310344827586207 1.1884615384615385 0.004310344827586207
0 0.5807692307692308 0.5517241379310345 0.5807692307692308 0.5531609195402298 0.5961538461538461 0.5531609195402298 0.5961538461538461 0.5517241379310345 0.5807692307692308 0.5517241379310345
0 0.36538461538461536 0.6508620689655172 0.36538461538461536 0.6522988505747126 0.3769230769230769 0.6522988505747126 0.3769230769230769 0.6508620689655172 0.36538461538461536 0.6508620689655172
0 0.6615384615384615 0.0014367816091954023 0.6615384615384615 0.0028735632183908046 0.6653846153846154 0.0028735632183908046 0.6653846153846154 0.0014367816091954023 0.6615384615384615 0.0014367816091954023
0 0.07692307692307693 0.6451149425287356 0.07692307692307693 0.646551724137931 0.08461538461538462 0.646551724137931 0.08461538461538462 0.6451149425287356 0.07692307692307693 0.6451149425287356
0 1.1942307692307692 0.2629310344827586 1.1942307692307692 0.26436781609195403 1.2038461538461538 0.26436781609195403 1.2038461538461538 0.2629310344827586 1.1942307692307692 0.2629310344827586
0 0.9115384615384615 0.1997126436781609 0.9115384615384615 0.20114942528735633 0.9211538461538461 0.20114942528735633 0.9211538461538461 0.1997126436781609 0.9115384615384615 0.1997126436781609
0 0.676923076923077 0.11781609195402298 0.676923076923077 0.11925287356321838 0.698076923076923 0.11925287356321838 0.698076923076923 0.11781609195402298 0.676923076923077 0.11781609195402298
0 0.2153846153846154 0.6522988505747126 0.2153846153846154 0.6537356321839081 0.23461538461538461 0.6537356321839081 0.23461538461538461 0.6522988505747126 0.2153846153846154 0.6522988505747126
0 0.7288461538461538 0.6077586206896551 0.7288461538461538 0.6091954022988506 0.75 0.6091954022988506 0.75 0.6077586206896551 0.7288461538461538 0.6077586206896551
0 0.975 0.7112068965517241 0.975 0.7126436781609196 0.9884615384615385 0.7126436781609196 0.9884615384615385 0.7112068965517241 0.975 0.7112068965517241
0 0.25 0.2916666666666667 0.25 0.29310344827586204 0.25576923076923075 0.29310344827586204 0.25576923076923075 0.2916666666666667 0.25 0.2916666666666667
0 0.07884615384615384 0.3922413793103448 0.07884615384615384 0.3936781609195402 0.09038461538461538 0.3936781609195402 0.09038461538461538 0.3922413793103448 0.07884615384615384 0.3922413793103448
0 0.5230769230769231 0.1939655172413793 0.5230769230769231 0.19540229885057472 0.5557692307692308 0.19540229885057472 0.5557692307692308 0.1939655172413793 0.5230769230769231 0.1939655172413793
0 0.6653846153846154 0.13218390804597702 0.6653846153846154 0.1336206896551724 0.6692307692307692 0.1336206896551724 0.6692307692307692 0.13218390804597702 0.6653846153846154 0.13218390804597702
0 0.39807692307692305 0.0014367816091954023 0.39807692307692305 0.0028735632183908046 0.4173076923076923 0.0028735632183908046 0.4173076923076923 0.0014367816091954023 0.39807692307692305 0.0014367816091954023
0 0.9557692307692308 0.15373563218390804 0.9557692307692308 0.15517241379310345 0.9634615384615385 0.15517241379310345 0.9634615384615385 0.15373563218390804 0.9557692307692308 0.15373563218390804
0 0.12115384615384615 0.20545977011494254 0.12115384615384615 0.20689655172413793 0.13076923076923078 0.20689655172413793 0.13076923076923078 0.20545977011494254 0.12115384615384615 0.20545977011494254
0 0.06923076923076923 0.6494252873563219 0.06923076923076923 0.6508620689655172 0.07307692307692308 0.6508620689655172 0.07307692307692308 0.6494252873563219 0.06923076923076923 0.6494252873563219
0 0.6923076923076923 0.27298850574712646 0.6923076923076923 0.2744252873563218 0.6961538461538461 0.2744252873563218 0.6961538461538461 0.27298850574712646 0.6923076923076923 0.27298850574712646
0 0.4596153846153846 0.6767241379310345 0.4596153846153846 0.6781609195402298 0.47884615384615387 0.6781609195402298 0.47884615384615387 0.6767241379310345 0.4596153846153846 0.6767241379310345
0 0.45576923076923076 0.47270114942528735 0.45576923076923076 0.47413793103448276 0.4653846153846154 0.47413793103448276 0.4653846153846154 0.47270114942528735 0.45576923076923076 0.47270114942528735
0 0.1576923076923077 0.2543103448275862 0.1576923076923077 0.2557471264367816 0.1673076923076923 0.2557471264367816 0.1673076923076923 0.2543103448275862 0.1576923076923077 0.2543103448275862
0 0.7884615384615384 0.09913793103448276 0.7884615384615384 0.10057471264367816 0.8 0.10057471264367816 0.8 0.09913793103448276 0.7884615384615384 0.09913793103448276
0 0.775 0.03735632183908046 0.775 0.03879310344827586 0.7807692307692308 0.03879310344827586 0.7807692307692308 0.03735632183908046 0.775 0.03735632183908046
0 1.2211538461538463 0.5847701149425287 1.2211538461538463 0.5862068965517241 1.228846153846154 0.5862068965517241 1.228846153846154 0.5847701149425287 1.2211538461538463 0.5847701149425287
0 1.0076923076923077 0.13218390804597702 1.0076923076923077 0.1336206896551724 1.0192307692307692 0.1336206896551724 1.0192307692307692 0.13218390804597702 1.0076923076923077 0.13218390804597702
0 0.25384615384615383 0.07758620689655173 0.25384615384615383 0.07902298850574713 0.26153846153846155 0.07902298850574713 0.26153846153846155 0.07758620689655173 0.25384615384615383 0.07758620689655173
0 0.0019230769230769232 0.6522988505747126 0.0019230769230769232 0.6537356321839081 0.009615384615384616 0.6537356321839081 0.009615384615384616 0.6522988505747126 0.0019230769230769232 0.6522988505747126
0 0.7884615384615384 0.3879310344827586 0.7884615384615384 0.38936781609195403 0.7961538461538461 0.38936781609195403 0.7961538461538461 0.3879310344827586 0.7884615384615384 0.3879310344827586
0 1.2596153846153846 0.11350574712643678 1.2596153846153846 0.11494252873563218 1.2615384615384615 0.11494252873563218 1.2615384615384615 0.11350574712643678 1.2596153846153846 0.11350574712643678
0 1.2653846153846153 0.3793103448275862 1.2653846153846153 0.3807471264367816 1.2788461538461537 0.3807471264367816 1.2788461538461537 0.3793103448275862 1.2653846153846153 0.3793103448275862
0 0.22115384615384615 0.21695402298850575 0.22115384615384615 0.21839080459770116 0.225 0.21839080459770116 0.225 0.21695402298850575 0.22115384615384615 0.21695402298850575
0 0.5326923076923077 0.34913793103448276 0.5326923076923077 0.3505747126436782 0.5461538461538461 0.3505747126436782 0.5461538461538461 0.34913793103448276 0.5326923076923077 0.34913793103448276
0 1.1884615384615385 0.09626436781609195 1.1884615384615385 0.09770114942528736 1.2 0.09770114942528736 1.2 0.09626436781609195 1.1884615384615385 0.09626436781609195
0 0.225 0.47844827586206895 0.225 0.47988505747126436 0.22884615384615384 0.47988505747126436 0.22884615384615384 0.47844827586206895 0.225 0.47844827586206895
0 0.6807692307692308 0.45545977011494254 0.6807692307692308 0.45689655172413796 0.6884615384615385 0.45689655172413796 0.6884615384615385 0.45545977011494254 0.6807692307692308 0.45545977011494254
0 0.6711538461538461 0.3261494252873563 0.6711538461538461 0.3275862068965517 0.6807692307692308 0.3275862068965517 0.6807692307692308 0.3261494252873563 0.6711538461538461 0.3261494252873563
0 0.7384615384615385 0.07614942528735633 0.7384615384615385 0.07758620689655173 0.7538461538461538 0.07758620689655173 0.7538461538461538 0.07614942528735633 0.7384615384615385 0.07614942528735633
0 0.11730769230769231 0.5818965517241379 0.11730769230769231 0.5833333333333334 0.12307692307692308 0.5833333333333334 0.12307692307692308 0.5818965517241379 0.11730769230769231 0.5818965517241379
0 0.9346153846153846 0.4755747126436782 0.9346153846153846 0.47701149425287354 0.9403846153846154 0.47701149425287354 0.9403846153846154 0.4755747126436782 0.9346153846153846 0.4755747126436782
0 1.1076923076923078 0.15660919540229884 1.1076923076923078 0.15804597701149425 1.1115384615384616 0.15804597701149425 1.1115384615384616 0.15660919540229884 1.1076923076923078 0.15660919540229884
0 1.1096153846153847 0.1939655172413793 1.1096153846153847 0.19540229885057472 1.1153846153846154 0.19540229885057472 1.1153846153846154 0.1939655172413793 1.1096153846153847 0.1939655172413793
0 0.8346153846153846 0.7341954022988506 0.8346153846153846 0.735632183908046 0.8480769230769231 0.735632183908046 0.8480769230769231 0.7341954022988506 0.8346153846153846 0.7341954022988506
0 0.1596153846153846 0.1781609195402299 0.1596153846153846 0.17959770114942528 0.16538461538461538 0.17959770114942528 0.16538461538461538 0.1781609195402299 0.1596153846153846 0.1781609195402299
0 1.2403846153846154 0.040229885057471264 1.2403846153846154 0.041666666666666664 1.2461538461538462 0.041666666666666664 1.2461538461538462 0.040229885057471264 1.2403846153846154 0.040229885057471264
0 1.0288461538461537 0.034482758620689655 1.0288461538461537 0.035919540229885055 1.0365384615384616 0.035919540229885055 1.0365384615384616 0.034482758620689655 1.0288461538461537 0.034482758620689655
0 0.9288461538461539 0.47413793103448276 0.9288461538461539 0.4755747126436782 0.9403846153846154 0.4755747126436782 0.9403846153846154 0.47413793103448276 0.9288461538461539 0.47413793103448276
0 0.6461538461538462 0.47413793103448276 0.6461538461538462 0.4755747126436782 0.6576923076923077 0.4755747126436782 0.6576923076923077 0.47413793103448276 0.6461538461538462 0.47413793103448276
0 1.0442307692307693 0.5373563218390804 1.0442307692307693 0.5387931034482759 1.0538461538461539 0.5387931034482759 1.0538461538461539 0.5373563218390804 1.0442307692307693 0.5373563218390804
0 0.6557692307692308 0.0 0.6557692307692308 0.0014367816091954023 0.698076923076923 0.0014367816091954023 0.698076923076923 0.0 0.6557692307692308 0.0
0 0.09038461538461538 0.5186781609195402 0.09038461538461538 0.5201149425287356 0.10192307692307692 0.5201149425287356 0.10192307692307692 0.5186781609195402 0.09038461538461538 0.5186781609195402
0 1.051923076923077 0.16810344827586207 1.051923076923077 0.16954022988505746 1.0673076923076923 0.16954022988505746 1.0673076923076923 0.16810344827586207 1.051923076923077 0.16810344827586207
0 1.2365384615384616 0.005747126436781609 1.2365384615384616 0.007183908045977011 1.251923076923077 0.007183908045977011 1.251923076923077 0.005747126436781609 1.2365384615384616 0.005747126436781609
0 0.05961538461538462 0.0 0.05961538461538462 0.0014367816091954023 0.08461538461538462 0.0014367816091954023 0.08461538461538462 0.0 0.05961538461538462 0.0
0 0.125 0.5158045977011494 0.125 0.5172413793103449 0.1346153846153846 0.5172413793103449 0.1346153846153846 0.5158045977011494 0.125 0.5158045977011494
0 1.3153846153846154 0.3879310344827586 1.3153846153846154 0.38936781609195403 1.323076923076923 0.38936781609195403 1.323076923076923 0.3879310344827586 1.3153846153846154 0.3879310344827586
0 0.275 0.3089080459770115 0.275 0.3103448275862069 0.28076923076923077 0.3103448275862069 0.28076923076923077 0.3089080459770115 0.275 0.3089080459770115
0 0.03461538461538462 0.6278735632183908 0.03461538461538462 0.6293103448275862 0.05576923076923077 0.6293103448275862 0.05576923076923077 0.6278735632183908 0.03461538461538462 0.6278735632183908
0 0.975 0.1724137931034483 0.975 0.17385057471264367 0.9884615384615385 0.17385057471264367 0.9884615384615385 0.1724137931034483 0.975 0.1724137931034483
0 0.4288461538461538 0.5589080459770115 0.4288461538461538 0.5603448275862069 0.4442307692307692 0.5603448275862069 0.4442307692307692 0.5589080459770115 0.4288461538461538 0.5589080459770115
0 0.9442307692307692 0.6264367816091954 0.9442307692307692 0.6278735632183908 0.9615384615384616 0.6278735632183908 0.9615384615384616 0.6264367816091954 0.9442307692307692 0.6264367816091954
0 1.2788461538461537 0.5416666666666666 1.2788461538461537 0.5431034482758621 1.3 0.5431034482758621 1.3 0.5416666666666666 1.2788461538461537 0.5416666666666666
0 0.1519230769230769 0.125 0.1519230769230769 0.12643678160919541 0.1576923076923077 0.12643678160919541 0.1576923076923077 0.125 0.1519230769230769 0.125
0 0.40192307692307694 0.23994252873563218 0.40192307692307694 0.2413793103448276 0.42115384615384616 0.2413793103448276 0.42115384615384616 0.23994252873563218 0.40192307692307694 0.23994252873563218
0 0.12884615384615383 0.21120689655172414 0.12884615384615383 0.21264367816091953 0.1326923076923077 0.21264367816091953 0.1326923076923077 0.21120689655172414 0.12884615384615383 0.21120689655172414
0 0.47307692307692306 0.4410919540229885 0.47307692307692306 0.4425287356321839 0.47884615384615387 0.4425287356321839 0.47884615384615387 0.4410919540229885 0.47307692307692306 0.4410919540229885
0 0.26346153846153847 0.0 0.26346153846153847 0.0014367816091954023 0.3057692307692308 0.0014367816091954023 0.3057692307692308 0.0 0.26346153846153847 0.0
0 0.015384615384615385 0.6120689655172413 0.015384615384615385 0.6135057471264368 0.03076923076923077 0.6135057471264368 0.03076923076923077 0.6120689655172413 0.015384615384615385 0.6120689655172413
0 0.5076923076923077 0.13793103448275862 0.5076923076923077 0.13936781609195403 0.5115384615384615 0.13936781609195403 0.5115384615384615 0.13793103448275862 0.5076923076923077 0.13793103448275862
0 0.15576923076923077 0.22270114942528735 0.15576923076923077 0.22413793103448276 0.16923076923076924 0.22413793103448276 0.16923076923076924 0.22270114942528735 0.15576923076923077 0.22270114942528735
0 0.25769230769230766 0.06465517241379311 0.25769230769230766 0.06609195402298851 0.26153846153846155 0.06609195402298851 0.26153846153846155 0.06465517241379311 0.25769230769230766 0.06465517241379311
0 1.1384615384615384 0.05459770114942529 1.1384615384615384 0.05603448275862069 1.15 0.05603448275862069 1.15 0.05459770114942529 1.1384615384615384 0.05459770114942529
0 0.14038461538461539 0.6163793103448276 0.14038461538461539 0.617816091954023 0.1519230769230769 0.617816091954023 0.1519230769230769 0.6163793103448276 0.14038461538461539 0.6163793103448276
0 1.073076923076923 0.46551724137931033 1.073076923076923 0.46695402298850575 1.0807692307692307 0.46695402298850575 1.0807692307692307 0.46551724137931033 1.073076923076923 0.46551724137931033
0 0.9615384615384616 0.1997126436781609 0.9615384615384616 0.20114942528735633 0.9807692307692307 0.20114942528735633 0.9807692307692307 0.1997126436781609 0.9615384615384616 0.1997126436781609
0 0.8115384615384615 0.07471264367816093 0.8115384615384615 0.07614942528735633 0.823076923076923 0.07614942528735633 0.823076923076923 0.07471264367816093 0.8115384615384615 0.07471264367816093
0 1.325 0.3505747126436782 1.325 0.35201149425287354 1.3346153846153845 0.35201149425287354 1.3346153846153845 0.3505747126436782 1.325 0.3505747126436782
0 0.7134615384615385 0.6408045977011494 0.7134615384615385 0.6422413793103449 0.7211538461538461 0.6422413793103449 0.7211538461538461 0.6408045977011494 0.7134615384615385 0.6408045977011494
0 1.1884615384615385 0.23419540229885058 1.1884615384615385 0.23563218390804597 1.1942307692307692 0.23563218390804597 1.1942307692307692 0.23419540229885058 1.1884615384615385 0.23419540229885058
0 0.9326923076923077 0.2974137931034483 0.9326923076923077 0.2988505747126437 0.9384615384615385 0.2988505747126437 0.9384615384615385 0.2974137931034483 0.9326923076923077 0.2974137931034483
0 0.19615384615384615 0.34339080459770116 0.19615384615384615 0.3448275862068966 0.20961538461538462 0.3448275862068966 0.20961538461538462 0.34339080459770116 0.19615384615384615 0.34339080459770116
0 1.2788461538461537 0.14511494252873564 1.2788461538461537 0.14655172413793102 1.2846153846153847 0.14655172413793102 1.2846153846153847 0.14511494252873564 1.2788461538461537 0.14511494252873564
0 0.7423076923076923 0.10488505747126436 0.7423076923076923 0.10632183908045977 0.7480769230769231 0.10632183908045977 0.7480769230769231 0.10488505747126436 0.7423076923076923 0.10488505747126436
0 0.07115384615384615 0.3448275862068966 0.07115384615384615 0.34626436781609193 0.075 0.34626436781609193 0.075 0.3448275862068966 0.07115384615384615 0.3448275862068966
0 0.926923076923077 0.6580459770114943 0.926923076923077 0.6594827586206896 0.9307692307692308 0.6594827586206896 0.9307692307692308 0.6580459770114943 0.926923076923077 0.6580459770114943
0 0.34807692307692306 0.6005747126436781 0.34807692307692306 0.6020114942528736 0.35192307692307695 0.6020114942528736 0.35192307692307695 0.6005747126436781 0.34807692307692306 0.6005747126436781
0 1.0365384615384616 0.005747126436781609 1.0365384615384616 0.007183908045977011 1.0442307692307693 0.007183908045977011 1.0442307692307693 0.005747126436781609 1.0365384615384616 0.005747126436781609
0 0.38846153846153847 0.47988505747126436 0.38846153846153847 0.4813218390804598 0.39615384615384613 0.4813218390804598 0.39615384615384613 0.47988505747126436 0.38846153846153847 0.47988505747126436
0 0.6865384615384615 0.6824712643678161 0.6865384615384615 0.6839080459770115 0.6961538461538461 0.6839080459770115 0.6961538461538461 0.6824712643678161 0.6865384615384615 0.6824712643678161
0 0.9096153846153846 0.4540229885057471 0.9096153846153846 0.45545977011494254 0.9192307692307692 0.45545977011494254 0.9192307692307692 0.4540229885057471 0.9096153846153846 0.4540229885057471
0 1.325 0.39655172413793105 1.325 0.39798850574712646 1.3384615384615384 0.39798850574712646 1.3384615384615384 0.39655172413793105 1.325 0.39655172413793105
0 1.325 0.4238505747126437 1.325 0.42528735632183906 1.3307692307692307 0.42528735632183906 1.3307692307692307 0.4238505747126437 1.325 0.4238505747126437
0 0.07307692307692308 0.11350574712643678 0.07307692307692308 0.11494252873563218 0.08653846153846154 0.11494252873563218 0.08653846153846154 0.11350574712643678 0.07307692307692308 0.11350574712643678
0 1.1576923076923078 0.1278735632183908 1.1576923076923078 0.12931034482758622 1.1711538461538462 0.12931034482758622 1.1711538461538462 0.1278735632183908 1.1576923076923078 0.1278735632183908
0 0.12884615384615383 0.5775862068965517 0.12884615384615383 0.5790229885057471 0.1423076923076923 0.5790229885057471 0.1423076923076923 0.5775862068965517 0.12884615384615383 0.5775862068965517
0 0.17884615384615385 0.020114942528735632 0.17884615384615385 0.021551724137931036 0.19038461538461537 0.021551724137931036 0.19038461538461537 0.020114942528735632 0.17884615384615385 0.020114942528735632
0 0.8865384615384615 0.09051724137931035 0.8865384615384615 0.09195402298850575 0.9 0.09195402298850575 0.9 0.09051724137931035 0.8865384615384615 0.09051724137931035
0 0.08461538461538462 0.0 0.08461538461538462 0.0014367816091954023 0.11730769230769231 0.0014367816091954023 0.11730769230769231 0.0 0.08461538461538462 0.0
0 1.3115384615384615 0.25862068965517243 1.3115384615384615 0.2600574712643678 1.3269230769230769 0.2600574712643678 1.3269230769230769 0.25862068965517243 1.3115384615384615 0.25862068965517243
0 0.8711538461538462 0.08045977011494253 0.8711538461538462 0.08189655172413793 0.8865384615384615 0.08189655172413793 0.8865384615384615 0.08045977011494253 0.8711538461538462 0.08045977011494253
0 0.4173076923076923 0.05459770114942529 0.4173076923076923 0.05603448275862069 0.4230769230769231 0.05603448275862069 0.4230769230769231 0.05459770114942529 0.4173076923076923 0.05459770114942529
0 0.7403846153846154 0.7040229885057471 0.7403846153846154 0.7054597701149425 0.75 0.7054597701149425 0.75 0.7040229885057471 0.7403846153846154 0.7040229885057471
0 1.2769230769230768 0.6695402298850575 1.2769230769230768 0.6709770114942529 1.2826923076923078 0.6709770114942529 1.2826923076923078 0.6695402298850575 1.2769230769230768 0.6695402298850575
0 0.9288461538461539 0.08333333333333333 0.9288461538461539 0.08477011494252873 0.9403846153846154 0.08477011494252873 0.9403846153846154 0.08333333333333333 0.9288461538461539 0.08333333333333333
0 1.1961538461538461 0.26580459770114945 1.1961538461538461 0.2672413793103448 1.2173076923076922 0.2672413793103448 1.2173076923076922 0.26580459770114945 1.1961538461538461 0.26580459770114945
0 0.7442307692307693 0.5775862068965517 0.7442307692307693 0.5790229885057471 0.7653846153846153 0.5790229885057471 0.7653846153846153 0.5775862068965517 0.7442307692307693 0.5775862068965517
0 0.27884615384615385 0.1910919540229885 0.27884615384615385 0.1925287356321839 0.29423076923076924 0.1925287356321839 0.29423076923076924 0.1910919540229885 0.27884615384615385 0.1910919540229885
0 0.1673076923076923 0.15086206896551724 0.1673076923076923 0.15229885057471265 0.175 0.15229885057471265 0.175 0.15086206896551724 0.1673076923076923 0.15086206896551724
0 0.9057692307692308 0.0014367816091954023 0.9057692307692308 0.0028735632183908046 0.9134615384615384 0.0028735632183908046 0.9134615384615384 0.0014367816091954023 0.9057692307692308 0.0014367816091954023
0 0.8480769230769231 0.15086206896551724 0.8480769230769231 0.15229885057471265 0.8576923076923076 0.15229885057471265 0.8576923076923076 0.15086206896551724 0.8480769230769231 0.15086206896551724
0 0.5692307692307692 0.5632183908045977 0.5692307692307692 0.5646551724137931 0.5769230769230769 0.5646551724137931 0.5769230769230769 0.5632183908045977 0.5692307692307692 0.5632183908045977
0 1.3365384615384615 0.3074712643678161 1.3365384615384615 0.3089080459770115 1.3384615384615384 0.3089080459770115 1.3384615384615384 0.3074712643678161 1.3365384615384615 0.3074712643678161
0 0.6442307692307693 0.5114942528735632 0.6442307692307693 0.5129310344827587 0.6557692307692308 0.5129310344827587 0.6557692307692308 0.5114942528735632 0.6442307692307693 0.5114942528735632
0 0.5942307692307692 0.7155172413793104 0.5942307692307692 0.7169540229885057 0.6038461538461538 0.7169540229885057 0.6038461538461538 0.7155172413793104 0.5942307692307692 0.7155172413793104
0 0.7769230769230769 0.6738505747126436 0.7769230769230769 0.6752873563218391 0.7923076923076923 0.6752873563218391 0.7923076923076923 0.6738505747126436 0.7769230769230769 0.6738505747126436
0 0.5096153846153846 0.39655172413793105 0.5096153846153846 0.39798850574712646 0.5288461538461539 0.39798850574712646 0.5288461538461539 0.39655172413793105 0.5096153846153846 0.39655172413793105
0 0.7326923076923076 0.5344827586206896 0.7326923076923076 0.5359195402298851 0.7365384615384616 0.5359195402298851 0.7365384615384616 0.5344827586206896 0.7326923076923076 0.5344827586206896
0 1.2442307692307693 0.41522988505747127 1.2442307692307693 0.4166666666666667 1.25 0.4166666666666667 1.25 0.41522988505747127 1.2442307692307693 0.41522988505747127
0 0.34615384615384615 0.6408045977011494 0.34615384615384615 0.6422413793103449 0.3576923076923077 0.6422413793103449 0.3576923076923077 0.6408045977011494 0.34615384615384615 0.6408045977011494
0 0.10576923076923077 0.728448275862069 0.10576923076923077 0.7298850574712644 0.125 0.7298850574712644 0.125 0.728448275862069 0.10576923076923077 0.728448275862069
0 0.5211538461538462 0.035919540229885055 0.5211538461538462 0.03735632183908046 0.5326923076923077 0.03735632183908046 0.5326923076923077 0.035919540229885055 0.5211538461538462 0.035919540229885055
0 0.6038461538461538 0.22701149425287356 0.6038461538461538 0.22844827586206898 0.6153846153846154 0.22844827586206898 0.6153846153846154 0.22701149425287356 0.6038461538461538 0.22701149425287356
0 0.8307692307692308 0.040229885057471264 0.8307692307692308 0.041666666666666664 0.8423076923076923 0.041666666666666664 0.8423076923076923 0.040229885057471264 0.8307692307692308 0.040229885057471264
0 0.13653846153846153 0.16091954022988506 0.13653846153846153 0.16235632183908047 0.14038461538461539 0.16235632183908047 0.14038461538461539 0.16091954022988506 0.13653846153846153 0.16091954022988506
0 1.0884615384615384 0.6350574712643678 1.0884615384615384 0.6364942528735632 1.0961538461538463 0.6364942528735632 1.0961538461538463 0.6350574712643678 1.0884615384615384 0.6350574712643678
0 0.8134615384615385 0.646551724137931 0.8134615384615385 0.6479885057471264 0.8269230769230769 0.6479885057471264 0.8269230769230769 0.646551724137931 0.8134615384615385 0.646551724137931
0 1.2807692307692307 0.7097701149425287 1.2807692307692307 0.7112068965517241 1.2846153846153847 0.7112068965517241 1.2846153846153847 0.7097701149425287 1.2807692307692307 0.7097701149425287
0 0.4807692307692308 0.5172413793103449 0.4807692307692308 0.5186781609195402 0.48846153846153845 0.5186781609195402 0.48846153846153845 0.5172413793103449 0.4807692307692308 0.5172413793103449
0 0.8442307692307692 0.05747126436781609 0.8442307692307692 0.05890804597701149 0.85 0.05890804597701149 0.85 0.05747126436781609 0.8442307692307692 0.05747126436781609
0 0.7807692307692308 0.7011494252873564 0.7807692307692308 0.7025862068965517 0.8115384615384615 0.7025862068965517 0.8115384615384615 0.7011494252873564 0.7807692307692308 0.7011494252873564
0 0.6903846153846154 0.05028735632183908 0.6903846153846154 0.05172413793103448 0.6942307692307692 0.05172413793103448 0.6942307692307692 0.05028735632183908 0.6903846153846154 0.05028735632183908
0 0.46923076923076923 0.6350574712643678 0.46923076923076923 0.6364942528735632 0.475 0.6364942528735632 0.475 0.6350574712643678 0.46923076923076923 0.6350574712643678
0 0.8673076923076923 0.10057471264367816 0.8673076923076923 0.10201149425287356 0.8730769230769231 0.10201149425287356 0.8730769230769231 0.10057471264367816 0.8673076923076923 0.10057471264367816
0 0.9846153846153847 0.20545977011494254 0.9846153846153847 0.20689655172413793 0.9903846153846154 0.20689655172413793 0.9903846153846154 0.20545977011494254 0.9846153846153847 0.20545977011494254
0 0.1346153846153846 0.6293103448275862 0.1346153846153846 0.6307471264367817 0.14423076923076922 0.6307471264367817 0.14423076923076922 0.6293103448275862 0.1346153846153846 0.6293103448275862