0 0.375 0.64375 0.375 0.646875 0.390625 0.646875 0.390625 0.64375 0.375 0.64375
0 1.23828125 0.271875 1.23828125 0.275 1.24609375 0.275 1.24609375 0.271875 1.23828125 0.271875
0 0.99609375 0.7625 0.99609375 0.765625 1.0 0.765625 1.0 0.7625 0.99609375 0.7625
0 0.953125 0.221875 0.953125 0.225 0.96875 0.225 0.96875 0.221875 0.953125 0.221875
0 0.0 0.35 0.0 0.353125 0.01171875 0.353125 0.01171875 0.35 0.0 0.35
0 0.37890625 0.48125 0.37890625 0.484375 0.3984375 0.484375 0.3984375 0.48125 0.37890625 0.48125
0 1.16796875 0.565625 1.16796875 0.56875 1.1875 0.56875 1.1875 0.565625 1.16796875 0.565625
0 1.01953125 0.696875 1.01953125 0.7 1.03515625 0.7 1.03515625 0.696875 1.01953125 0.696875
0 0.62109375 0.521875 0.62109375 0.525 0.63671875 0.525 0.63671875 0.521875 0.62109375 0.521875
0 0.5 0.628125 0.5 0.63125 0.5234375 0.63125 0.5234375 0.628125 0.5 0.628125
0 0.26171875 0.15625 0.26171875 0.159375 0.2734375 0.159375 0.2734375 0.15625 0.26171875 0.15625
0 0.4375 0.38125 0.4375 0.384375 0.5 0.384375 0.5 0.38125 0.4375 0.38125
0 0.24609375 0.34375 0.24609375 0.346875 0.2578125 0.346875 0.2578125 0.34375 0.24609375 0.34375
0 0.95703125 0.653125 0.95703125 0.65625 0.96875 0.65625 0.96875 0.653125 0.95703125 0.653125
0 1.109375 0.165625 1.109375 0.16875 1.1328125 0.16875 1.1328125 0.165625 1.109375 0.165625
0 0.16796875 0.48125 0.16796875 0.484375 0.22265625 0.484375 0.22265625 0.48125 0.16796875 0.48125
0 1.1953125 0.653125 1.1953125 0.65625 1.22265625 0.65625 1.22265625 0.653125 1.1953125 0.653125
0 0.421875 0.28125 0.421875 0.284375 0.4375 0.284375 0.4375 0.28125 0.421875 0.28125
0 0.5625 0.65 0.5625 0.653125 0.578125 0.653125 0.578125 0.65 0.5625 0.65
0 0.8046875 0.5125 0.8046875 0.515625 0.828125 0.515625 0.828125 0.5125 0.8046875 0.5125
0 0.421875 0.0 0.421875 0.003125 0.4921875 0.003125 0.4921875 0.0 0.421875 0.0
0 1.0234375 0.65625 1.0234375 0.659375 1.0390625 0.659375 1.0390625 0.65625 1.0234375 0.65625
0 0.625 0.56875 0.625 0.571875 0.6484375 0.571875 0.6484375 0.56875 0.625 0.56875
0 0.23046875 0.11875 0.23046875 0.121875 0.2421875 0.121875 0.2421875 0.11875 0.23046875 0.11875
0 1.0234375 0.18125 1.0234375 0.184375 1.0390625 0.184375 1.0390625 0.18125 1.0234375 0.18125
0 0.4765625 0.35 0.4765625 0.353125 0.484375 0.353125 0.484375 0.35 0.4765625 0.35
0 0.34765625 0.515625 0.34765625 0.51875 0.359375 0.51875 0.359375 0.515625 0.34765625 0.515625
0 0.703125 0.690625 0.703125 0.69375 0.71484375 0.69375 0.71484375 0.690625 0.703125 0.690625
0 0.10546875 0.74375 0.10546875 0.746875 0.1328125 0.746875 0.1328125 0.74375 0.10546875 0.74375
0 0.82421875 0.3625 0.82421875 0.365625 0.86328125 0.365625 0.86328125 0.3625 0.82421875 0.3625
0 1.13671875 0.134375 1.13671875 0.1375 1.15234375 0.1375 1.15234375 0.134375 1.13671875 0.134375
0 0.453125 0.20625 0.453125 0.209375 0.46875 0.209375 0.46875 0.20625 0.453125 0.20625
0 0.12890625 0.64375 0.12890625 0.646875 0.14453125 0.646875 0.14453125 0.64375 0.12890625 0.64375
0 0.7578125 0.478125 0.7578125 0.48125 0.76953125 0.48125 0.76953125 0.478125 0.7578125 0.478125
0 0.74609375 0.446875 0.74609375 0.45 0.765625 0.45 0.765625 0.446875 0.74609375 0.446875
0 0.6015625 0.0 0.6015625 0.003125 0.6875 0.003125 0.6875 0.0 0.6015625 0.0
0 0.68359375 0.453125 0.68359375 0.45625 0.6953125 0.45625 0.6953125 0.453125 0.68359375 0.453125
0 0.43359375 0.415625 0.43359375 0.41875 0.4453125 0.41875 0.4453125 0.415625 0.43359375 0.415625
0 0.375 0.328125 0.375 0.33125 0.40234375 0.33125 0.40234375 0.328125 0.375 0.328125
0 0.87109375 0.09375 0.87109375 0.096875 0.8828125 0.096875 0.8828125 0.09375 0.87109375 0.09375
0 0.6484375 0.4 0.6484375 0.403125 0.6640625 0.403125 0.6640625 0.4 0.6484375 0.4
0 0.02734375 0.221875 0.02734375 0.225 0.05859375 0.225 0.05859375 0.221875 0.02734375 0.221875
0 0.22265625 0.146875 0.22265625 0.15 0.25 0.15 0.25 0.146875 0.22265625 0.146875
0 0.58984375 0.090625 0.58984375 0.09375 0.6171875 0.09375 0.6171875 0.090625 0.58984375 0.090625
0 0.765625 0.0 0.765625 0.003125 0.87109375 0.003125 0.87109375 0.0 0.765625 0.0
0 0.68359375 0.490625 0.68359375 0.49375 0.72265625 0.49375 0.72265625 0.490625 0.68359375 0.490625
0 0.95703125 0.146875 0.95703125 0.15 0.98828125 0.15 0.98828125 0.146875 0.95703125 0.146875
0 0.59375 0.70625 0.59375 0.709375 0.625 0.709375 0.625 0.70625 0.59375 0.70625
0 0.15625 0.665625 0.15625 0.66875 0.171875 0.66875 0.171875 0.665625 0.15625 0.665625
0 1.09765625 0.41875 1.09765625 0.421875 1.109375 0.421875 1.109375 0.41875 1.09765625 0.41875
0 1.18359375 0.240625 1.18359375 0.24375 1.203125 0.24375 1.203125 0.240625 1.18359375 0.240625
0 0.9765625 0.5375 0.9765625 0.540625 0.9921875 0.540625 0.9921875 0.5375 0.9765625 0.5375
0 0.48828125 0.446875 0.48828125 0.45 0.51171875 0.45 0.51171875 0.446875 0.48828125 0.446875