0 0.6423076923076924 0.24281609195402298 0.6423076923076924 0.2442528735632184 0.6538461538461539 0.2442528735632184 0.6538461538461539 0.24281609195402298 0.6423076923076924 0.24281609195402298
0 0.4288461538461538 0.4295977011494253 0.4288461538461538 0.43103448275862066 0.4326923076923077 0.43103448275862066 0.4326923076923077 0.4295977011494253 0.4288461538461538 0.4295977011494253
0 0.9923076923076923 0.3764367816091954 0.9923076923076923 0.37787356321839083 1.0096153846153846 0.37787356321839083 1.0096153846153846 0.3764367816091954 0.9923076923076923 0.3764367816091954
0 0.5865384615384616 0.004310344827586207 0.5865384615384616 0.005747126436781609 0.6019230769230769 0.005747126436781609 0.6019230769230769 0.004310344827586207 0.5865384615384616 0.004310344827586207
0 0.9961538461538462 0.5100574712643678 0.9961538461538462 0.5114942528735632 1.0076923076923077 0.5114942528735632 1.0076923076923077 0.5100574712643678 0.9961538461538462 0.5100574712643678
0 1.0692307692307692 0.2543103448275862 1.0692307692307692 0.2557471264367816 1.0923076923076922 0.2557471264367816 1.0923076923076922 0.2543103448275862 1.0692307692307692 0.2543103448275862
0 1.1538461538461537 0.09339080459770115 1.1538461538461537 0.09482758620689655 1.1692307692307693 0.09482758620689655 1.1692307692307693 0.09339080459770115 1.1538461538461537 0.09339080459770115
0 0.5134615384615384 0.2471264367816092 0.5134615384615384 0.24856321839080459 0.5365384615384615 0.24856321839080459 0.5365384615384615 0.2471264367816092 0.5134615384615384 0.2471264367816092
0 0.4230769230769231 0.12931034482758622 0.4230769230769231 0.1307471264367816 0.4288461538461538 0.1307471264367816 0.4288461538461538 0.12931034482758622 0.4230769230769231 0.12931034482758622
0 0.9230769230769231 0.3132183908045977 0.9230769230769231 0.3146551724137931 0.9365384615384615 0.3146551724137931 0.9365384615384615 0.3132183908045977 0.9230769230769231 0.3132183908045977
0 1.2384615384615385 0.25862068965517243 1.2384615384615385 0.2600574712643678 1.2615384615384615 0.2600574712643678 1.2615384615384615 0.25862068965517243 1.2384615384615385 0.25862068965517243
0 1.001923076923077 0.6695402298850575 1.001923076923077 0.6709770114942529 1.0038461538461538 0.6709770114942529 1.0038461538461538 0.6695402298850575 1.001923076923077 0.6695402298850575
0 0.5884615384615385 0.13793103448275862 0.5884615384615385 0.13936781609195403 0.5980769230769231 0.13936781609195403 0.5980769230769231 0.13793103448275862 0.5884615384615385 0.13793103448275862
0 0.3942307692307692 0.041666666666666664 0.3942307692307692 0.04310344827586207 0.4230769230769231 0.04310344827586207 0.4230769230769231 0.041666666666666664 0.3942307692307692 0.041666666666666664
0 1.3346153846153845 0.5560344827586207 1.3346153846153845 0.5574712643678161 1.3384615384615384 0.5574712643678161 1.3384615384615384 0.5560344827586207 1.3346153846153845 0.5560344827586207
0 1.123076923076923 0.3390804597701149 1.123076923076923 0.34051724137931033 1.1288461538461538 0.34051724137931033 1.1288461538461538 0.3390804597701149 1.123076923076923 0.3390804597701149
0 1.1653846153846155 0.5732758620689655 1.1653846153846155 0.5747126436781609 1.1692307692307693 0.5747126436781609 1.1692307692307693 0.5732758620689655 1.1653846153846155 0.5732758620689655
0 0.2403846153846154 0.015804597701149427 0.2403846153846154 0.017241379310344827 0.24423076923076922 0.017241379310344827 0.24423076923076922 0.015804597701149427 0.2403846153846154 0.015804597701149427
0 0.7788461538461539 0.3103448275862069 0.7788461538461539 0.3117816091954023 0.7961538461538461 0.3117816091954023 0.7961538461538461 0.3103448275862069 0.7788461538461539 0.3103448275862069
0 0.10576923076923077 0.3620689655172414 0.10576923076923077 0.3635057471264368 0.11346153846153846 0.3635057471264368 0.11346153846153846 0.3620689655172414 0.10576923076923077 0.3620689655172414
0 1.251923076923077 0.07040229885057471 1.251923076923077 0.07183908045977011 1.2634615384615384 0.07183908045977011 1.2634615384615384 0.07040229885057471 1.251923076923077 0.07040229885057471
0 0.8 0.4870689655172414 0.8 0.4885057471264368 0.8096153846153846 0.4885057471264368 0.8096153846153846 0.4870689655172414 0.8 0.4870689655172414
0 0.9769230769230769 0.33620689655172414 0.9769230769230769 0.33764367816091956 0.9980769230769231 0.33764367816091956 0.9980769230769231 0.33620689655172414 0.9769230769230769 0.33620689655172414
0 1.2192307692307693 0.2471264367816092 1.2192307692307693 0.24856321839080459 1.2326923076923078 0.24856321839080459 1.2326923076923078 0.2471264367816092 1.2192307692307693 0.2471264367816092
0 0.2980769230769231 0.6882183908045977 0.2980769230769231 0.6896551724137931 0.31346153846153846 0.6896551724137931 0.31346153846153846 0.6882183908045977 0.2980769230769231 0.6882183908045977
0 0.0 0.34770114942528735 0.0 0.34913793103448276 0.009615384615384616 0.34913793103448276 0.009615384615384616 0.34770114942528735 0.0 0.34770114942528735
0 0.27692307692307694 0.5876436781609196 0.27692307692307694 0.5890804597701149 0.28076923076923077 0.5890804597701149 0.28076923076923077 0.5876436781609196 0.27692307692307694 0.5876436781609196
0 1.0711538461538461 0.08045977011494253 1.0711538461538461 0.08189655172413793 1.0942307692307693 0.08189655172413793 1.0942307692307693 0.08045977011494253 1.0711538461538461 0.08045977011494253
0 1.3057692307692308 0.11494252873563218 1.3057692307692308 0.11637931034482758 1.3134615384615385 0.11637931034482758 1.3134615384615385 0.11494252873563218 1.3057692307692308 0.11494252873563218
0 0.8634615384615385 0.3017241379310345 0.8634615384615385 0.3031609195402299 0.8673076923076923 0.3031609195402299 0.8673076923076923 0.3017241379310345 0.8634615384615385 0.3017241379310345
0 0.36923076923076925 0.6192528735632183 0.36923076923076925 0.6206896551724138 0.37884615384615383 0.6206896551724138 0.37884615384615383 0.6192528735632183 0.36923076923076925 0.6192528735632183
0 0.6923076923076923 0.3146551724137931 0.6923076923076923 0.3160919540229885 0.7096153846153846 0.3160919540229885 0.7096153846153846 0.3146551724137931 0.6923076923076923 0.3146551724137931
0 0.85 0.1968390804597701 0.85 0.19827586206896552 0.8615384615384616 0.19827586206896552 0.8615384615384616 0.1968390804597701 0.85 0.1968390804597701
0 0.9461538461538461 0.20402298850574713 0.9461538461538461 0.20545977011494254 0.9576923076923077 0.20545977011494254 0.9576923076923077 0.20402298850574713 0.9461538461538461 0.20402298850574713
0 0.6826923076923077 0.0 0.6826923076923077 0.0014367816091954023 0.7134615384615385 0.0014367816091954023 0.7134615384615385 0.0 0.6826923076923077 0.0
0 0.43653846153846154 0.5660919540229885 0.43653846153846154 0.5675287356321839 0.45 0.5675287356321839 0.45 0.5660919540229885 0.43653846153846154 0.5660919540229885
0 0.8923076923076924 0.11637931034482758 0.8923076923076924 0.11781609195402298 0.8980769230769231 0.11781609195402298 0.8980769230769231 0.11637931034482758 0.8923076923076924 0.11637931034482758
0 1.0115384615384615 0.1221264367816092 1.0115384615384615 0.1235632183908046 1.0269230769230768 0.1235632183908046 1.0269230769230768 0.1221264367816092 1.0115384615384615 0.1221264367816092
0 0.25961538461538464 0.5890804597701149 0.25961538461538464 0.5905172413793104 0.26346153846153847 0.5905172413793104 0.26346153846153847 0.5890804597701149 0.25961538461538464 0.5890804597701149
0 0.9615384615384616 0.1896551724137931 0.9615384615384616 0.1910919540229885 0.9692307692307692 0.1910919540229885 0.9692307692307692 0.1896551724137931 0.9615384615384616 0.1896551724137931
0 0.7173076923076923 0.3922413793103448 0.7173076923076923 0.3936781609195402 0.7288461538461538 0.3936781609195402 0.7288461538461538 0.3922413793103448 0.7173076923076923 0.3922413793103448
0 0.7961538461538461 0.0 0.7961538461538461 0.0014367816091954023 0.8211538461538461 0.0014367816091954023 0.8211538461538461 0.0 0.7961538461538461 0.0
0 0.7846153846153846 0.7140804597701149 0.7846153846153846 0.7155172413793104 0.8057692307692308 0.7155172413793104 0.8057692307692308 0.7140804597701149 0.7846153846153846 0.7140804597701149
0 1.1730769230769231 0.6551724137931034 1.1730769230769231 0.6566091954022989 1.1903846153846154 0.6566091954022989 1.1903846153846154 0.6551724137931034 1.1730769230769231 0.6551724137931034
0 0.40576923076923077 0.4367816091954023 0.40576923076923077 0.4382183908045977 0.4115384615384615 0.4382183908045977 0.4115384615384615 0.4367816091954023 0.40576923076923077 0.4367816091954023
0 0.6826923076923077 0.47270114942528735 0.6826923076923077 0.47413793103448276 0.6961538461538461 0.47413793103448276 0.6961538461538461 0.47270114942528735 0.6826923076923077 0.47270114942528735
0 1.2942307692307693 0.6580459770114943 1.2942307692307693 0.6594827586206896 1.3 0.6594827586206896 1.3 0.6580459770114943 1.2942307692307693 0.6580459770114943
0 0.05384615384615385 0.6882183908045977 0.05384615384615385 0.6896551724137931 0.06153846153846154 0.6896551724137931 0.06153846153846154 0.6882183908045977 0.05384615384615385 0.6882183908045977
0 0.9057692307692308 0.27873563218390807 0.9057692307692308 0.2801724137931034 0.9211538461538461 0.2801724137931034 0.9211538461538461 0.27873563218390807 0.9057692307692308 0.27873563218390807
0 0.39615384615384613 0.5201149425287356 0.39615384615384613 0.521551724137931 0.4115384615384615 0.521551724137931 0.4115384615384615 0.5201149425287356 0.39615384615384613 0.5201149425287356
0 0.8211538461538461 0.7112068965517241 0.8211538461538461 0.7126436781609196 0.8596153846153847 0.7126436781609196 0.8596153846153847 0.7112068965517241 0.8211538461538461 0.7112068965517241
0 0.47307692307692306 0.17959770114942528 0.47307692307692306 0.1810344827586207 0.48653846153846153 0.1810344827586207 0.48653846153846153 0.17959770114942528 0.47307692307692306 0.17959770114942528
0 0.10192307692307692 0.5933908045977011 0.10192307692307692 0.5948275862068966 0.1076923076923077 0.5948275862068966 0.1076923076923077 0.5933908045977011 0.10192307692307692 0.5933908045977011
0 0.3019230769230769 0.39080459770114945 0.3019230769230769 0.3922413793103448 0.32884615384615384 0.3922413793103448 0.32884615384615384 0.39080459770114945 0.3019230769230769 0.39080459770114945
0 0.40576923076923077 0.005747126436781609 0.40576923076923077 0.007183908045977011 0.4096153846153846 0.007183908045977011 0.4096153846153846 0.005747126436781609 0.40576923076923077 0.005747126436781609
0 0.3730769230769231 0.4209770114942529 0.3730769230769231 0.4224137931034483 0.38846153846153847 0.4224137931034483 0.38846153846153847 0.4209770114942529 0.3730769230769231 0.4209770114942529
0 1.176923076923077 0.014367816091954023 1.176923076923077 0.015804597701149427 1.1865384615384615 0.015804597701149427 1.1865384615384615 0.014367816091954023 1.176923076923077 0.014367816091954023
0 0.5653846153846154 0.45977011494252873 0.5653846153846154 0.46120689655172414 0.5711538461538461 0.46120689655172414 0.5711538461538461 0.45977011494252873 0.5653846153846154 0.45977011494252873
0 1.198076923076923 0.6997126436781609 1.198076923076923 0.7011494252873564 1.2096153846153845 0.7011494252873564 1.2096153846153845 0.6997126436781609 1.198076923076923 0.6997126436781609
0 0.29615384615384616 0.15660919540229884 0.29615384615384616 0.15804597701149425 0.3076923076923077 0.15804597701149425 0.3076923076923077 0.15660919540229884 0.29615384615384616 0.15660919540229884
0 1.2788461538461537 0.7068965517241379 1.2788461538461537 0.7083333333333334 1.2826923076923078 0.7083333333333334 1.2826923076923078 0.7068965517241379 1.2788461538461537 0.7068965517241379
0 1.0384615384615385 0.13218390804597702 1.0384615384615385 0.1336206896551724 1.0538461538461539 0.1336206896551724 1.0538461538461539 0.13218390804597702 1.0384615384615385 0.13218390804597702
0 1.148076923076923 0.06609195402298851 1.148076923076923 0.06752873563218391 1.1576923076923078 0.06752873563218391 1.1576923076923078 0.06609195402298851 1.148076923076923 0.06609195402298851
0 0.8115384615384615 0.14942528735632185 0.8115384615384615 0.15086206896551724 0.823076923076923 0.15086206896551724 0.823076923076923 0.14942528735632185 0.8115384615384615 0.14942528735632185
0 0.7615384615384615 0.2600574712643678 0.7615384615384615 0.2614942528735632 0.775 0.2614942528735632 0.775 0.2600574712643678 0.7615384615384615 0.2600574712643678
0 1.0461538461538462 0.28304597701149425 1.0461538461538462 0.28448275862068967 1.05 0.28448275862068967 1.05 0.28304597701149425 1.0461538461538462 0.28304597701149425
0 0.0057692307692307696 0.0 0.0057692307692307696 0.0014367816091954023 0.04038461538461539 0.0014367816091954023 0.04038461538461539 0.0 0.0057692307692307696 0.0
0 0.47307692307692306 0.11063218390804598 0.47307692307692306 0.11206896551724138 0.4846153846153846 0.11206896551724138 0.4846153846153846 0.11063218390804598 0.47307692307692306 0.11063218390804598
0 0.8346153846153846 0.3132183908045977 0.8346153846153846 0.3146551724137931 0.8480769230769231 0.3146551724137931 0.8480769230769231 0.3132183908045977 0.8346153846153846 0.3132183908045977
0 0.0038461538461538464 0.5933908045977011 0.0038461538461538464 0.5948275862068966 0.028846153846153848 0.5948275862068966 0.028846153846153848 0.5933908045977011 0.0038461538461538464 0.5933908045977011
0 1.0307692307692307 0.5517241379310345 1.0307692307692307 0.5531609195402298 1.0423076923076924 0.5531609195402298 1.0423076923076924 0.5517241379310345 1.0307692307692307 0.5517241379310345
0 1.1788461538461539 0.39080459770114945 1.1788461538461539 0.3922413793103448 1.1884615384615385 0.3922413793103448 1.1884615384615385 0.39080459770114945 1.1788461538461539 0.39080459770114945
0 0.19038461538461537 0.16666666666666666 0.19038461538461537 0.16810344827586207 0.20384615384615384 0.16810344827586207 0.20384615384615384 0.16666666666666666 0.19038461538461537 0.16666666666666666
0 0.2653846153846154 0.0 0.2653846153846154 0.0014367816091954023 0.3153846153846154 0.0014367816091954023 0.3153846153846154 0.0 0.2653846153846154 0.0
0 0.5711538461538461 0.47701149425287354 0.5711538461538461 0.47844827586206895 0.5903846153846154 0.47844827586206895 0.5903846153846154 0.47701149425287354 0.5711538461538461 0.47701149425287354
0 0.6730769230769231 0.6336206896551724 0.6730769230769231 0.6350574712643678 0.6846153846153846 0.6350574712643678 0.6846153846153846 0.6336206896551724 0.6730769230769231 0.6336206896551724
0 0.24615384615384617 0.06896551724137931 0.24615384615384617 0.07040229885057471 0.26153846153846155 0.07040229885057471 0.26153846153846155 0.06896551724137931 0.24615384615384617 0.06896551724137931
0 0.6 0.5129310344827587 0.6 0.514367816091954 0.6038461538461538 0.514367816091954 0.6038461538461538 0.5129310344827587 0.6 0.5129310344827587
0 0.4461538461538462 0.16091954022988506 0.4461538461538462 0.16235632183908047 0.46923076923076923 0.16235632183908047 0.46923076923076923 0.16091954022988506 0.4461538461538462 0.16091954022988506
0 0.925 0.6666666666666666 0.925 0.6681034482758621 0.9326923076923077 0.6681034482758621 0.9326923076923077 0.6666666666666666 0.925 0.6666666666666666
0 0.7519230769230769 0.2614942528735632 0.7519230769230769 0.2629310344827586 0.7673076923076924 0.2629310344827586 0.7673076923076924 0.2614942528735632 0.7519230769230769 0.2614942528735632
0 0.38846153846153847 0.15804597701149425 0.38846153846153847 0.15948275862068967 0.4076923076923077 0.15948275862068967 0.4076923076923077 0.15804597701149425 0.38846153846153847 0.15804597701149425
0 0.5961538461538461 0.5747126436781609 0.5961538461538461 0.5761494252873564 0.6019230769230769 0.5761494252873564 0.6019230769230769 0.5747126436781609 0.5961538461538461 0.5747126436781609
0 0.8269230769230769 0.3333333333333333 0.8269230769230769 0.33477011494252873 0.8461538461538461 0.33477011494252873 0.8461538461538461 0.3333333333333333 0.8269230769230769 0.3333333333333333
0 0.6538461538461539 0.2916666666666667 0.6538461538461539 0.29310344827586204 0.6865384615384615 0.29310344827586204 0.6865384615384615 0.2916666666666667 0.6538461538461539 0.2916666666666667
0 0.5884615384615385 0.7370689655172413 0.5884615384615385 0.7385057471264368 0.6038461538461538 0.7385057471264368 0.6038461538461538 0.7370689655172413 0.5884615384615385 0.7370689655172413
0 1.3346153846153845 0.603448275862069 1.3346153846153845 0.6048850574712644 1.3384615384615384 0.6048850574712644 1.3384615384615384 0.603448275862069 1.3346153846153845 0.603448275862069
0 1.2807692307692307 0.2959770114942529 1.2807692307692307 0.2974137931034483 1.2865384615384616 0.2974137931034483 1.2865384615384616 0.2959770114942529 1.2807692307692307 0.2959770114942529
0 0.5230769230769231 0.21408045977011494 0.5230769230769231 0.21551724137931033 0.5442307692307692 0.21551724137931033 0.5442307692307692 0.21408045977011494 0.5230769230769231 0.21408045977011494
0 0.4980769230769231 0.6235632183908046 0.4980769230769231 0.625 0.5134615384615384 0.625 0.5134615384615384 0.6235632183908046 0.4980769230769231 0.6235632183908046
0 0.0057692307692307696 0.07902298850574713 0.0057692307692307696 0.08045977011494253 0.009615384615384616 0.08045977011494253 0.009615384615384616 0.07902298850574713 0.0057692307692307696 0.07902298850574713
0 0.43846153846153846 0.1968390804597701 0.43846153846153846 0.19827586206896552 0.45384615384615384 0.19827586206896552 0.45384615384615384 0.1968390804597701 0.43846153846153846 0.1968390804597701
0 0.16538461538461538 0.09626436781609195 0.16538461538461538 0.09770114942528736 0.17115384615384616 0.09770114942528736 0.17115384615384616 0.09626436781609195 0.16538461538461538 0.09626436781609195
0 1.226923076923077 0.10488505747126436 1.226923076923077 0.10632183908045977 1.2384615384615385 0.10632183908045977 1.2384615384615385 0.10488505747126436 1.226923076923077 0.10488505747126436
0 1.2980769230769231 0.45977011494252873 1.2980769230769231 0.46120689655172414 1.3057692307692308 0.46120689655172414 1.3057692307692308 0.45977011494252873 1.2980769230769231 0.45977011494252873
0 0.7076923076923077 0.5718390804597702 0.7076923076923077 0.5732758620689655 0.7134615384615385 0.5732758620689655 0.7134615384615385 0.5718390804597702 0.7076923076923077 0.5718390804597702
0 0.6173076923076923 0.4468390804597701 0.6173076923076923 0.4482758620689655 0.6230769230769231 0.4482758620689655 0.6230769230769231 0.4468390804597701 0.6173076923076923 0.4468390804597701
0 0.6519230769230769 0.5431034482758621 0.6519230769230769 0.5445402298850575 0.6692307692307692 0.5445402298850575 0.6692307692307692 0.5431034482758621 0.6519230769230769 0.5431034482758621
0 1.0673076923076923 0.20977011494252873 1.0673076923076923 0.21120689655172414 1.073076923076923 0.21120689655172414 1.073076923076923 0.20977011494252873 1.0673076923076923 0.20977011494252873
0 0.5057692307692307 0.5057471264367817 0.5057692307692307 0.507183908045977 0.5307692307692308 0.507183908045977 0.5307692307692308 0.5057471264367817 0.5057692307692307 0.5057471264367817
0 0.25961538461538464 0.6063218390804598 0.25961538461538464 0.6077586206896551 0.2673076923076923 0.6077586206896551 0.2673076923076923 0.6063218390804598 0.25961538461538464 0.6063218390804598
0 1.021153846153846 0.6350574712643678 1.021153846153846 0.6364942528735632 1.0326923076923078 0.6364942528735632 1.0326923076923078 0.6350574712643678 1.021153846153846 0.6350574712643678
0 0.9019230769230769 0.34339080459770116 0.9019230769230769 0.3448275862068966 0.9211538461538461 0.3448275862068966 0.9211538461538461 0.34339080459770116 0.9019230769230769 0.34339080459770116
0 1.1365384615384615 0.45977011494252873 1.1365384615384615 0.46120689655172414 1.1538461538461537 0.46120689655172414 1.1538461538461537 0.45977011494252873 1.1365384615384615 0.45977011494252873
0 1.1961538461538461 0.4482758620689655 1.1961538461538461 0.44971264367816094 1.2038461538461538 0.44971264367816094 1.2038461538461538 0.4482758620689655 1.1961538461538461 0.4482758620689655
0 0.19615384615384615 0.6336206896551724 0.19615384615384615 0.6350574712643678 0.20576923076923076 0.6350574712643678 0.20576923076923076 0.6336206896551724 0.19615384615384615 0.6336206896551724
0 0.8346153846153846 0.4985632183908046 0.8346153846153846 0.5 0.8519230769230769 0.5 0.8519230769230769 0.4985632183908046 0.8346153846153846 0.4985632183908046
0 1.2134615384615384 0.6522988505747126 1.2134615384615384 0.6537356321839081 1.228846153846154 0.6537356321839081 1.228846153846154 0.6522988505747126 1.2134615384615384 0.6522988505747126
0 0.015384615384615385 0.4367816091954023 0.015384615384615385 0.4382183908045977 0.026923076923076925 0.4382183908045977 0.026923076923076925 0.4367816091954023 0.015384615384615385 0.4367816091954023
0 0.5423076923076923 0.5431034482758621 0.5423076923076923 0.5445402298850575 0.5653846153846154 0.5445402298850575 0.5653846153846154 0.5431034482758621 0.5423076923076923 0.5431034482758621
0 0.11153846153846154 0.5258620689655172 0.11153846153846154 0.5272988505747126 0.11538461538461539 0.5272988505747126 0.11538461538461539 0.5258620689655172 0.11153846153846154 0.5258620689655172
0 0.8615384615384616 0.5258620689655172 0.8615384615384616 0.5272988505747126 0.875 0.5272988505747126 0.875 0.5258620689655172 0.8615384615384616 0.5258620689655172
0 0.23653846153846153 0.4583333333333333 0.23653846153846153 0.45977011494252873 0.24615384615384617 0.45977011494252873 0.24615384615384617 0.4583333333333333 0.23653846153846153 0.4583333333333333
0 1.1288461538461538 0.19827586206896552 1.1288461538461538 0.1997126436781609 1.1423076923076922 0.1997126436781609 1.1423076923076922 0.19827586206896552 1.1288461538461538 0.19827586206896552
0 1.073076923076923 0.5732758620689655 1.073076923076923 0.5747126436781609 1.0865384615384615 0.5747126436781609 1.0865384615384615 0.5732758620689655 1.073076923076923 0.5732758620689655
0 0.9769230769230769 0.7241379310344828 0.9769230769230769 0.7255747126436781 1.0 0.7255747126436781 1.0 0.7241379310344828 0.9769230769230769 0.7241379310344828
0 0.8692307692307693 0.004310344827586207 0.8692307692307693 0.005747126436781609 0.8788461538461538 0.005747126436781609 0.8788461538461538 0.004310344827586207 0.8692307692307693 0.004310344827586207
0 0.225 0.38936781609195403 0.225 0.39080459770114945 0.24615384615384617 0.39080459770114945 0.24615384615384617 0.38936781609195403 0.225 0.38936781609195403
0 1.2692307692307692 0.14655172413793102 1.2692307692307692 0.14798850574712644 1.2769230769230768 0.14798850574712644 1.2769230769230768 0.14655172413793102 1.2692307692307692 0.14655172413793102
0 1.1365384615384615 0.23563218390804597 1.1365384615384615 0.23706896551724138 1.1442307692307692 0.23706896551724138 1.1442307692307692 0.23563218390804597 1.1365384615384615 0.23563218390804597
0 1.0961538461538463 0.5818965517241379 1.0961538461538463 0.5833333333333334 1.103846153846154 0.5833333333333334 1.103846153846154 0.5818965517241379 1.0961538461538463 0.5818965517241379
0 0.55 0.16379310344827586 0.55 0.16522988505747127 0.5576923076923077 0.16522988505747127 0.5576923076923077 0.16379310344827586 0.55 0.16379310344827586
0 0.7903846153846154 0.25862068965517243 0.7903846153846154 0.2600574712643678 0.7942307692307692 0.2600574712643678 0.7942307692307692 0.25862068965517243 0.7903846153846154 0.25862068965517243
0 0.10192307692307692 0.6436781609195402 0.10192307692307692 0.6451149425287356 0.10576923076923077 0.6451149425287356 0.10576923076923077 0.6436781609195402 0.10192307692307692 0.6436781609195402
0 0.10961538461538461 0.14367816091954022 0.10961538461538461 0.14511494252873564 0.11346153846153846 0.14511494252873564 0.11346153846153846 0.14367816091954022 0.10961538461538461 0.14367816091954022
0 1.3192307692307692 0.28160919540229884 1.3192307692307692 0.28304597701149425 1.3269230769230769 0.28304597701149425 1.3269230769230769 0.28160919540229884 1.3192307692307692 0.28160919540229884
0 0.1673076923076923 0.1206896551724138 0.1673076923076923 0.1221264367816092 0.2076923076923077 0.1221264367816092 0.2076923076923077 0.1206896551724138 0.1673076923076923 0.1206896551724138
0 1.0865384615384615 0.46264367816091956 1.0865384615384615 0.4640804597701149 1.101923076923077 0.4640804597701149 1.101923076923077 0.46264367816091956 1.0865384615384615 0.46264367816091956
0 0.6192307692307693 0.02442528735632184 0.6192307692307693 0.02586206896551724 0.6346153846153846 0.02586206896551724 0.6346153846153846 0.02442528735632184 0.6192307692307693 0.02442528735632184
0 0.14423076923076922 0.0 0.14423076923076922 0.0014367816091954023 0.17115384615384616 0.0014367816091954023 0.17115384615384616 0.0 0.14423076923076922 0.0
0 1.0884615384615384 0.3922413793103448 1.0884615384615384 0.3936781609195402 1.0980769230769232 0.3936781609195402 1.0980769230769232 0.3922413793103448 1.0884615384615384 0.3922413793103448
0 1.273076923076923 0.3275862068965517 1.273076923076923 0.3290229885057471 1.2903846153846155 0.3290229885057471 1.2903846153846155 0.3275862068965517 1.273076923076923 0.3275862068965517
0 0.6653846153846154 0.3793103448275862 0.6653846153846154 0.3807471264367816 0.6692307692307692 0.3807471264367816 0.6692307692307692 0.3793103448275862 0.6653846153846154 0.3793103448275862
0 0.9153846153846154 0.3275862068965517 0.9153846153846154 0.3290229885057471 0.9346153846153846 0.3290229885057471 0.9346153846153846 0.3275862068965517 0.9153846153846154 0.3275862068965517
0 0.801923076923077 0.6781609195402298 0.801923076923077 0.6795977011494253 0.8192307692307692 0.6795977011494253 0.8192307692307692 0.6781609195402298 0.801923076923077 0.6781609195402298
0 0.27115384615384613 0.22844827586206898 0.27115384615384613 0.22988505747126436 0.28076923076923077 0.22988505747126436 0.28076923076923077 0.22844827586206898 0.27115384615384613 0.22844827586206898
0 0.41923076923076924 0.639367816091954 0.41923076923076924 0.6408045977011494 0.43653846153846154 0.6408045977011494 0.43653846153846154 0.639367816091954 0.41923076923076924 0.639367816091954
0 0.4673076923076923 0.0 0.4673076923076923 0.0014367816091954023 0.49615384615384617 0.0014367816091954023 0.49615384615384617 0.0 0.4673076923076923 0.0
0 0.26153846153846155 0.07614942528735633 0.26153846153846155 0.07758620689655173 0.27692307692307694 0.07758620689655173 0.27692307692307694 0.07614942528735633 0.26153846153846155 0.07614942528735633
0 0.6115384615384616 0.1824712643678161 0.6115384615384616 0.1839080459770115 0.6307692307692307 0.1839080459770115 0.6307692307692307 0.1824712643678161 0.6115384615384616 0.1824712643678161
0 0.9673076923076923 0.1968390804597701 0.9673076923076923 0.19827586206896552 0.9807692307692307 0.19827586206896552 0.9807692307692307 0.1968390804597701 0.9673076923076923 0.1968390804597701