0 0.4921875 0.15625 0.4921875 0.159375 0.5 0.159375 0.5 0.15625 0.4921875 0.15625
0 1.08984375 0.190625 1.08984375 0.19375 1.109375 0.19375 1.109375 0.190625 1.08984375 0.190625
0 0.0 0.0 0.0 0.003125 0.09375 0.003125 0.09375 0.0 0.0 0.0
0 1.23046875 0.03125 1.23046875 0.034375 1.25 0.034375 1.25 0.03125 1.23046875 0.03125
0 1.0078125 0.228125 1.0078125 0.23125 1.03515625 0.23125 1.03515625 0.228125 1.0078125 0.228125
0 1.23828125 0.11875 1.23828125 0.121875 1.25 0.121875 1.25 0.11875 1.23828125 0.11875
0 0.0 0.225 0.0 0.228125 0.00390625 0.228125 0.00390625 0.225 0.0 0.225
0 0.09375 0.075 0.09375 0.078125 0.1171875 0.078125 0.1171875 0.075 0.09375 0.075
0 1.234375 0.046875 1.234375 0.05 1.24609375 0.05 1.24609375 0.046875 1.234375 0.046875
0 0.453125 0.215625 0.453125 0.21875 0.484375 0.21875 0.484375 0.215625 0.453125 0.215625
0 1.15625 0.034375 1.15625 0.0375 1.16796875 0.0375 1.16796875 0.034375 1.15625 0.034375
0 0.625 0.0 0.625 0.003125 0.6328125 0.003125 0.6328125 0.0 0.625 0.0
0 0.28125 0.165625 0.28125 0.16875 0.296875 0.16875 0.296875 0.165625 0.28125 0.165625
0 0.8984375 0.08125 0.8984375 0.084375 0.9296875 0.084375 0.9296875 0.08125 0.8984375 0.08125