0 0.46484375 0.303125 0.46484375 0.30625 0.49609375 0.30625 0.49609375 0.303125 0.46484375 0.303125
0 0.3828125 0.634375 0.3828125 0.6375 0.40625 0.6375 0.40625 0.634375 0.3828125 0.634375
0 1.04296875 0.678125 1.04296875 0.68125 1.0546875 0.68125 1.0546875 0.678125 1.04296875 0.678125
0 1.1015625 0.328125 1.1015625 0.33125 1.12109375 0.33125 1.12109375 0.328125 1.1015625 0.328125
0 1.0234375 0.259375 1.0234375 0.2625 1.05078125 0.2625 1.05078125 0.259375 1.0234375 0.259375
0 0.14453125 0.75 0.14453125 0.753125 0.15234375 0.753125 0.15234375 0.75 0.14453125 0.75
0 1.01953125 0.121875 1.01953125 0.125 1.03125 0.125 1.03125 0.121875 1.01953125 0.121875
0 0.703125 0.56875 0.703125 0.571875 0.73046875 0.571875 0.73046875 0.56875 0.703125 0.56875
0 0.96875 0.64375 0.96875 0.646875 0.9765625 0.646875 0.9765625 0.64375 0.96875 0.64375
0 0.26171875 0.515625 0.26171875 0.51875 0.27734375 0.51875 0.27734375 0.515625 0.26171875 0.515625
0 1.24609375 0.253125 1.24609375 0.25625 1.25 0.25625 1.25 0.253125 1.24609375 0.253125
0 0.35546875 0.346875 0.35546875 0.35 0.37109375 0.35 0.37109375 0.346875 0.35546875 0.346875
0 0.62890625 0.2875 0.62890625 0.290625 0.63671875 0.290625 0.63671875 0.2875 0.62890625 0.2875
0 1.0 0.0375 1.0 0.040625 1.01171875 0.040625 1.01171875 0.0375 1.0 0.0375
0 0.8125 0.221875 0.8125 0.225 0.84765625 0.225 0.84765625 0.221875 0.8125 0.221875
0 0.96875 0.34375 0.96875 0.346875 0.98828125 0.346875 0.98828125 0.34375 0.96875 0.34375
0 0.375 0.6125 0.375 0.615625 0.3828125 0.615625 0.3828125 0.6125 0.375 0.6125
0 0.91796875 0.2125 0.91796875 0.215625 0.92578125 0.215625 0.92578125 0.2125 0.91796875 0.2125
0 1.1875 0.071875 1.1875 0.075 1.1953125 0.075 1.1953125 0.071875 1.1875 0.071875
0 1.18359375 0.228125 1.18359375 0.23125 1.19921875 0.23125 1.19921875 0.228125 1.18359375 0.228125
0 0.43359375 0.4375 0.43359375 0.440625 0.453125 0.440625 0.453125 0.4375 0.43359375 0.4375
0 0.59375 0.759375 0.59375 0.7625 0.6015625 0.7625 0.6015625 0.759375 0.59375 0.759375
0 0.08984375 0.371875 0.08984375 0.375 0.109375 0.375 0.109375 0.371875 0.08984375 0.371875
0 0.2265625 0.13125 0.2265625 0.134375 0.23828125 0.134375 0.23828125 0.13125 0.2265625 0.13125
0 1.125 0.678125 1.125 0.68125 1.140625 0.68125 1.140625 0.678125 1.125 0.678125
0 0.14453125 0.45625 0.14453125 0.459375 0.1640625 0.459375 0.1640625 0.45625 0.14453125 0.45625
0 0.23046875 0.46875 0.23046875 0.471875 0.2421875 0.471875 0.2421875 0.46875 0.23046875 0.46875
0 1.0234375 0.628125 1.0234375 0.63125 1.0390625 0.63125 1.0390625 0.628125 1.0234375 0.628125
0 0.125 0.375 0.125 0.378125 0.14453125 0.378125 0.14453125 0.375 0.125 0.375
0 0.140625 0.18125 0.140625 0.184375 0.16796875 0.184375 0.16796875 0.18125 0.140625 0.18125
0 0.2890625 0.34375 0.2890625 0.346875 0.30859375 0.346875 0.30859375 0.34375 0.2890625 0.34375
0 1.0 0.4375 1.0 0.440625 1.01953125 0.440625 1.01953125 0.4375 1.0 0.4375
0 0.88671875 0.365625 0.88671875 0.36875 0.91015625 0.36875 0.91015625 0.365625 0.88671875 0.365625
0 0.95703125 0.490625 0.95703125 0.49375 0.98828125 0.49375 0.98828125 0.490625 0.95703125 0.490625
0 0.1796875 0.259375 0.1796875 0.2625 0.1953125 0.2625 0.1953125 0.259375 0.1796875 0.259375
0 0.3125 0.7875 0.3125 0.790625 0.33203125 0.790625 0.33203125 0.7875 0.3125 0.7875
0 1.21875 0.24375 1.21875 0.246875 1.25 0.246875 1.25 0.24375 1.21875 0.24375
0 1.19921875 0.39375 1.19921875 0.396875 1.21484375 0.396875 1.21484375 0.39375 1.19921875 0.39375
0 0.0390625 0.34375 0.0390625 0.346875 0.06640625 0.346875 0.06640625 0.34375 0.0390625 0.34375
0 0.078125 0.45 0.078125 0.453125 0.15625 0.453125 0.15625 0.45 0.078125 0.45
0 1.0 0.425 1.0 0.428125 1.05078125 0.428125 1.05078125 0.425 1.0 0.425
0 0.828125 0.70625 0.828125 0.709375 0.83984375 0.709375 0.83984375 0.70625 0.828125 0.70625
0 0.89453125 0.375 0.89453125 0.378125 0.91015625 0.378125 0.91015625 0.375 0.89453125 0.375
0 0.17578125 0.475 0.17578125 0.478125 0.19140625 0.478125 0.19140625 0.475 0.17578125 0.475
0 1.00390625 0.328125 1.00390625 0.33125 1.01171875 0.33125 1.01171875 0.328125 1.00390625 0.328125
0 0.53125 0.69375 0.53125 0.696875 0.55859375 0.696875 0.55859375 0.69375 0.53125 0.69375
0 1.0703125 0.49375 1.0703125 0.496875 1.0859375 0.496875 1.0859375 0.49375 1.0703125 0.49375
0 0.890625 0.590625 0.890625 0.59375 0.8984375 0.59375 0.8984375 0.590625 0.890625 0.590625
0 0.70703125 0.571875 0.70703125 0.575 0.71484375 0.575 0.71484375 0.571875 0.70703125 0.571875
0 0.92578125 0.303125 0.92578125 0.30625 0.93359375 0.30625 0.93359375 0.303125 0.92578125 0.303125
0 0.671875 0.271875 0.671875 0.275 0.71875 0.275 0.71875 0.271875 0.671875 0.271875
0 0.5078125 0.01875 0.5078125 0.021875 0.51953125 0.021875 0.51953125 0.01875 0.5078125 0.01875
0 0.72265625 0.215625 0.72265625 0.21875 0.75 0.21875 0.75 0.215625 0.72265625 0.215625
0 0.1953125 0.325 0.1953125 0.328125 0.20703125 0.328125 0.20703125 0.325 0.1953125 0.325
0 1.04296875 0.446875 1.04296875 0.45 1.06640625 0.45 1.06640625 0.446875 1.04296875 0.446875
0 0.375 0.45625 0.375 0.459375 0.39453125 0.459375 0.39453125 0.45625 0.375 0.45625
0 0.0 0.0 0.0 0.003125 0.02734375 0.003125 0.02734375 0.0 0.0 0.0
0 0.203125 0.15625 0.203125 0.159375 0.234375 0.159375 0.234375 0.15625 0.203125 0.15625
0 0.6171875 0.525 0.6171875 0.528125 0.640625 0.528125 0.640625 0.525 0.6171875 0.525
0 0.9296875 0.56875 0.9296875 0.571875 0.9375 0.571875 0.9375 0.56875 0.9296875 0.56875
0 0.38671875 0.3125 0.38671875 0.315625 0.4140625 0.315625 0.4140625 0.3125 0.38671875 0.3125
0 0.78125 0.740625 0.78125 0.74375 0.796875 0.74375 0.796875 0.740625 0.78125 0.740625
0 0.0390625 0.3625 0.0390625 0.365625 0.05078125 0.365625 0.05078125 0.3625 0.0390625 0.3625
0 1.234375 0.378125 1.234375 0.38125 1.25 0.38125 1.25 0.378125 1.234375 0.378125
0 0.53515625 0.759375 0.53515625 0.7625 0.546875 0.7625 0.546875 0.759375 0.53515625 0.759375
0 0.75 0.45 0.75 0.453125 0.7578125 0.453125 0.7578125 0.45 0.75 0.45
0 0.19921875 0.45625 0.19921875 0.459375 0.20703125 0.459375 0.20703125 0.45625 0.19921875 0.45625
0 0.171875 0.421875 0.171875 0.425 0.21875 0.425 0.21875 0.421875 0.171875 0.421875
0 1.09375 0.121875 1.09375 0.125 1.12109375 0.125 1.12109375 0.121875 1.09375 0.121875
0 0.671875 0.634375 0.671875 0.6375 0.68359375 0.6375 0.68359375 0.634375 0.671875 0.634375
0 0.37109375 0.334375 0.37109375 0.3375 0.38671875 0.3375 0.38671875 0.334375 0.37109375 0.334375
0 1.109375 0.21875 1.109375 0.221875 1.1640625 0.221875 1.1640625 0.21875 1.109375 0.21875
0 0.83984375 0.678125 0.83984375 0.68125 0.85546875 0.68125 0.85546875 0.678125 0.83984375 0.678125
0 1.234375 0.371875 1.234375 0.375 1.25 0.375 1.25 0.371875 1.234375 0.371875
0 1.09375 0.0 1.09375 0.003125 1.109375 0.003125 1.109375 0.0 1.09375 0.0
0 0.38671875 0.490625 0.38671875 0.49375 0.3984375 0.49375 0.3984375 0.490625 0.38671875 0.490625
0 1.21875 0.046875 1.21875 0.05 1.23046875 0.05 1.23046875 0.046875 1.21875 0.046875
0 0.48828125 0.575 0.48828125 0.578125 0.50390625 0.578125 0.50390625 0.575 0.48828125 0.575
0 0.0390625 0.54375 0.0390625 0.546875 0.0546875 0.546875 0.0546875 0.54375 0.0390625 0.54375
0 0.2578125 0.784375 0.2578125 0.7875 0.27734375 0.7875 0.27734375 0.784375 0.2578125 0.784375
0 1.19921875 0.5375 1.19921875 0.540625 1.20703125 0.540625 1.20703125 0.5375 1.19921875 0.5375
0 1.17578125 0.5375 1.17578125 0.540625 1.19140625 0.540625 1.19140625 0.5375 1.17578125 0.5375
0 0.546875 0.321875 0.546875 0.325 0.55859375 0.325 0.55859375 0.321875 0.546875 0.321875
0 1.0625 0.0375 1.0625 0.040625 1.0703125 0.040625 1.0703125 0.0375 1.0625 0.0375