0 0.146484375 0.4046875 0.146484375 0.40625 0.173828125 0.40625 0.173828125 0.4046875 0.146484375 0.4046875
0 0.998046875 0.3625 0.998046875 0.3640625 1.0 0.3640625 1.0 0.3625 0.998046875 0.3625
0 0.84375 0.628125 0.84375 0.6296875 0.876953125 0.6296875 0.876953125 0.628125 0.84375 0.628125
0 0.263671875 0.00625 0.263671875 0.0078125 0.2734375 0.0078125 0.2734375 0.00625 0.263671875 0.00625
0 0.96484375 0.55 0.96484375 0.5515625 0.984375 0.5515625 0.984375 0.55 0.96484375 0.55
0 0.947265625 0.3203125 0.947265625 0.321875 0.953125 0.321875 0.953125 0.3203125 0.947265625 0.3203125
0 0.9453125 0.6921875 0.9453125 0.69375 0.96875 0.69375 0.96875 0.6921875 0.9453125 0.6921875
0 0.6171875 0.590625 0.6171875 0.5921875 0.642578125 0.5921875 0.642578125 0.590625 0.6171875 0.590625
0 0.947265625 0.584375 0.947265625 0.5859375 0.96875 0.5859375 0.96875 0.584375 0.947265625 0.584375
0 0.939453125 0.0 0.939453125 0.0015625 1.0 0.0015625 1.0 0.0 0.939453125 0.0
0 0.4140625 0.14375 0.4140625 0.1453125 0.43359375 0.1453125 0.43359375 0.14375 0.4140625 0.14375
0 0.248046875 0.2921875 0.248046875 0.29375 0.25 0.29375 0.25 0.2921875 0.248046875 0.2921875
0 0.25 0.2421875 0.25 0.24375 0.25390625 0.24375 0.25390625 0.2421875 0.25 0.2421875
0 0.322265625 0.05 0.322265625 0.0515625 0.33203125 0.0515625 0.33203125 0.05 0.322265625 0.05
0 0.701171875 0.5359375 0.701171875 0.5375 0.724609375 0.5375 0.724609375 0.5359375 0.701171875 0.5359375
0 0.294921875 0.6296875 0.294921875 0.63125 0.30078125 0.63125 0.30078125 0.6296875 0.294921875 0.6296875
0 0.986328125 0.28125 0.986328125 0.2828125 0.9921875 0.2828125 0.9921875 0.28125 0.986328125 0.28125
0 0.244140625 0.2859375 0.244140625 0.2875 0.24609375 0.2875 0.24609375 0.2859375 0.244140625 0.2859375
0 1.224609375 0.10625 1.224609375 0.1078125 1.23046875 0.1078125 1.23046875 0.10625 1.224609375 0.10625
0 0.646484375 0.709375 0.646484375 0.7109375 0.654296875 0.7109375 0.654296875 0.709375 0.646484375 0.709375
0 0.1171875 0.328125 0.1171875 0.3296875 0.125 0.3296875 0.125 0.328125 0.1171875 0.328125
0 0.494140625 0.3703125 0.494140625 0.371875 0.51171875 0.371875 0.51171875 0.3703125 0.494140625 0.3703125
0 0.306640625 0.4859375 0.306640625 0.4875 0.328125 0.4875 0.328125 0.4859375 0.306640625 0.4859375
0 0.271484375 0.6390625 0.271484375 0.640625 0.294921875 0.640625 0.294921875 0.6390625 0.271484375 0.6390625
0 0.9609375 0.4140625 0.9609375 0.415625 0.98828125 0.415625 0.98828125 0.4140625 0.9609375 0.4140625
0 1.126953125 0.0875 1.126953125 0.0890625 1.14453125 0.0890625 1.14453125 0.0875 1.126953125 0.0875
0 0.015625 0.7140625 0.015625 0.715625 0.041015625 0.715625 0.041015625 0.7140625 0.015625 0.7140625
0 0.740234375 0.0984375 0.740234375 0.1 0.759765625 0.1 0.759765625 0.0984375 0.740234375 0.0984375
0 0.7421875 0.1953125 0.7421875 0.196875 0.75 0.196875 0.75 0.1953125 0.7421875 0.1953125
0 0.810546875 0.178125 0.810546875 0.1796875 0.8203125 0.1796875 0.8203125 0.178125 0.810546875 0.178125
0 0.546875 0.2375 0.546875 0.2390625 0.560546875 0.2390625 0.560546875 0.2375 0.546875 0.2375
0 0.32421875 0.375 0.32421875 0.3765625 0.353515625 0.3765625 0.353515625 0.375 0.32421875 0.375
0 0.015625 0.3203125 0.015625 0.321875 0.021484375 0.321875 0.021484375 0.3203125 0.015625 0.3203125
0 0.19140625 0.0125 0.19140625 0.0140625 0.208984375 0.0140625 0.208984375 0.0125 0.19140625 0.0125