0 0.33984375 0.209375 0.33984375 0.2125 0.3515625 0.2125 0.3515625 0.209375 0.33984375 0.209375
0 1.23828125 0.775 1.23828125 0.778125 1.25 0.778125 1.25 0.775 1.23828125 0.775
0 0.08984375 0.33125 0.08984375 0.334375 0.09765625 0.334375 0.09765625 0.33125 0.08984375 0.33125
0 0.296875 0.20625 0.296875 0.209375 0.34375 0.209375 0.34375 0.20625 0.296875 0.20625
0 0.52734375 0.153125 0.52734375 0.15625 0.5390625 0.15625 0.5390625 0.153125 0.52734375 0.153125
0 0.0546875 0.35 0.0546875 0.353125 0.07421875 0.353125 0.07421875 0.35 0.0546875 0.35
0 0.85546875 0.14375 0.85546875 0.146875 0.89453125 0.146875 0.89453125 0.14375 0.85546875 0.14375
0 0.171875 0.209375 0.171875 0.2125 0.203125 0.2125 0.203125 0.209375 0.171875 0.209375
0 1.2421875 0.103125 1.2421875 0.10625 1.25 0.10625 1.25 0.103125 1.2421875 0.103125
0 0.875 0.075 0.875 0.078125 0.90625 0.078125 0.90625 0.075 0.875 0.075
0 0.1796875 0.33125 0.1796875 0.334375 0.1875 0.334375 0.1875 0.33125 0.1796875 0.33125
0 0.76171875 0.296875 0.76171875 0.3 0.7734375 0.3 0.7734375 0.296875 0.76171875 0.296875
0 0.6484375 0.325 0.6484375 0.328125 0.6640625 0.328125 0.6640625 0.325 0.6484375 0.325
0 0.84765625 0.3375 0.84765625 0.340625 0.875 0.340625 0.875 0.3375 0.84765625 0.3375
0 0.390625 0.221875 0.390625 0.225 0.4140625 0.225 0.4140625 0.221875 0.390625 0.221875
0 0.7109375 0.05 0.7109375 0.053125 0.7265625 0.053125 0.7265625 0.05 0.7109375 0.05
0 0.33203125 0.1 0.33203125 0.103125 0.375 0.103125 0.375 0.1 0.33203125 0.1
0 0.078125 0.15625 0.078125 0.159375 0.109375 0.159375 0.109375 0.15625 0.078125 0.15625
0 0.1875 0.009375 0.1875 0.0125 0.20703125 0.0125 0.20703125 0.009375 0.1875 0.009375
0 1.00390625 0.346875 1.00390625 0.35 1.01953125 0.35 1.01953125 0.346875 1.00390625 0.346875
0 0.75390625 0.29375 0.75390625 0.296875 0.78515625 0.296875 0.78515625 0.29375 0.75390625 0.29375
0 0.8125 0.084375 0.8125 0.0875 0.828125 0.0875 0.828125 0.084375 0.8125 0.084375
0 0.63671875 0.234375 0.63671875 0.2375 0.671875 0.2375 0.671875 0.234375 0.63671875 0.234375
0 0.45703125 0.25625 0.45703125 0.259375 0.49609375 0.259375 0.49609375 0.25625 0.45703125 0.25625
0 0.25 0.046875 0.25 0.05 0.26171875 0.05 0.26171875 0.046875 0.25 0.046875
0 0.8984375 0.25 0.8984375 0.253125 0.92578125 0.253125 0.92578125 0.25 0.8984375 0.25
0 1.08203125 0.125 1.08203125 0.128125 1.10546875 0.128125 1.10546875 0.125 1.08203125 0.125
0 0.59375 0.171875 0.59375 0.175 0.62109375 0.175 0.62109375 0.171875 0.59375 0.171875
0 0.796875 0.009375 0.796875 0.0125 0.82421875 0.0125 0.82421875 0.009375 0.796875 0.009375
0 0.171875 0.3375 0.171875 0.340625 0.1953125 0.340625 0.1953125 0.3375 0.171875 0.3375
0 0.23828125 0.31875 0.23828125 0.321875 0.25390625 0.321875 0.25390625 0.31875 0.23828125 0.31875
0 0.66796875 0.746875 0.66796875 0.75 0.69140625 0.75 0.69140625 0.746875 0.66796875 0.746875
0 0.046875 0.2 0.046875 0.203125 0.0625 0.203125 0.0625 0.2 0.046875 0.2
0 0.515625 0.234375 0.515625 0.2375 0.53515625 0.2375 0.53515625 0.234375 0.515625 0.234375
0 0.53125 0.315625 0.53125 0.31875 0.5546875 0.31875 0.5546875 0.315625 0.53125 0.315625
0 0.91015625 0.071875 0.91015625 0.075 0.9375 0.075 0.9375 0.071875 0.91015625 0.071875
0 0.359375 0.0 0.359375 0.003125 0.421875 0.003125 0.421875 0.0 0.359375 0.0
0 0.97265625 0.215625 0.97265625 0.21875 0.99609375 0.21875 0.99609375 0.215625 0.97265625 0.215625
0 1.21484375 0.040625 1.21484375 0.04375 1.234375 0.04375 1.234375 0.040625 1.21484375 0.040625
0 1.1171875 0.2 1.1171875 0.203125 1.13671875 0.203125 1.13671875 0.2 1.1171875 0.2
0 0.5625 0.021875 0.5625 0.025 0.58984375 0.025 0.58984375 0.021875 0.5625 0.021875
0 0.16796875 0.778125 0.16796875 0.78125 0.1953125 0.78125 0.1953125 0.778125 0.16796875 0.778125
0 0.671875 0.175 0.671875 0.178125 0.703125 0.178125 0.703125 0.175 0.671875 0.175
0 0.6328125 0.096875 0.6328125 0.1 0.66015625 0.1 0.66015625 0.096875 0.6328125 0.096875
0 0.9921875 0.078125 0.9921875 0.08125 1.01953125 0.08125 1.01953125 0.078125 0.9921875 0.078125
0 1.06640625 0.259375 1.06640625 0.2625 1.07421875 0.2625 1.07421875 0.259375 1.06640625 0.259375
0 0.796875 0.309375 0.796875 0.3125 0.8046875 0.3125 0.8046875 0.309375 0.796875 0.309375
0 0.9296875 0.35 0.9296875 0.353125 0.96484375 0.353125 0.96484375 0.35 0.9296875 0.35
0 0.7265625 0.134375 0.7265625 0.1375 0.73828125 0.1375 0.73828125 0.134375 0.7265625 0.134375
0 0.37890625 0.346875 0.37890625 0.35 0.38671875 0.35 0.38671875 0.346875 0.37890625 0.346875
0 0.9375 0.29375 0.9375 0.296875 0.9609375 0.296875 0.9609375 0.29375 0.9375 0.29375
0 0.1796875 0.0 0.1796875 0.003125 0.2421875 0.003125 0.2421875 0.0 0.1796875 0.0
0 0.0234375 0.75625 0.0234375 0.759375 0.0390625 0.759375 0.0390625 0.75625 0.0234375 0.75625
0 0.78515625 0.76875 0.78515625 0.771875 0.796875 0.771875 0.796875 0.76875 0.78515625 0.76875
0 1.1328125 0.025 1.1328125 0.028125 1.14453125 0.028125 1.14453125 0.025 1.1328125 0.025
0 0.80859375 0.78125 0.80859375 0.784375 0.82421875 0.784375 0.82421875 0.78125 0.80859375 0.78125
0 0.65234375 0.225 0.65234375 0.228125 0.671875 0.228125 0.671875 0.225 0.65234375 0.225
0 0.79296875 0.303125 0.79296875 0.30625 0.81640625 0.30625 0.81640625 0.303125 0.79296875 0.303125
0 0.38671875 0.03125 0.38671875 0.034375 0.3984375 0.034375 0.3984375 0.03125 0.38671875 0.03125
0 0.6328125 0.0 0.6328125 0.003125 0.68359375 0.003125 0.68359375 0.0 0.6328125 0.0
0 0.42578125 0.0125 0.42578125 0.015625 0.4609375 0.015625 0.4609375 0.0125 0.42578125 0.0125
0 0.484375 0.36875 0.484375 0.371875 0.4921875 0.371875 0.4921875 0.36875 0.484375 0.36875
0 0.234375 0.253125 0.234375 0.25625 0.24609375 0.25625 0.24609375 0.253125 0.234375 0.253125
0 0.8046875 0.334375 0.8046875 0.3375 0.8125 0.3375 0.8125 0.334375 0.8046875 0.334375
0 0.11328125 0.0 0.11328125 0.003125 0.1796875 0.003125 0.1796875 0.0 0.11328125 0.0
0 0.3125 0.03125 0.3125 0.034375 0.3671875 0.034375 0.3671875 0.03125 0.3125 0.03125
0 0.56640625 0.0375 0.56640625 0.040625 0.6015625 0.040625 0.6015625 0.0375 0.56640625 0.0375
0 0.3828125 0.775 0.3828125 0.778125 0.39453125 0.778125 0.39453125 0.775 0.3828125 0.775
0 0.25 0.371875 0.25 0.375 0.26171875 0.375 0.26171875 0.371875 0.25 0.371875
0 0.578125 0.7875 0.578125 0.790625 0.6015625 0.790625 0.6015625 0.7875 0.578125 0.7875
0 0.79296875 0.0 0.79296875 0.003125 0.86328125 0.003125 0.86328125 0.0 0.79296875 0.0
0 0.98046875 0.75625 0.98046875 0.759375 0.99609375 0.759375 0.99609375 0.75625 0.98046875 0.75625
0 0.09375 0.290625 0.09375 0.29375 0.11328125 0.29375 0.11328125 0.290625 0.09375 0.290625
0 0.78515625 0.259375 0.78515625 0.2625 0.796875 0.2625 0.796875 0.259375 0.78515625 0.259375
0 1.00390625 0.16875 1.00390625 0.171875 1.02734375 0.171875 1.02734375 0.16875 1.00390625 0.16875