0 0.34765625 0.01875 0.34765625 0.021875 0.359375 0.021875 0.359375 0.01875 0.34765625 0.01875
0 0.4375 0.115625 0.4375 0.11875 0.44921875 0.11875 0.44921875 0.115625 0.4375 0.115625
0 1.21484375 0.21875 1.21484375 0.221875 1.2265625 0.221875 1.2265625 0.21875 1.21484375 0.21875
0 0.5234375 0.0 0.5234375 0.003125 0.61328125 0.003125 0.61328125 0.0 0.5234375 0.0
0 0.69140625 0.240625 0.69140625 0.24375 0.71484375 0.24375 0.71484375 0.240625 0.69140625 0.240625
0 1.2421875 0.246875 1.2421875 0.25 1.25 0.25 1.25 0.246875 1.2421875 0.246875
0 0.953125 0.190625 0.953125 0.19375 0.96875 0.19375 0.96875 0.190625 0.953125 0.190625
0 0.41796875 0.0 0.41796875 0.003125 0.4609375 0.003125 0.4609375 0.0 0.41796875 0.0
0 1.0078125 0.075 1.0078125 0.078125 1.03125 0.078125 1.03125 0.075 1.0078125 0.075
0 1.1875 0.396875 1.1875 0.4 1.20703125 0.4 1.20703125 0.396875 1.1875 0.396875
0 0.12109375 0.1125 0.12109375 0.115625 0.13671875 0.115625 0.13671875 0.1125 0.12109375 0.1125
0 0.50390625 0.0375 0.50390625 0.040625 0.5234375 0.040625 0.5234375 0.0375 0.50390625 0.0375
0 1.0 0.675 1.0 0.678125 1.00390625 0.678125 1.00390625 0.675 1.0 0.675
0 0.3671875 0.04375 0.3671875 0.046875 0.37890625 0.046875 0.37890625 0.04375 0.3671875 0.04375
0 0.7421875 0.325 0.7421875 0.328125 0.76171875 0.328125 0.76171875 0.325 0.7421875 0.325
0 0.140625 0.20625 0.140625 0.209375 0.14453125 0.209375 0.14453125 0.20625 0.140625 0.20625
0 0.609375 0.1875 0.609375 0.190625 0.625 0.190625 0.625 0.1875 0.609375 0.1875
0 0.24609375 0.75 0.24609375 0.753125 0.2734375 0.753125 0.2734375 0.75 0.24609375 0.75
0 0.85546875 0.1625 0.85546875 0.165625 0.87109375 0.165625 0.87109375 0.1625 0.85546875 0.1625
0 0.26953125 0.34375 0.26953125 0.346875 0.27734375 0.346875 0.27734375 0.34375 0.26953125 0.34375
0 1.24609375 0.190625 1.24609375 0.19375 1.25 0.19375 1.25 0.190625 1.24609375 0.190625
0 0.16796875 0.775 0.16796875 0.778125 0.2109375 0.778125 0.2109375 0.775 0.16796875 0.775
0 0.93359375 0.75625 0.93359375 0.759375 0.99609375 0.759375 0.99609375 0.75625 0.93359375 0.75625
0 0.27734375 0.784375 0.27734375 0.7875 0.28515625 0.7875 0.28515625 0.784375 0.27734375 0.784375
0 1.1015625 0.26875 1.1015625 0.271875 1.11328125 0.271875 1.11328125 0.26875 1.1015625 0.26875
0 0.53515625 0.115625 0.53515625 0.11875 0.57421875 0.11875 0.57421875 0.115625 0.53515625 0.115625
0 0.1328125 0.0 0.1328125 0.003125 0.2421875 0.003125 0.2421875 0.0 0.1328125 0.0
0 0.4765625 0.253125 0.4765625 0.25625 0.48828125 0.25625 0.48828125 0.253125 0.4765625 0.253125
0 1.2421875 0.00625 1.2421875 0.009375 1.25 0.009375 1.25 0.00625 1.2421875 0.00625
0 0.16796875 0.446875 0.16796875 0.45 0.1796875 0.45 0.1796875 0.446875 0.16796875 0.446875
0 0.82421875 0.053125 0.82421875 0.05625 0.83203125 0.05625 0.83203125 0.053125 0.82421875 0.053125
0 0.44140625 0.278125 0.44140625 0.28125 0.453125 0.28125 0.453125 0.278125 0.44140625 0.278125
0 0.13671875 0.021875 0.13671875 0.025 0.15625 0.025 0.15625 0.021875 0.13671875 0.021875
0 0.44140625 0.30625 0.44140625 0.309375 0.46875 0.309375 0.46875 0.30625 0.44140625 0.30625
0 0.58984375 0.021875 0.58984375 0.025 0.6171875 0.025 0.6171875 0.021875 0.58984375 0.021875
0 0.0546875 0.209375 0.0546875 0.2125 0.07421875 0.2125 0.07421875 0.209375 0.0546875 0.209375
0 0.328125 0.140625 0.328125 0.14375 0.34375 0.14375 0.34375 0.140625 0.328125 0.140625