0 1.1484375 0.60625 1.1484375 0.609375 1.171875 0.609375 1.171875 0.60625 1.1484375 0.60625
0 0.32421875 0.165625 0.32421875 0.16875 0.34375 0.16875 0.34375 0.165625 0.32421875 0.165625
0 0.0 0.7 0.0 0.703125 0.0078125 0.703125 0.0078125 0.7 0.0 0.7
0 0.58984375 0.71875 0.58984375 0.721875 0.66015625 0.721875 0.66015625 0.71875 0.58984375 0.71875
0 0.25 0.009375 0.25 0.0125 0.2578125 0.0125 0.2578125 0.009375 0.25 0.009375
0 0.0 0.0 0.0 0.003125 0.15234375 0.003125 0.15234375 0.0 0.0 0.0
0 1.15234375 0.734375 1.15234375 0.7375 1.17578125 0.7375 1.17578125 0.734375 1.15234375 0.734375
0 0.2890625 0.340625 0.2890625 0.34375 0.30859375 0.34375 0.30859375 0.340625 0.2890625 0.340625
0 1.1328125 0.409375 1.1328125 0.4125 1.171875 0.4125 1.171875 0.409375 1.1328125 0.409375
0 0.1171875 0.703125 0.1171875 0.70625 0.125 0.70625 0.125 0.703125 0.1171875 0.703125
0 0.02734375 0.65625 0.02734375 0.659375 0.0390625 0.659375 0.0390625 0.65625 0.02734375 0.65625
0 0.74609375 0.578125 0.74609375 0.58125 0.75 0.58125 0.75 0.578125 0.74609375 0.578125
0 1.140625 0.165625 1.140625 0.16875 1.1875 0.16875 1.1875 0.165625 1.140625 0.165625
0 0.4765625 0.0 0.4765625 0.003125 0.6484375 0.003125 0.6484375 0.0 0.4765625 0.0
0 0.99609375 0.6625 0.99609375 0.665625 1.0 0.665625 1.0 0.6625 0.99609375 0.6625