0 0.9076923076923077 0.6235632183908046 0.9076923076923077 0.625 0.925 0.625 0.925 0.6235632183908046 0.9076923076923077 0.6235632183908046
0 0.7615384615384615 0.7241379310344828 0.7615384615384615 0.7255747126436781 0.7673076923076924 0.7255747126436781 0.7673076923076924 0.7241379310344828 0.7615384615384615 0.7241379310344828
0 0.31153846153846154 0.24568965517241378 0.31153846153846154 0.2471264367816092 0.3269230769230769 0.2471264367816092 0.3269230769230769 0.24568965517241378 0.31153846153846154 0.24568965517241378
0 1.1134615384615385 0.4827586206896552 1.1134615384615385 0.48419540229885055 1.126923076923077 0.48419540229885055 1.126923076923077 0.4827586206896552 1.1134615384615385 0.4827586206896552
0 1.3134615384615385 0.07758620689655173 1.3134615384615385 0.07902298850574713 1.3307692307692307 0.07902298850574713 1.3307692307692307 0.07758620689655173 1.3134615384615385 0.07758620689655173
0 0.10192307692307692 0.4942528735632184 0.10192307692307692 0.4956896551724138 0.11538461538461539 0.4956896551724138 0.11538461538461539 0.4942528735632184 0.10192307692307692 0.4942528735632184
0 0.6692307692307692 0.4640804597701149 0.6692307692307692 0.46551724137931033 0.676923076923077 0.46551724137931033 0.676923076923077 0.4640804597701149 0.6692307692307692 0.4640804597701149
0 1.0403846153846155 0.5258620689655172 1.0403846153846155 0.5272988505747126 1.0557692307692308 0.5272988505747126 1.0557692307692308 0.5258620689655172 1.0403846153846155 0.5258620689655172
0 1.15 0.7227011494252874 1.15 0.7241379310344828 1.1615384615384616 0.7241379310344828 1.1615384615384616 0.7227011494252874 1.15 0.7227011494252874
0 1.3173076923076923 0.4640804597701149 1.3173076923076923 0.46551724137931033 1.3269230769230769 0.46551724137931033 1.3269230769230769 0.4640804597701149 1.3173076923076923 0.4640804597701149
0 1.2769230769230768 0.2916666666666667 1.2769230769230768 0.29310344827586204 1.2923076923076924 0.29310344827586204 1.2923076923076924 0.2916666666666667 1.2769230769230768 0.2916666666666667
0 1.175 0.3204022988505747 1.175 0.3218390804597701 1.1807692307692308 0.3218390804597701 1.1807692307692308 0.3204022988505747 1.175 0.3204022988505747
0 0.4673076923076923 0.05316091954022988 0.4673076923076923 0.05459770114942529 0.475 0.05459770114942529 0.475 0.05316091954022988 0.4673076923076923 0.05316091954022988
0 0.8153846153846154 0.6724137931034483 0.8153846153846154 0.6738505747126436 0.8288461538461539 0.6738505747126436 0.8288461538461539 0.6724137931034483 0.8153846153846154 0.6724137931034483
0 0.8519230769230769 0.6379310344827587 0.8519230769230769 0.639367816091954 0.8615384615384616 0.639367816091954 0.8615384615384616 0.6379310344827587 0.8519230769230769 0.6379310344827587
0 0.31346153846153846 0.20402298850574713 0.31346153846153846 0.20545977011494254 0.3173076923076923 0.20545977011494254 0.3173076923076923 0.20402298850574713 0.31346153846153846 0.20402298850574713
0 0.7269230769230769 0.7155172413793104 0.7269230769230769 0.7169540229885057 0.7557692307692307 0.7169540229885057 0.7557692307692307 0.7155172413793104 0.7269230769230769 0.7155172413793104
0 1.1134615384615385 0.41235632183908044 1.1134615384615385 0.41379310344827586 1.1211538461538462 0.41379310344827586 1.1211538461538462 0.41235632183908044 1.1134615384615385 0.41235632183908044
0 0.5673076923076923 0.5172413793103449 0.5673076923076923 0.5186781609195402 0.5769230769230769 0.5186781609195402 0.5769230769230769 0.5172413793103449 0.5673076923076923 0.5172413793103449
0 0.19423076923076923 0.41379310344827586 0.19423076923076923 0.41522988505747127 0.2153846153846154 0.41522988505747127 0.2153846153846154 0.41379310344827586 0.19423076923076923 0.41379310344827586
0 0.9596153846153846 0.0014367816091954023 0.9596153846153846 0.0028735632183908046 0.9730769230769231 0.0028735632183908046 0.9730769230769231 0.0014367816091954023 0.9596153846153846 0.0014367816091954023
0 0.6807692307692308 0.6364942528735632 0.6807692307692308 0.6379310344827587 0.6961538461538461 0.6379310344827587 0.6961538461538461 0.6364942528735632 0.6807692307692308 0.6364942528735632
0 0.38461538461538464 0.5459770114942529 0.38461538461538464 0.5474137931034483 0.38653846153846155 0.5474137931034483 0.38653846153846155 0.5459770114942529 0.38461538461538464 0.5459770114942529
0 0.5153846153846153 0.5660919540229885 0.5153846153846153 0.5675287356321839 0.5269230769230769 0.5675287356321839 0.5269230769230769 0.5660919540229885 0.5153846153846153 0.5660919540229885
0 0.7173076923076923 0.0 0.7173076923076923 0.0014367816091954023 0.7269230769230769 0.0014367816091954023 0.7269230769230769 0.0 0.7173076923076923 0.0
0 0.45576923076923076 0.0 0.45576923076923076 0.0014367816091954023 0.47692307692307695 0.0014367816091954023 0.47692307692307695 0.0 0.45576923076923076 0.0
0 0.09038461538461538 0.257183908045977 0.09038461538461538 0.25862068965517243 0.09423076923076923 0.25862068965517243 0.09423076923076923 0.257183908045977 0.09038461538461538 0.257183908045977
0 1.0557692307692308 0.6637931034482759 1.0557692307692308 0.6652298850574713 1.0615384615384615 0.6652298850574713 1.0615384615384615 0.6637931034482759 1.0557692307692308 0.6637931034482759
0 0.057692307692307696 0.2974137931034483 0.057692307692307696 0.2988505747126437 0.075 0.2988505747126437 0.075 0.2974137931034483 0.057692307692307696 0.2974137931034483
0 0.7653846153846153 0.0 0.7653846153846153 0.0014367816091954023 0.8057692307692308 0.0014367816091954023 0.8057692307692308 0.0 0.7653846153846153 0.0
0 1.1346153846153846 0.4209770114942529 1.1346153846153846 0.4224137931034483 1.1423076923076922 0.4224137931034483 1.1423076923076922 0.4209770114942529 1.1346153846153846 0.4209770114942529
0 0.0019230769230769232 0.47270114942528735 0.0019230769230769232 0.47413793103448276 0.015384615384615385 0.47413793103448276 0.015384615384615385 0.47270114942528735 0.0019230769230769232 0.47270114942528735
0 1.073076923076923 0.5531609195402298 1.073076923076923 0.5545977011494253 1.0961538461538463 0.5545977011494253 1.0961538461538463 0.5531609195402298 1.073076923076923 0.5531609195402298
0 0.47307692307692306 0.5574712643678161 0.47307692307692306 0.5589080459770115 0.4846153846153846 0.5589080459770115 0.4846153846153846 0.5574712643678161 0.47307692307692306 0.5574712643678161
0 0.08846153846153847 0.5201149425287356 0.08846153846153847 0.521551724137931 0.10192307692307692 0.521551724137931 0.10192307692307692 0.5201149425287356 0.08846153846153847 0.5201149425287356
0 0.6057692307692307 0.33189655172413796 0.6057692307692307 0.3333333333333333 0.6096153846153847 0.3333333333333333 0.6096153846153847 0.33189655172413796 0.6057692307692307 0.33189655172413796
0 1.3365384615384615 0.1925287356321839 1.3365384615384615 0.1939655172413793 1.3384615384615384 0.1939655172413793 1.3384615384615384 0.1925287356321839 1.3365384615384615 0.1925287356321839
0 0.9442307692307692 0.30603448275862066 0.9442307692307692 0.3074712643678161 0.9576923076923077 0.3074712643678161 0.9576923076923077 0.30603448275862066 0.9442307692307692 0.30603448275862066
0 0.08461538461538462 0.610632183908046 0.08461538461538462 0.6120689655172413 0.10192307692307692 0.6120689655172413 0.10192307692307692 0.610632183908046 0.08461538461538462 0.610632183908046
0 0.14423076923076922 0.09339080459770115 0.14423076923076922 0.09482758620689655 0.1596153846153846 0.09482758620689655 0.1596153846153846 0.09339080459770115 0.14423076923076922 0.09339080459770115
0 0.19038461538461537 0.25 0.19038461538461537 0.2514367816091954 0.20576923076923076 0.2514367816091954 0.20576923076923076 0.25 0.19038461538461537 0.25
0 0.2980769230769231 0.5632183908045977 0.2980769230769231 0.5646551724137931 0.3211538461538462 0.5646551724137931 0.3211538461538462 0.5632183908045977 0.2980769230769231 0.5632183908045977
0 0.6788461538461539 0.08189655172413793 0.6788461538461539 0.08333333333333333 0.6865384615384615 0.08333333333333333 0.6865384615384615 0.08189655172413793 0.6788461538461539 0.08189655172413793
0 1.275 0.34770114942528735 1.275 0.34913793103448276 1.2826923076923078 0.34913793103448276 1.2826923076923078 0.34770114942528735 1.275 0.34770114942528735
0 0.9576923076923077 0.6695402298850575 0.9576923076923077 0.6709770114942529 0.9711538461538461 0.6709770114942529 0.9711538461538461 0.6695402298850575 0.9576923076923077 0.6695402298850575
0 0.47692307692307695 0.4583333333333333 0.47692307692307695 0.45977011494252873 0.49615384615384617 0.45977011494252873 0.49615384615384617 0.4583333333333333 0.47692307692307695 0.4583333333333333
0 0.625 0.6609195402298851 0.625 0.6623563218390804 0.6384615384615384 0.6623563218390804 0.6384615384615384 0.6609195402298851 0.625 0.6609195402298851
0 0.5057692307692307 0.004310344827586207 0.5057692307692307 0.005747126436781609 0.5115384615384615 0.005747126436781609 0.5115384615384615 0.004310344827586207 0.5057692307692307 0.004310344827586207
0 0.27115384615384613 0.040229885057471264 0.27115384615384613 0.041666666666666664 0.2826923076923077 0.041666666666666664 0.2826923076923077 0.040229885057471264 0.27115384615384613 0.040229885057471264
0 0.19807692307692307 0.5445402298850575 0.19807692307692307 0.5459770114942529 0.20384615384615384 0.5459770114942529 0.20384615384615384 0.5445402298850575 0.19807692307692307 0.5445402298850575
0 0.3173076923076923 0.6738505747126436 0.3173076923076923 0.6752873563218391 0.32884615384615384 0.6752873563218391 0.32884615384615384 0.6738505747126436 0.3173076923076923 0.6738505747126436
0 0.8 0.16954022988505746 0.8 0.17097701149425287 0.8096153846153846 0.17097701149425287 0.8096153846153846 0.16954022988505746 0.8 0.16954022988505746
0 0.05 0.5790229885057471 0.05 0.5804597701149425 0.075 0.5804597701149425 0.075 0.5790229885057471 0.05 0.5790229885057471
0 1.0980769230769232 0.16091954022988506 1.0980769230769232 0.16235632183908047 1.126923076923077 0.16235632183908047 1.126923076923077 0.16091954022988506 1.0980769230769232 0.16091954022988506
0 0.6442307692307693 0.4985632183908046 0.6442307692307693 0.5 0.6653846153846154 0.5 0.6653846153846154 0.4985632183908046 0.6442307692307693 0.4985632183908046
0 1.3346153846153845 0.2672413793103448 1.3346153846153845 0.2686781609195402 1.3384615384615384 0.2686781609195402 1.3384615384615384 0.2672413793103448 1.3346153846153845 0.2672413793103448
0 0.8288461538461539 0.4583333333333333 0.8288461538461539 0.45977011494252873 0.8557692307692307 0.45977011494252873 0.8557692307692307 0.4583333333333333 0.8288461538461539 0.4583333333333333
0 0.9923076923076923 0.2413793103448276 0.9923076923076923 0.24281609195402298 1.001923076923077 0.24281609195402298 1.001923076923077 0.2413793103448276 0.9923076923076923 0.2413793103448276
0 0.6961538461538461 0.2801724137931034 0.6961538461538461 0.28160919540229884 0.7076923076923077 0.28160919540229884 0.7076923076923077 0.2801724137931034 0.6961538461538461 0.2801724137931034
0 0.9903846153846154 0.5316091954022989 0.9903846153846154 0.5330459770114943 1.0038461538461538 0.5330459770114943 1.0038461538461538 0.5316091954022989 0.9903846153846154 0.5316091954022989
0 0.3230769230769231 0.2614942528735632 0.3230769230769231 0.2629310344827586 0.32884615384615384 0.2629310344827586 0.32884615384615384 0.2614942528735632 0.3230769230769231 0.2614942528735632
0 0.7557692307692307 0.7227011494252874 0.7557692307692307 0.7241379310344828 0.7615384615384615 0.7241379310344828 0.7615384615384615 0.7227011494252874 0.7557692307692307 0.7227011494252874
0 0.07115384615384615 0.0617816091954023 0.07115384615384615 0.06321839080459771 0.08846153846153847 0.06321839080459771 0.08846153846153847 0.0617816091954023 0.07115384615384615 0.0617816091954023
0 1.2557692307692307 0.2801724137931034 1.2557692307692307 0.28160919540229884 1.2653846153846153 0.28160919540229884 1.2653846153846153 0.2801724137931034 1.2557692307692307 0.2801724137931034
0 1.2615384615384615 0.507183908045977 1.2615384615384615 0.5086206896551724 1.273076923076923 0.5086206896551724 1.273076923076923 0.507183908045977 1.2615384615384615 0.507183908045977
0 1.1634615384615385 0.4540229885057471 1.1634615384615385 0.45545977011494254 1.175 0.45545977011494254 1.175 0.4540229885057471 1.1634615384615385 0.4540229885057471
0 0.47115384615384615 0.7198275862068966 0.47115384615384615 0.7212643678160919 0.4807692307692308 0.7212643678160919 0.4807692307692308 0.7198275862068966 0.47115384615384615 0.7198275862068966
0 1.1384615384615384 0.027298850574712645 1.1384615384615384 0.028735632183908046 1.15 0.028735632183908046 1.15 0.027298850574712645 1.1384615384615384 0.027298850574712645
0 0.31346153846153846 0.39798850574712646 0.31346153846153846 0.3994252873563218 0.3269230769230769 0.3994252873563218 0.3269230769230769 0.39798850574712646 0.31346153846153846 0.39798850574712646
0 1.2038461538461538 0.45545977011494254 1.2038461538461538 0.45689655172413796 1.2192307692307693 0.45689655172413796 1.2192307692307693 0.45545977011494254 1.2038461538461538 0.45545977011494254
0 0.4076923076923077 0.1968390804597701 0.4076923076923077 0.19827586206896552 0.4115384615384615 0.19827586206896552 0.4115384615384615 0.1968390804597701 0.4076923076923077 0.1968390804597701
0 0.37884615384615383 0.020114942528735632 0.37884615384615383 0.021551724137931036 0.4173076923076923 0.021551724137931036 0.4173076923076923 0.020114942528735632 0.37884615384615383 0.020114942528735632
0 0.01730769230769231 0.11781609195402298 0.01730769230769231 0.11925287356321838 0.028846153846153848 0.11925287356321838 0.028846153846153848 0.11781609195402298 0.01730769230769231 0.11781609195402298
0 0.9423076923076923 0.0 0.9423076923076923 0.0014367816091954023 1.0 0.0014367816091954023 1.0 0.0 0.9423076923076923 0.0
0 0.7384615384615385 0.37787356321839083 0.7384615384615385 0.3793103448275862 0.7461538461538462 0.3793103448275862 0.7461538461538462 0.37787356321839083 0.7384615384615385 0.37787356321839083
0 0.8826923076923077 0.1235632183908046 0.8826923076923077 0.125 0.8923076923076924 0.125 0.8923076923076924 0.1235632183908046 0.8826923076923077 0.1235632183908046
0 0.6057692307692307 0.6005747126436781 0.6057692307692307 0.6020114942528736 0.6096153846153847 0.6020114942528736 0.6096153846153847 0.6005747126436781 0.6057692307692307 0.6005747126436781
0 0.9519230769230769 0.7298850574712644 0.9519230769230769 0.7313218390804598 0.9711538461538461 0.7313218390804598 0.9711538461538461 0.7298850574712644 0.9519230769230769 0.7298850574712644
0 0.7423076923076923 0.40229885057471265 0.7423076923076923 0.40373563218390807 0.7519230769230769 0.40373563218390807 0.7519230769230769 0.40229885057471265 0.7423076923076923 0.40229885057471265
0 1.2173076923076922 0.5531609195402298 1.2173076923076922 0.5545977011494253 1.2211538461538463 0.5545977011494253 1.2211538461538463 0.5531609195402298 1.2173076923076922 0.5531609195402298
0 0.823076923076923 0.5919540229885057 0.823076923076923 0.5933908045977011 0.8346153846153846 0.5933908045977011 0.8346153846153846 0.5919540229885057 0.823076923076923 0.5919540229885057
0 1.3096153846153846 0.16810344827586207 1.3096153846153846 0.16954022988505746 1.3192307692307692 0.16954022988505746 1.3192307692307692 0.16810344827586207 1.3096153846153846 0.16810344827586207
0 0.9634615384615385 0.4367816091954023 0.9634615384615385 0.4382183908045977 1.0038461538461538 0.4382183908045977 1.0038461538461538 0.4367816091954023 0.9634615384615385 0.4367816091954023
0 0.6288461538461538 0.6896551724137931 0.6288461538461538 0.6910919540229885 0.6384615384615384 0.6910919540229885 0.6384615384615384 0.6896551724137931 0.6288461538461538 0.6896551724137931
0 1.075 0.4525862068965517 1.075 0.4540229885057471 1.0865384615384615 0.4540229885057471 1.0865384615384615 0.4525862068965517 1.075 0.4525862068965517
0 0.5769230769230769 0.0 0.5769230769230769 0.0014367816091954023 0.6 0.0014367816091954023 0.6 0.0 0.5769230769230769 0.0
0 0.7673076923076924 0.5272988505747126 0.7673076923076924 0.5287356321839081 0.7807692307692308 0.5287356321839081 0.7807692307692308 0.5272988505747126 0.7673076923076924 0.5272988505747126
0 0.4 0.4482758620689655 0.4 0.44971264367816094 0.4076923076923077 0.44971264367816094 0.4076923076923077 0.4482758620689655 0.4 0.4482758620689655
0 0.9903846153846154 0.7054597701149425 0.9903846153846154 0.7068965517241379 0.9961538461538462 0.7068965517241379 0.9961538461538462 0.7054597701149425 0.9903846153846154 0.7054597701149425
0 0.2673076923076923 0.6479885057471264 0.2673076923076923 0.6494252873563219 0.2846153846153846 0.6494252873563219 0.2846153846153846 0.6479885057471264 0.2673076923076923 0.6479885057471264
0 0.4576923076923077 0.6278735632183908 0.4576923076923077 0.6293103448275862 0.475 0.6293103448275862 0.475 0.6278735632183908 0.4576923076923077 0.6278735632183908
0 0.2865384615384615 0.11206896551724138 0.2865384615384615 0.11350574712643678 0.29423076923076924 0.11350574712643678 0.29423076923076924 0.11206896551724138 0.2865384615384615 0.11206896551724138
0 1.0961538461538463 0.04310344827586207 1.0961538461538463 0.04454022988505747 1.101923076923077 0.04454022988505747 1.101923076923077 0.04310344827586207 1.0961538461538463 0.04310344827586207
0 0.2846153846153846 0.41235632183908044 0.2846153846153846 0.41379310344827586 0.29423076923076924 0.41379310344827586 0.29423076923076924 0.41235632183908044 0.2846153846153846 0.41235632183908044
0 0.28076923076923077 0.1839080459770115 0.28076923076923077 0.1853448275862069 0.2865384615384615 0.1853448275862069 0.2865384615384615 0.1839080459770115 0.28076923076923077 0.1839080459770115
0 0.8980769230769231 0.10919540229885058 0.8980769230769231 0.11063218390804598 0.9115384615384615 0.11063218390804598 0.9115384615384615 0.10919540229885058 0.8980769230769231 0.10919540229885058
0 0.7807692307692308 0.6206896551724138 0.7807692307692308 0.6221264367816092 0.7846153846153846 0.6221264367816092 0.7846153846153846 0.6206896551724138 0.7807692307692308 0.6206896551724138
0 0.85 0.6609195402298851 0.85 0.6623563218390804 0.8673076923076923 0.6623563218390804 0.8673076923076923 0.6609195402298851 0.85 0.6609195402298851
0 0.8153846153846154 0.4382183908045977 0.8153846153846154 0.4396551724137931 0.8423076923076923 0.4396551724137931 0.8423076923076923 0.4382183908045977 0.8153846153846154 0.4382183908045977
0 1.0538461538461539 0.24281609195402298 1.0538461538461539 0.2442528735632184 1.0692307692307692 0.2442528735632184 1.0692307692307692 0.24281609195402298 1.0538461538461539 0.24281609195402298
0 0.10384615384615385 0.04597701149425287 0.10384615384615385 0.04741379310344827 0.12692307692307692 0.04741379310344827 0.12692307692307692 0.04597701149425287 0.10384615384615385 0.04597701149425287
0 0.9865384615384616 0.521551724137931 0.9865384615384616 0.5229885057471264 0.9942307692307693 0.5229885057471264 0.9942307692307693 0.521551724137931 0.9865384615384616 0.521551724137931
0 0.011538461538461539 0.0 0.011538461538461539 0.0014367816091954023 0.07115384615384615 0.0014367816091954023 0.07115384615384615 0.0 0.011538461538461539 0.0
0 0.2403846153846154 0.5962643678160919 0.2403846153846154 0.5977011494252874 0.24807692307692308 0.5977011494252874 0.24807692307692308 0.5962643678160919 0.2403846153846154 0.5962643678160919
0 0.2 0.3146551724137931 0.2 0.3160919540229885 0.20576923076923076 0.3160919540229885 0.20576923076923076 0.3146551724137931 0.2 0.3146551724137931
0 0.5923076923076923 0.17097701149425287 0.5923076923076923 0.1724137931034483 0.5961538461538461 0.1724137931034483 0.5961538461538461 0.17097701149425287 0.5923076923076923 0.17097701149425287
0 0.85 0.5201149425287356 0.85 0.521551724137931 0.8538461538461538 0.521551724137931 0.8538461538461538 0.5201149425287356 0.85 0.5201149425287356
0 0.6692307692307692 0.6091954022988506 0.6692307692307692 0.610632183908046 0.6807692307692308 0.610632183908046 0.6807692307692308 0.6091954022988506 0.6692307692307692 0.6091954022988506
0 0.4846153846153846 0.49137931034482757 0.4846153846153846 0.492816091954023 0.4980769230769231 0.492816091954023 0.4980769230769231 0.49137931034482757 0.4846153846153846 0.49137931034482757
0 0.14807692307692308 0.17672413793103448 0.14807692307692308 0.1781609195402299 0.16346153846153846 0.1781609195402299 0.16346153846153846 0.17672413793103448 0.14807692307692308 0.17672413793103448
0 1.1576923076923078 0.007183908045977011 1.1576923076923078 0.008620689655172414 1.1673076923076924 0.008620689655172414 1.1673076923076924 0.007183908045977011 1.1576923076923078 0.007183908045977011
0 1.1903846153846154 0.46264367816091956 1.1903846153846154 0.4640804597701149 1.2057692307692307 0.4640804597701149 1.2057692307692307 0.46264367816091956 1.1903846153846154 0.46264367816091956
0 0.011538461538461539 0.4339080459770115 0.011538461538461539 0.4353448275862069 0.038461538461538464 0.4353448275862069 0.038461538461538464 0.4339080459770115 0.011538461538461539 0.4339080459770115
0 0.7423076923076923 0.08620689655172414 0.7423076923076923 0.08764367816091954 0.7557692307692307 0.08764367816091954 0.7557692307692307 0.08620689655172414 0.7423076923076923 0.08620689655172414
0 0.021153846153846155 0.05028735632183908 0.021153846153846155 0.05172413793103448 0.025 0.05172413793103448 0.025 0.05028735632183908 0.021153846153846155 0.05028735632183908
0 0.5173076923076924 0.7011494252873564 0.5173076923076924 0.7025862068965517 0.5365384615384615 0.7025862068965517 0.5365384615384615 0.7011494252873564 0.5173076923076924 0.7011494252873564
0 0.8173076923076923 0.6824712643678161 0.8173076923076923 0.6839080459770115 0.8269230769230769 0.6839080459770115 0.8269230769230769 0.6824712643678161 0.8173076923076923 0.6824712643678161
0 0.40576923076923077 0.367816091954023 0.40576923076923077 0.3692528735632184 0.4153846153846154 0.3692528735632184 0.4153846153846154 0.367816091954023 0.40576923076923077 0.367816091954023
0 0.9211538461538461 0.38362068965517243 0.9211538461538461 0.3850574712643678 0.9653846153846154 0.3850574712643678 0.9653846153846154 0.38362068965517243 0.9211538461538461 0.38362068965517243
0 1.1615384615384616 0.020114942528735632 1.1615384615384616 0.021551724137931036 1.176923076923077 0.021551724137931036 1.176923076923077 0.020114942528735632 1.1615384615384616 0.020114942528735632
0 0.6115384615384616 0.6681034482758621 0.6115384615384616 0.6695402298850575 0.6153846153846154 0.6695402298850575 0.6153846153846154 0.6681034482758621 0.6115384615384616 0.6681034482758621
0 0.09230769230769231 0.6910919540229885 0.09230769230769231 0.6925287356321839 0.11153846153846154 0.6925287356321839 0.11153846153846154 0.6910919540229885 0.09230769230769231 0.6910919540229885
0 1.0884615384615384 0.6350574712643678 1.0884615384615384 0.6364942528735632 1.1 0.6364942528735632 1.1 0.6350574712643678 1.0884615384615384 0.6350574712643678
0 0.45384615384615384 0.5905172413793104 0.45384615384615384 0.5919540229885057 0.47884615384615387 0.5919540229885057 0.47884615384615387 0.5905172413793104 0.45384615384615384 0.5905172413793104
0 0.3211538461538462 0.6853448275862069 0.3211538461538462 0.6867816091954023 0.32884615384615384 0.6867816091954023 0.32884615384615384 0.6853448275862069 0.3211538461538462 0.6853448275862069
0 1.3326923076923076 0.521551724137931 1.3326923076923076 0.5229885057471264 1.3384615384615384 0.5229885057471264 1.3384615384615384 0.521551724137931 1.3326923076923076 0.521551724137931