0 0.796875 0.240625 0.796875 0.24375 0.8515625 0.24375 0.8515625 0.240625 0.796875 0.240625
0 0.66015625 0.20625 0.66015625 0.209375 0.6953125 0.209375 0.6953125 0.20625 0.66015625 0.20625
0 1.22265625 0.753125 1.22265625 0.75625 1.25 0.75625 1.25 0.753125 1.22265625 0.753125
0 1.03515625 0.496875 1.03515625 0.5 1.06640625 0.5 1.06640625 0.496875 1.03515625 0.496875
0 0.71484375 0.3 0.71484375 0.303125 0.7421875 0.303125 0.7421875 0.3 0.71484375 0.3
0 1.109375 0.021875 1.109375 0.025 1.1328125 0.025 1.1328125 0.021875 1.109375 0.021875
0 0.2109375 0.7625 0.2109375 0.765625 0.265625 0.765625 0.265625 0.7625 0.2109375 0.7625
0 0.90625 0.20625 0.90625 0.209375 0.93359375 0.209375 0.93359375 0.20625 0.90625 0.20625
0 0.38671875 0.13125 0.38671875 0.134375 0.41015625 0.134375 0.41015625 0.13125 0.38671875 0.13125
0 1.1015625 0.5 1.1015625 0.503125 1.125 0.503125 1.125 0.5 1.1015625 0.5
0 0.75 0.690625 0.75 0.69375 0.7734375 0.69375 0.7734375 0.690625 0.75 0.690625
0 1.10546875 0.66875 1.10546875 0.671875 1.125 0.671875 1.125 0.66875 1.10546875 0.66875
0 0.9921875 0.75 0.9921875 0.753125 0.99609375 0.753125 0.99609375 0.75 0.9921875 0.75
0 0.078125 0.44375 0.078125 0.446875 0.09765625 0.446875 0.09765625 0.44375 0.078125 0.44375
0 0.17578125 0.590625 0.17578125 0.59375 0.2109375 0.59375 0.2109375 0.590625 0.17578125 0.590625
0 0.26171875 0.365625 0.26171875 0.36875 0.27734375 0.36875 0.27734375 0.365625 0.26171875 0.365625
0 0.2890625 0.2 0.2890625 0.203125 0.33203125 0.203125 0.33203125 0.2 0.2890625 0.2
0 0.828125 0.74375 0.828125 0.746875 0.86328125 0.746875 0.86328125 0.74375 0.828125 0.74375
0 0.734375 0.09375 0.734375 0.096875 0.74609375 0.096875 0.74609375 0.09375 0.734375 0.09375
0 0.234375 0.65 0.234375 0.653125 0.26171875 0.653125 0.26171875 0.65 0.234375 0.65
0 0.7890625 0.034375 0.7890625 0.0375 0.8125 0.0375 0.8125 0.034375 0.7890625 0.034375
0 0.875 0.0 0.875 0.003125 0.97265625 0.003125 0.97265625 0.0 0.875 0.0
0 0.1796875 0.365625 0.1796875 0.36875 0.21484375 0.36875 0.21484375 0.365625 0.1796875 0.365625
0 1.24609375 0.490625 1.24609375 0.49375 1.25 0.49375 1.25 0.490625 1.24609375 0.490625
0 0.12890625 0.215625 0.12890625 0.21875 0.15234375 0.21875 0.15234375 0.215625 0.12890625 0.215625
0 0.0859375 0.29375 0.0859375 0.296875 0.09765625 0.296875 0.09765625 0.29375 0.0859375 0.29375
0 1.06640625 0.684375 1.06640625 0.6875 1.09375 0.6875 1.09375 0.684375 1.06640625 0.684375
0 1.0 0.0375 1.0 0.040625 1.01953125 0.040625 1.01953125 0.0375 1.0 0.0375
0 0.53515625 0.590625 0.53515625 0.59375 0.55078125 0.59375 0.55078125 0.590625 0.53515625 0.590625
0 0.59375 0.571875 0.59375 0.575 0.62109375 0.575 0.62109375 0.571875 0.59375 0.571875
0 0.015625 0.415625 0.015625 0.41875 0.078125 0.41875 0.078125 0.415625 0.015625 0.415625
0 0.55859375 0.0 0.55859375 0.003125 0.62890625 0.003125 0.62890625 0.0 0.55859375 0.0
0 0.46484375 0.0 0.46484375 0.003125 0.53515625 0.003125 0.53515625 0.0 0.46484375 0.0
0 0.51171875 0.153125 0.51171875 0.15625 0.53515625 0.15625 0.53515625 0.153125 0.51171875 0.153125
0 0.25 0.109375 0.25 0.1125 0.25390625 0.1125 0.25390625 0.109375 0.25 0.109375
0 1.2421875 0.371875 1.2421875 0.375 1.24609375 0.375 1.24609375 0.371875 1.2421875 0.371875
0 0.46484375 0.28125 0.46484375 0.284375 0.46875 0.284375 0.46875 0.28125 0.46484375 0.28125
0 0.95703125 0.746875 0.95703125 0.75 0.9765625 0.75 0.9765625 0.746875 0.95703125 0.746875
0 0.59765625 0.58125 0.59765625 0.584375 0.63671875 0.584375 0.63671875 0.58125 0.59765625 0.58125
0 1.05078125 0.45 1.05078125 0.453125 1.08203125 0.453125 1.08203125 0.45 1.05078125 0.45
0 0.48828125 0.69375 0.48828125 0.696875 0.49609375 0.696875 0.49609375 0.69375 0.48828125 0.69375
0 0.78125 0.315625 0.78125 0.31875 0.79296875 0.31875 0.79296875 0.315625 0.78125 0.315625
0 0.74609375 0.503125 0.74609375 0.50625 0.75 0.50625 0.75 0.503125 0.74609375 0.503125
0 0.17578125 0.446875 0.17578125 0.45 0.2109375 0.45 0.2109375 0.446875 0.17578125 0.446875
0 0.54296875 0.240625 0.54296875 0.24375 0.57421875 0.24375 0.57421875 0.240625 0.54296875 0.240625
0 0.3125 0.7125 0.3125 0.715625 0.33203125 0.715625 0.33203125 0.7125 0.3125 0.7125
0 0.66796875 0.653125 0.66796875 0.65625 0.69140625 0.65625 0.69140625 0.653125 0.66796875 0.653125
0 0.65625 0.4125 0.65625 0.415625 0.66796875 0.415625 0.66796875 0.4125 0.65625 0.4125
0 1.1953125 0.3 1.1953125 0.303125 1.21484375 0.303125 1.21484375 0.3 1.1953125 0.3
0 0.75 0.390625 0.75 0.39375 0.765625 0.39375 0.765625 0.390625 0.75 0.390625
0 0.59765625 0.64375 0.59765625 0.646875 0.6328125 0.646875 0.6328125 0.64375 0.59765625 0.64375
0 0.15625 0.465625 0.15625 0.46875 0.16015625 0.46875 0.16015625 0.465625 0.15625 0.465625
0 1.19140625 0.303125 1.19140625 0.30625 1.21484375 0.30625 1.21484375 0.303125 1.19140625 0.303125
0 0.1328125 0.54375 0.1328125 0.546875 0.171875 0.546875 0.171875 0.54375 0.1328125 0.54375
0 0.92578125 0.384375 0.92578125 0.3875 0.94921875 0.3875 0.94921875 0.384375 0.92578125 0.384375
0 1.15234375 0.078125 1.15234375 0.08125 1.1875 0.08125 1.1875 0.078125 1.15234375 0.078125
0 0.984375 0.484375 0.984375 0.4875 1.015625 0.4875 1.015625 0.484375 0.984375 0.484375
0 0.17578125 0.640625 0.17578125 0.64375 0.203125 0.64375 0.203125 0.640625 0.17578125 0.640625
0 1.2265625 0.05625 1.2265625 0.059375 1.24609375 0.059375 1.24609375 0.05625 1.2265625 0.05625
0 1.1875 0.734375 1.1875 0.7375 1.20703125 0.7375 1.20703125 0.734375 1.1875 0.734375
0 0.80078125 0.3375 0.80078125 0.340625 0.828125 0.340625 0.828125 0.3375 0.80078125 0.3375
0 1.1953125 0.4625 1.1953125 0.465625 1.2265625 0.465625 1.2265625 0.4625 1.1953125 0.4625
0 1.125 0.709375 1.125 0.7125 1.15625 0.7125 1.15625 0.709375 1.125 0.709375
0 1.0703125 0.15625 1.0703125 0.159375 1.1015625 0.159375 1.1015625 0.15625 1.0703125 0.15625