0 0.41346153846153844 0.6637931034482759 0.41346153846153844 0.6652298850574713 0.4288461538461538 0.6652298850574713 0.4288461538461538 0.6637931034482759 0.41346153846153844 0.6637931034482759
0 1.2038461538461538 0.735632183908046 1.2038461538461538 0.7370689655172413 1.2153846153846153 0.7370689655172413 1.2153846153846153 0.735632183908046 1.2038461538461538 0.735632183908046
0 1.2846153846153847 0.07902298850574713 1.2846153846153847 0.08045977011494253 1.2903846153846155 0.08045977011494253 1.2903846153846155 0.07902298850574713 1.2846153846153847 0.07902298850574713
0 0.3903846153846154 0.028735632183908046 0.3903846153846154 0.03017241379310345 0.39615384615384613 0.03017241379310345 0.39615384615384613 0.028735632183908046 0.3903846153846154 0.028735632183908046
0 0.09615384615384616 0.6795977011494253 0.09615384615384616 0.6810344827586207 0.1 0.6810344827586207 0.1 0.6795977011494253 0.09615384615384616 0.6795977011494253
0 1.3192307692307692 0.6810344827586207 1.3192307692307692 0.6824712643678161 1.3269230769230769 0.6824712643678161 1.3269230769230769 0.6810344827586207 1.3192307692307692 0.6810344827586207
0 1.2134615384615384 0.45545977011494254 1.2134615384615384 0.45689655172413796 1.2365384615384616 0.45689655172413796 1.2365384615384616 0.45545977011494254 1.2134615384615384 0.45545977011494254
0 1.0692307692307692 0.46695402298850575 1.0692307692307692 0.46839080459770116 1.0846153846153845 0.46839080459770116 1.0846153846153845 0.46695402298850575 1.0692307692307692 0.46695402298850575
0 1.3365384615384615 0.5445402298850575 1.3365384615384615 0.5459770114942529 1.3384615384615384 0.5459770114942529 1.3384615384615384 0.5445402298850575 1.3365384615384615 0.5445402298850575
0 1.1576923076923078 0.492816091954023 1.1576923076923078 0.4942528735632184 1.1826923076923077 0.4942528735632184 1.1826923076923077 0.492816091954023 1.1576923076923078 0.492816091954023
0 1.0153846153846153 0.21695402298850575 1.0153846153846153 0.21839080459770116 1.0326923076923078 0.21839080459770116 1.0326923076923078 0.21695402298850575 1.0153846153846153 0.21695402298850575
0 0.9865384615384616 0.01293103448275862 0.9865384615384616 0.014367816091954023 1.001923076923077 0.014367816091954023 1.001923076923077 0.01293103448275862 0.9865384615384616 0.01293103448275862
0 1.2461538461538462 0.28879310344827586 1.2461538461538462 0.29022988505747127 1.2653846153846153 0.29022988505747127 1.2653846153846153 0.28879310344827586 1.2461538461538462 0.28879310344827586
0 0.4153846153846154 0.11637931034482758 0.4153846153846154 0.11781609195402298 0.41923076923076924 0.11781609195402298 0.41923076923076924 0.11637931034482758 0.4153846153846154 0.11637931034482758
0 0.05961538461538462 0.6867816091954023 0.05961538461538462 0.6882183908045977 0.07307692307692308 0.6882183908045977 0.07307692307692308 0.6867816091954023 0.05961538461538462 0.6867816091954023
0 1.0173076923076922 0.28879310344827586 1.0173076923076922 0.29022988505747127 1.021153846153846 0.29022988505747127 1.021153846153846 0.28879310344827586 1.0173076923076922 0.28879310344827586
0 0.9692307692307692 0.07183908045977011 0.9692307692307692 0.07327586206896551 0.975 0.07327586206896551 0.975 0.07183908045977011 0.9692307692307692 0.07183908045977011
0 0.9307692307692308 0.33189655172413796 0.9307692307692308 0.3333333333333333 0.9442307692307692 0.3333333333333333 0.9442307692307692 0.33189655172413796 0.9307692307692308 0.33189655172413796
0 1.1519230769230768 0.35344827586206895 1.1519230769230768 0.35488505747126436 1.1942307692307692 0.35488505747126436 1.1942307692307692 0.35344827586206895 1.1519230769230768 0.35344827586206895
0 1.3307692307692307 0.6221264367816092 1.3307692307692307 0.6235632183908046 1.3365384615384615 0.6235632183908046 1.3365384615384615 0.6221264367816092 1.3307692307692307 0.6221264367816092
0 0.9884615384615385 0.5531609195402298 0.9884615384615385 0.5545977011494253 0.9942307692307693 0.5545977011494253 0.9942307692307693 0.5531609195402298 0.9884615384615385 0.5531609195402298
0 0.9076923076923077 0.0 0.9076923076923077 0.0014367816091954023 0.9211538461538461 0.0014367816091954023 0.9211538461538461 0.0 0.9076923076923077 0.0
0 0.3423076923076923 0.5387931034482759 0.3423076923076923 0.5402298850574713 0.36153846153846153 0.5402298850574713 0.36153846153846153 0.5387931034482759 0.3423076923076923 0.5387931034482759
0 0.7076923076923077 0.6422413793103449 0.7076923076923077 0.6436781609195402 0.7192307692307692 0.6436781609195402 0.7192307692307692 0.6422413793103449 0.7076923076923077 0.6422413793103449
0 0.5384615384615384 0.41522988505747127 0.5384615384615384 0.4166666666666667 0.5846153846153846 0.4166666666666667 0.5846153846153846 0.41522988505747127 0.5384615384615384 0.41522988505747127
0 0.41346153846153844 0.5028735632183908 0.41346153846153844 0.5043103448275862 0.4173076923076923 0.5043103448275862 0.4173076923076923 0.5028735632183908 0.41346153846153844 0.5028735632183908
0 1.051923076923077 0.6379310344827587 1.051923076923077 0.639367816091954 1.0576923076923077 0.639367816091954 1.0576923076923077 0.6379310344827587 1.051923076923077 0.6379310344827587
0 0.08461538461538462 0.20689655172413793 0.08461538461538462 0.20833333333333334 0.09615384615384616 0.20833333333333334 0.09615384615384616 0.20689655172413793 0.08461538461538462 0.20689655172413793
0 0.04423076923076923 0.22701149425287356 0.04423076923076923 0.22844827586206898 0.05961538461538462 0.22844827586206898 0.05961538461538462 0.22701149425287356 0.04423076923076923 0.22701149425287356
0 0.38076923076923075 0.5344827586206896 0.38076923076923075 0.5359195402298851 0.3903846153846154 0.5359195402298851 0.3903846153846154 0.5344827586206896 0.38076923076923075 0.5344827586206896
0 0.3923076923076923 0.2471264367816092 0.3923076923076923 0.24856321839080459 0.39807692307692305 0.24856321839080459 0.39807692307692305 0.2471264367816092 0.3923076923076923 0.2471264367816092
0 1.1942307692307692 0.5416666666666666 1.1942307692307692 0.5431034482758621 1.2057692307692307 0.5431034482758621 1.2057692307692307 0.5416666666666666 1.1942307692307692 0.5416666666666666
0 0.1076923076923077 0.0 0.1076923076923077 0.0014367816091954023 0.20384615384615384 0.0014367816091954023 0.20384615384615384 0.0 0.1076923076923077 0.0
0 0.5 0.0 0.5 0.0014367816091954023 0.5788461538461539 0.0014367816091954023 0.5788461538461539 0.0 0.5 0.0
0 0.3076923076923077 0.0028735632183908046 0.3076923076923077 0.004310344827586207 0.3230769230769231 0.004310344827586207 0.3230769230769231 0.0028735632183908046 0.3076923076923077 0.0028735632183908046
0 0.8442307692307692 0.23275862068965517 0.8442307692307692 0.23419540229885058 0.875 0.23419540229885058 0.875 0.23275862068965517 0.8442307692307692 0.23275862068965517
0 0.2692307692307692 0.0 0.2692307692307692 0.0014367816091954023 0.35192307692307695 0.0014367816091954023 0.35192307692307695 0.0 0.2692307692307692 0.0
0 0.8519230769230769 0.6968390804597702 0.8519230769230769 0.6982758620689655 0.8596153846153847 0.6982758620689655 0.8596153846153847 0.6968390804597702 0.8519230769230769 0.6968390804597702
0 0.3769230769230769 0.1278735632183908 0.3769230769230769 0.12931034482758622 0.3942307692307692 0.12931034482758622 0.3942307692307692 0.1278735632183908 0.3769230769230769 0.1278735632183908
0 0.15 0.5991379310344828 0.15 0.6005747126436781 0.15576923076923077 0.6005747126436781 0.15576923076923077 0.5991379310344828 0.15 0.5991379310344828
0 1.1365384615384615 0.6149425287356322 1.1365384615384615 0.6163793103448276 1.1384615384615384 0.6163793103448276 1.1384615384615384 0.6149425287356322 1.1365384615384615 0.6149425287356322
0 1.0788461538461538 0.6982758620689655 1.0788461538461538 0.6997126436781609 1.0884615384615384 0.6997126436781609 1.0884615384615384 0.6982758620689655 1.0788461538461538 0.6982758620689655
0 0.34615384615384615 0.35201149425287354 0.34615384615384615 0.35344827586206895 0.36923076923076925 0.35344827586206895 0.36923076923076925 0.35201149425287354 0.34615384615384615 0.35201149425287354
0 1.1884615384615385 0.3807471264367816 1.1884615384615385 0.382183908045977 1.198076923076923 0.382183908045977 1.198076923076923 0.3807471264367816 1.1884615384615385 0.3807471264367816
0 0.13846153846153847 0.10632183908045977 0.13846153846153847 0.10775862068965517 0.15384615384615385 0.10775862068965517 0.15384615384615385 0.10632183908045977 0.13846153846153847 0.10632183908045977
0 1.1826923076923077 0.0603448275862069 1.1826923076923077 0.0617816091954023 1.1903846153846154 0.0617816091954023 1.1903846153846154 0.0603448275862069 1.1826923076923077 0.0603448275862069
0 0.823076923076923 0.1824712643678161 0.823076923076923 0.1839080459770115 0.8307692307692308 0.1839080459770115 0.8307692307692308 0.1824712643678161 0.823076923076923 0.1824712643678161
0 0.18269230769230768 0.15804597701149425 0.18269230769230768 0.15948275862068967 0.19038461538461537 0.15948275862068967 0.19038461538461537 0.15804597701149425 0.18269230769230768 0.15804597701149425
0 0.25769230769230766 0.625 0.25769230769230766 0.6264367816091954 0.2673076923076923 0.6264367816091954 0.2673076923076923 0.625 0.25769230769230766 0.625
0 0.225 0.27873563218390807 0.225 0.2801724137931034 0.24615384615384617 0.2801724137931034 0.24615384615384617 0.27873563218390807 0.225 0.27873563218390807