0 0.27692307692307694 0.2959770114942529 0.27692307692307694 0.2974137931034483 0.3019230769230769 0.2974137931034483 0.3019230769230769 0.2959770114942529 0.27692307692307694 0.2959770114942529
0 0.6576923076923077 0.45977011494252873 0.6576923076923077 0.46120689655172414 0.6673076923076923 0.46120689655172414 0.6673076923076923 0.45977011494252873 0.6576923076923077 0.45977011494252873
0 1.0269230769230768 0.5517241379310345 1.0269230769230768 0.5531609195402298 1.0307692307692307 0.5531609195402298 1.0307692307692307 0.5517241379310345 1.0269230769230768 0.5517241379310345
0 1.1346153846153846 0.3333333333333333 1.1346153846153846 0.33477011494252873 1.1442307692307692 0.33477011494252873 1.1442307692307692 0.3333333333333333 1.1346153846153846 0.3333333333333333
0 0.28846153846153844 0.6652298850574713 0.28846153846153844 0.6666666666666666 0.2923076923076923 0.6666666666666666 0.2923076923076923 0.6652298850574713 0.28846153846153844 0.6652298850574713
0 1.3153846153846154 0.36063218390804597 1.3153846153846154 0.3620689655172414 1.3365384615384615 0.3620689655172414 1.3365384615384615 0.36063218390804597 1.3153846153846154 0.36063218390804597
0 0.5615384615384615 0.3505747126436782 0.5615384615384615 0.35201149425287354 0.5788461538461539 0.35201149425287354 0.5788461538461539 0.3505747126436782 0.5615384615384615 0.3505747126436782
0 0.09038461538461538 0.7198275862068966 0.09038461538461538 0.7212643678160919 0.10384615384615385 0.7212643678160919 0.10384615384615385 0.7198275862068966 0.09038461538461538 0.7198275862068966
0 0.2673076923076923 0.6681034482758621 0.2673076923076923 0.6695402298850575 0.27884615384615385 0.6695402298850575 0.27884615384615385 0.6681034482758621 0.2673076923076923 0.6681034482758621
0 0.6423076923076924 0.04310344827586207 0.6423076923076924 0.04454022988505747 0.65 0.04454022988505747 0.65 0.04310344827586207 0.6423076923076924 0.04310344827586207
0 0.5461538461538461 0.06465517241379311 0.5461538461538461 0.06609195402298851 0.5557692307692308 0.06609195402298851 0.5557692307692308 0.06465517241379311 0.5461538461538461 0.06465517241379311
0 1.001923076923077 0.2413793103448276 1.001923076923077 0.24281609195402298 1.0096153846153846 0.24281609195402298 1.0096153846153846 0.2413793103448276 1.001923076923077 0.2413793103448276
0 0.20384615384615384 0.1724137931034483 0.20384615384615384 0.17385057471264367 0.21346153846153845 0.17385057471264367 0.21346153846153845 0.1724137931034483 0.20384615384615384 0.1724137931034483
0 0.775 0.008620689655172414 0.775 0.010057471264367816 0.7961538461538461 0.010057471264367816 0.7961538461538461 0.008620689655172414 0.775 0.008620689655172414
0 0.6115384615384616 0.5416666666666666 0.6115384615384616 0.5431034482758621 0.6173076923076923 0.5431034482758621 0.6173076923076923 0.5416666666666666 0.6115384615384616 0.5416666666666666
0 0.3903846153846154 0.6752873563218391 0.3903846153846154 0.6767241379310345 0.3942307692307692 0.6767241379310345 0.3942307692307692 0.6752873563218391 0.3903846153846154 0.6752873563218391
0 0.19807692307692307 0.3994252873563218 0.19807692307692307 0.40086206896551724 0.21346153846153845 0.40086206896551724 0.21346153846153845 0.3994252873563218 0.19807692307692307 0.3994252873563218
0 0.9403846153846154 0.31896551724137934 0.9403846153846154 0.3204022988505747 0.95 0.3204022988505747 0.95 0.31896551724137934 0.9403846153846154 0.31896551724137934
0 1.3134615384615385 0.6451149425287356 1.3134615384615385 0.646551724137931 1.325 0.646551724137931 1.325 0.6451149425287356 1.3134615384615385 0.6451149425287356
0 0.5692307692307692 0.08045977011494253 0.5692307692307692 0.08189655172413793 0.5884615384615385 0.08189655172413793 0.5884615384615385 0.08045977011494253 0.5692307692307692 0.08045977011494253
0 0.0 0.6264367816091954 0.0 0.6278735632183908 0.011538461538461539 0.6278735632183908 0.011538461538461539 0.6264367816091954 0.0 0.6264367816091954
0 1.1288461538461538 0.3692528735632184 1.1288461538461538 0.3706896551724138 1.1326923076923077 0.3706896551724138 1.1326923076923077 0.3692528735632184 1.1288461538461538 0.3692528735632184
0 0.14615384615384616 0.7126436781609196 0.14615384615384616 0.7140804597701149 0.16538461538461538 0.7140804597701149 0.16538461538461538 0.7126436781609196 0.14615384615384616 0.7126436781609196
0 0.75 0.5560344827586207 0.75 0.5574712643678161 0.7596153846153846 0.5574712643678161 0.7596153846153846 0.5560344827586207 0.75 0.5560344827586207
0 0.2673076923076923 0.10488505747126436 0.2673076923076923 0.10632183908045977 0.27115384615384613 0.10632183908045977 0.27115384615384613 0.10488505747126436 0.2673076923076923 0.10488505747126436
0 1.1788461538461539 0.6867816091954023 1.1788461538461539 0.6882183908045977 1.1865384615384615 0.6882183908045977 1.1865384615384615 0.6867816091954023 1.1788461538461539 0.6867816091954023
0 1.2942307692307693 0.7155172413793104 1.2942307692307693 0.7169540229885057 1.3057692307692308 0.7169540229885057 1.3057692307692308 0.7155172413793104 1.2942307692307693 0.7155172413793104
0 1.2326923076923078 0.47988505747126436 1.2326923076923078 0.4813218390804598 1.2442307692307693 0.4813218390804598 1.2442307692307693 0.47988505747126436 1.2326923076923078 0.47988505747126436
0 0.8403846153846154 0.1810344827586207 0.8403846153846154 0.1824712643678161 0.85 0.1824712643678161 0.85 0.1810344827586207 0.8403846153846154 0.1810344827586207
0 1.1307692307692307 0.1235632183908046 1.1307692307692307 0.125 1.1423076923076922 0.125 1.1423076923076922 0.1235632183908046 1.1307692307692307 0.1235632183908046
0 0.6346153846153846 0.034482758620689655 0.6346153846153846 0.035919540229885055 0.6519230769230769 0.035919540229885055 0.6519230769230769 0.034482758620689655 0.6346153846153846 0.034482758620689655
0 0.8942307692307693 0.37787356321839083 0.8942307692307693 0.3793103448275862 0.9019230769230769 0.3793103448275862 0.9019230769230769 0.37787356321839083 0.8942307692307693 0.37787356321839083
0 0.7596153846153846 0.40948275862068967 0.7596153846153846 0.4109195402298851 0.7730769230769231 0.4109195402298851 0.7730769230769231 0.40948275862068967 0.7596153846153846 0.40948275862068967
0 0.023076923076923078 0.25862068965517243 0.023076923076923078 0.2600574712643678 0.03076923076923077 0.2600574712643678 0.03076923076923077 0.25862068965517243 0.023076923076923078 0.25862068965517243
0 0.1576923076923077 0.5919540229885057 0.1576923076923077 0.5933908045977011 0.16153846153846155 0.5933908045977011 0.16153846153846155 0.5919540229885057 0.1576923076923077 0.5919540229885057
0 1.0038461538461538 0.17672413793103448 1.0038461538461538 0.1781609195402299 1.0096153846153846 0.1781609195402299 1.0096153846153846 0.17672413793103448 1.0038461538461538 0.17672413793103448
0 0.6288461538461538 0.19540229885057472 0.6288461538461538 0.1968390804597701 0.6346153846153846 0.1968390804597701 0.6346153846153846 0.19540229885057472 0.6288461538461538 0.19540229885057472
0 0.1423076923076923 0.21120689655172414 0.1423076923076923 0.21264367816091953 0.14807692307692308 0.21264367816091953 0.14807692307692308 0.21120689655172414 0.1423076923076923 0.21120689655172414
0 1.1538461538461537 0.08333333333333333 1.1538461538461537 0.08477011494252873 1.1730769230769231 0.08477011494252873 1.1730769230769231 0.08333333333333333 1.1538461538461537 0.08333333333333333
0 0.4173076923076923 0.3706896551724138 0.4173076923076923 0.37212643678160917 0.4326923076923077 0.37212643678160917 0.4326923076923077 0.3706896551724138 0.4173076923076923 0.3706896551724138
0 0.5288461538461539 0.27729885057471265 0.5288461538461539 0.27873563218390807 0.5384615384615384 0.27873563218390807 0.5384615384615384 0.27729885057471265 0.5288461538461539 0.27729885057471265
0 1.3057692307692308 0.0 1.3057692307692308 0.0014367816091954023 1.3211538461538461 0.0014367816091954023 1.3211538461538461 0.0 1.3057692307692308 0.0
0 0.9788461538461538 0.0 0.9788461538461538 0.0014367816091954023 1.0 0.0014367816091954023 1.0 0.0 0.9788461538461538 0.0
0 0.08461538461538462 0.41522988505747127 0.08461538461538462 0.4166666666666667 0.1076923076923077 0.4166666666666667 0.1076923076923077 0.41522988505747127 0.08461538461538462 0.41522988505747127
0 0.6538461538461539 0.3390804597701149 0.6538461538461539 0.34051724137931033 0.6653846153846154 0.34051724137931033 0.6653846153846154 0.3390804597701149 0.6538461538461539 0.3390804597701149
0 0.8634615384615385 0.6939655172413793 0.8634615384615385 0.6954022988505747 0.8769230769230769 0.6954022988505747 0.8769230769230769 0.6939655172413793 0.8634615384615385 0.6939655172413793
0 0.28846153846153844 0.4454022988505747 0.28846153846153844 0.4468390804597701 0.29423076923076924 0.4468390804597701 0.29423076923076924 0.4454022988505747 0.28846153846153844 0.4454022988505747
0 1.0923076923076922 0.5847701149425287 1.0923076923076922 0.5862068965517241 1.0961538461538463 0.5862068965517241 1.0961538461538463 0.5847701149425287 1.0923076923076922 0.5847701149425287
0 1.2826923076923078 0.08477011494252873 1.2826923076923078 0.08620689655172414 1.2903846153846155 0.08620689655172414 1.2903846153846155 0.08477011494252873 1.2826923076923078 0.08477011494252873
0 0.8942307692307693 0.5043103448275862 0.8942307692307693 0.5057471264367817 0.9076923076923077 0.5057471264367817 0.9076923076923077 0.5043103448275862 0.8942307692307693 0.5043103448275862
0 1.176923076923077 0.2988505747126437 1.176923076923077 0.30028735632183906 1.1865384615384615 0.30028735632183906 1.1865384615384615 0.2988505747126437 1.176923076923077 0.2988505747126437
0 0.1 0.5933908045977011 0.1 0.5948275862068966 0.1076923076923077 0.5948275862068966 0.1076923076923077 0.5933908045977011 0.1 0.5933908045977011
0 1.0307692307692307 0.05890804597701149 1.0307692307692307 0.0603448275862069 1.0442307692307693 0.0603448275862069 1.0442307692307693 0.05890804597701149 1.0307692307692307 0.05890804597701149
0 0.08269230769230769 0.03017241379310345 0.08269230769230769 0.031609195402298854 0.09038461538461538 0.031609195402298854 0.09038461538461538 0.03017241379310345 0.08269230769230769 0.03017241379310345
0 1.0884615384615384 0.28304597701149425 1.0884615384615384 0.28448275862068967 1.1057692307692308 0.28448275862068967 1.1057692307692308 0.28304597701149425 1.0884615384615384 0.28304597701149425
0 0.7346153846153847 0.4482758620689655 0.7346153846153847 0.44971264367816094 0.7384615384615385 0.44971264367816094 0.7384615384615385 0.4482758620689655 0.7346153846153847 0.4482758620689655
0 1.0365384615384616 0.28304597701149425 1.0365384615384616 0.28448275862068967 1.0403846153846155 0.28448275862068967 1.0403846153846155 0.28304597701149425 1.0365384615384616 0.28304597701149425
0 0.8615384615384616 0.5675287356321839 0.8615384615384616 0.5689655172413793 0.8769230769230769 0.5689655172413793 0.8769230769230769 0.5675287356321839 0.8615384615384616 0.5675287356321839
0 1.226923076923077 0.6221264367816092 1.226923076923077 0.6235632183908046 1.2346153846153847 0.6235632183908046 1.2346153846153847 0.6221264367816092 1.226923076923077 0.6221264367816092
0 0.41923076923076924 0.07327586206896551 0.41923076923076924 0.07471264367816093 0.4288461538461538 0.07471264367816093 0.4288461538461538 0.07327586206896551 0.41923076923076924 0.07327586206896551
0 0.2076923076923077 0.033045977011494254 0.2076923076923077 0.034482758620689655 0.21346153846153845 0.034482758620689655 0.21346153846153845 0.033045977011494254 0.2076923076923077 0.033045977011494254
0 0.2 0.03735632183908046 0.2 0.03879310344827586 0.20384615384615384 0.03879310344827586 0.20384615384615384 0.03735632183908046 0.2 0.03735632183908046
0 0.3423076923076923 0.05890804597701149 0.3423076923076923 0.0603448275862069 0.34615384615384615 0.0603448275862069 0.34615384615384615 0.05890804597701149 0.3423076923076923 0.05890804597701149
0 1.025 0.6738505747126436 1.025 0.6752873563218391 1.0346153846153847 0.6752873563218391 1.0346153846153847 0.6738505747126436 1.025 0.6738505747126436
0 0.5826923076923077 0.13793103448275862 0.5826923076923077 0.13936781609195403 0.5980769230769231 0.13936781609195403 0.5980769230769231 0.13793103448275862 0.5826923076923077 0.13793103448275862
0 0.825 0.0014367816091954023 0.825 0.0028735632183908046 0.8288461538461539 0.0028735632183908046 0.8288461538461539 0.0014367816091954023 0.825 0.0014367816091954023
0 1.0615384615384615 0.48563218390804597 1.0615384615384615 0.4870689655172414 1.0692307692307692 0.4870689655172414 1.0692307692307692 0.48563218390804597 1.0615384615384615 0.48563218390804597
0 1.1923076923076923 0.6709770114942529 1.1923076923076923 0.6724137931034483 1.2076923076923076 0.6724137931034483 1.2076923076923076 0.6709770114942529 1.1923076923076923 0.6709770114942529
0 0.7365384615384616 0.47126436781609193 0.7365384615384616 0.47270114942528735 0.7384615384615385 0.47270114942528735 0.7384615384615385 0.47126436781609193 0.7365384615384616 0.47126436781609193
0 0.47307692307692306 0.5488505747126436 0.47307692307692306 0.5502873563218391 0.4826923076923077 0.5502873563218391 0.4826923076923077 0.5488505747126436 0.47307692307692306 0.5488505747126436
0 0.19807692307692307 0.21408045977011494 0.19807692307692307 0.21551724137931033 0.20961538461538462 0.21551724137931033 0.20961538461538462 0.21408045977011494 0.19807692307692307 0.21408045977011494
0 0.9519230769230769 0.22270114942528735 0.9519230769230769 0.22413793103448276 0.9673076923076923 0.22413793103448276 0.9673076923076923 0.22270114942528735 0.9519230769230769 0.22270114942528735
0 0.14615384615384616 0.7298850574712644 0.14615384615384616 0.7313218390804598 0.1576923076923077 0.7313218390804598 0.1576923076923077 0.7298850574712644 0.14615384615384616 0.7298850574712644
0 0.7307692307692307 0.07040229885057471 0.7307692307692307 0.07183908045977011 0.7384615384615385 0.07183908045977011 0.7384615384615385 0.07040229885057471 0.7307692307692307 0.07040229885057471
0 0.16153846153846155 0.09913793103448276 0.16153846153846155 0.10057471264367816 0.1673076923076923 0.10057471264367816 0.1673076923076923 0.09913793103448276 0.16153846153846155 0.09913793103448276
0 0.8269230769230769 0.5675287356321839 0.8269230769230769 0.5689655172413793 0.8365384615384616 0.5689655172413793 0.8365384615384616 0.5675287356321839 0.8269230769230769 0.5675287356321839
0 0.8538461538461538 0.0 0.8538461538461538 0.0014367816091954023 0.9019230769230769 0.0014367816091954023 0.9019230769230769 0.0 0.8538461538461538 0.0
0 0.675 0.7399425287356322 0.675 0.7413793103448276 0.6923076923076923 0.7413793103448276 0.6923076923076923 0.7399425287356322 0.675 0.7399425287356322
0 0.21153846153846154 0.5057471264367817 0.21153846153846154 0.507183908045977 0.2153846153846154 0.507183908045977 0.2153846153846154 0.5057471264367817 0.21153846153846154 0.5057471264367817
0 0.04230769230769231 0.5301724137931034 0.04230769230769231 0.5316091954022989 0.04807692307692308 0.5316091954022989 0.04807692307692308 0.5301724137931034 0.04230769230769231 0.5301724137931034
0 0.7788461538461539 0.41522988505747127 0.7788461538461539 0.4166666666666667 0.7923076923076923 0.4166666666666667 0.7923076923076923 0.41522988505747127 0.7788461538461539 0.41522988505747127
0 0.0 0.1939655172413793 0.0 0.19540229885057472 0.009615384615384616 0.19540229885057472 0.009615384615384616 0.1939655172413793 0.0 0.1939655172413793
0 0.948076923076923 0.11063218390804598 0.948076923076923 0.11206896551724138 0.9576923076923077 0.11206896551724138 0.9576923076923077 0.11063218390804598 0.948076923076923 0.11063218390804598
0 0.3596153846153846 0.11206896551724138 0.3596153846153846 0.11350574712643678 0.36346153846153845 0.11350574712643678 0.36346153846153845 0.11206896551724138 0.3596153846153846 0.11206896551724138
0 0.35 0.2988505747126437 0.35 0.30028735632183906 0.35384615384615387 0.30028735632183906 0.35384615384615387 0.2988505747126437 0.35 0.2988505747126437
0 0.39807692307692305 0.15517241379310345 0.39807692307692305 0.15660919540229884 0.4096153846153846 0.15660919540229884 0.4096153846153846 0.15517241379310345 0.39807692307692305 0.15517241379310345
0 0.5903846153846154 0.015804597701149427 0.5903846153846154 0.017241379310344827 0.5942307692307692 0.017241379310344827 0.5942307692307692 0.015804597701149427 0.5903846153846154 0.015804597701149427
0 0.29423076923076924 0.4396551724137931 0.29423076923076924 0.4410919540229885 0.3211538461538462 0.4410919540229885 0.3211538461538462 0.4396551724137931 0.29423076923076924 0.4396551724137931
0 0.025 0.33189655172413796 0.025 0.3333333333333333 0.038461538461538464 0.3333333333333333 0.038461538461538464 0.33189655172413796 0.025 0.33189655172413796
0 1.1076923076923078 0.36063218390804597 1.1076923076923078 0.3620689655172414 1.1134615384615385 0.3620689655172414 1.1134615384615385 0.36063218390804597 1.1076923076923078 0.36063218390804597
0 0.8769230769230769 0.07758620689655173 0.8769230769230769 0.07902298850574713 0.8865384615384615 0.07902298850574713 0.8865384615384615 0.07758620689655173 0.8769230769230769 0.07758620689655173
0 1.0923076923076922 0.23132183908045978 1.0923076923076922 0.23275862068965517 1.101923076923077 0.23275862068965517 1.101923076923077 0.23132183908045978 1.0923076923076922 0.23132183908045978
0 1.1826923076923077 0.15804597701149425 1.1826923076923077 0.15948275862068967 1.1942307692307692 0.15948275862068967 1.1942307692307692 0.15804597701149425 1.1826923076923077 0.15804597701149425
0 1.3057692307692308 0.15948275862068967 1.3057692307692308 0.16091954022988506 1.3115384615384615 0.16091954022988506 1.3115384615384615 0.15948275862068967 1.3057692307692308 0.15948275862068967
0 0.5846153846153846 0.3089080459770115 0.5846153846153846 0.3103448275862069 0.5942307692307692 0.3103448275862069 0.5942307692307692 0.3089080459770115 0.5846153846153846 0.3089080459770115
0 0.7903846153846154 0.13505747126436782 0.7903846153846154 0.13649425287356323 0.8076923076923077 0.13649425287356323 0.8076923076923077 0.13505747126436782 0.7903846153846154 0.13505747126436782
0 0.5019230769230769 0.05747126436781609 0.5019230769230769 0.05890804597701149 0.5173076923076924 0.05890804597701149 0.5173076923076924 0.05747126436781609 0.5019230769230769 0.05747126436781609
0 0.4826923076923077 0.49712643678160917 0.4826923076923077 0.4985632183908046 0.5 0.4985632183908046 0.5 0.49712643678160917 0.4826923076923077 0.49712643678160917
0 1.273076923076923 0.23132183908045978 1.273076923076923 0.23275862068965517 1.2807692307692307 0.23275862068965517 1.2807692307692307 0.23132183908045978 1.273076923076923 0.23132183908045978
0 1.2442307692307693 0.19540229885057472 1.2442307692307693 0.1968390804597701 1.248076923076923 0.1968390804597701 1.248076923076923 0.19540229885057472 1.2442307692307693 0.19540229885057472
0 0.7673076923076924 0.2413793103448276 0.7673076923076924 0.24281609195402298 0.7942307692307692 0.24281609195402298 0.7942307692307692 0.2413793103448276 0.7673076923076924 0.2413793103448276
0 0.10961538461538461 0.1867816091954023 0.10961538461538461 0.1882183908045977 0.11730769230769231 0.1882183908045977 0.11730769230769231 0.1867816091954023 0.10961538461538461 0.1867816091954023
0 1.1346153846153846 0.09195402298850575 1.1346153846153846 0.09339080459770115 1.1384615384615384 0.09339080459770115 1.1384615384615384 0.09195402298850575 1.1346153846153846 0.09195402298850575
0 0.5480769230769231 0.040229885057471264 0.5480769230769231 0.041666666666666664 0.5634615384615385 0.041666666666666664 0.5634615384615385 0.040229885057471264 0.5480769230769231 0.040229885057471264
0 1.0980769230769232 0.4985632183908046 1.0980769230769232 0.5 1.1076923076923078 0.5 1.1076923076923078 0.4985632183908046 1.0980769230769232 0.4985632183908046
0 0.051923076923076926 0.0 0.051923076923076926 0.0014367816091954023 0.07884615384615384 0.0014367816091954023 0.07884615384615384 0.0 0.051923076923076926 0.0
0 0.7692307692307693 0.5014367816091954 0.7692307692307693 0.5028735632183908 0.7903846153846154 0.5028735632183908 0.7903846153846154 0.5014367816091954 0.7692307692307693 0.5014367816091954
0 0.9846153846153847 0.6120689655172413 0.9846153846153847 0.6135057471264368 0.9980769230769231 0.6135057471264368 0.9980769230769231 0.6120689655172413 0.9846153846153847 0.6120689655172413
0 0.675 0.5028735632183908 0.675 0.5043103448275862 0.6865384615384615 0.5043103448275862 0.6865384615384615 0.5028735632183908 0.675 0.5028735632183908
0 0.27115384615384613 0.3261494252873563 0.27115384615384613 0.3275862068965517 0.27692307692307694 0.3275862068965517 0.27692307692307694 0.3261494252873563 0.27115384615384613 0.3261494252873563
0 0.12307692307692308 0.46551724137931033 0.12307692307692308 0.46695402298850575 0.13076923076923078 0.46695402298850575 0.13076923076923078 0.46551724137931033 0.12307692307692308 0.46551724137931033
0 0.2 0.10344827586206896 0.2 0.10488505747126436 0.20576923076923076 0.10488505747126436 0.20576923076923076 0.10344827586206896 0.2 0.10344827586206896
0 0.4 0.0 0.4 0.0014367816091954023 0.4173076923076923 0.0014367816091954023 0.4173076923076923 0.0 0.4 0.0
0 1.1057692307692308 0.22988505747126436 1.1057692307692308 0.23132183908045978 1.1096153846153847 0.23132183908045978 1.1096153846153847 0.22988505747126436 1.1057692307692308 0.22988505747126436
0 0.10384615384615385 0.2859195402298851 0.10384615384615385 0.28735632183908044 0.11538461538461539 0.28735632183908044 0.11538461538461539 0.2859195402298851 0.10384615384615385 0.2859195402298851
0 0.5980769230769231 0.09770114942528736 0.5980769230769231 0.09913793103448276 0.6096153846153847 0.09913793103448276 0.6096153846153847 0.09770114942528736 0.5980769230769231 0.09770114942528736
0 0.7326923076923076 0.39080459770114945 0.7326923076923076 0.3922413793103448 0.7403846153846154 0.3922413793103448 0.7403846153846154 0.39080459770114945 0.7326923076923076 0.39080459770114945
0 0.95 0.10488505747126436 0.95 0.10632183908045977 0.9557692307692308 0.10632183908045977 0.9557692307692308 0.10488505747126436 0.95 0.10488505747126436
0 0.49038461538461536 0.610632183908046 0.49038461538461536 0.6120689655172413 0.49615384615384617 0.6120689655172413 0.49615384615384617 0.610632183908046 0.49038461538461536 0.610632183908046
0 0.6057692307692307 0.10919540229885058 0.6057692307692307 0.11063218390804598 0.6153846153846154 0.11063218390804598 0.6153846153846154 0.10919540229885058 0.6057692307692307 0.10919540229885058
0 0.7865384615384615 0.07902298850574713 0.7865384615384615 0.08045977011494253 0.801923076923077 0.08045977011494253 0.801923076923077 0.07902298850574713 0.7865384615384615 0.07902298850574713
0 0.8769230769230769 0.5229885057471264 0.8769230769230769 0.5244252873563219 0.8865384615384615 0.5244252873563219 0.8865384615384615 0.5229885057471264 0.8769230769230769 0.5229885057471264
0 0.4653846153846154 0.09770114942528736 0.4653846153846154 0.09913793103448276 0.47307692307692306 0.09913793103448276 0.47307692307692306 0.09770114942528736 0.4653846153846154 0.09770114942528736
0 0.03076923076923077 0.5603448275862069 0.03076923076923077 0.5617816091954023 0.04230769230769231 0.5617816091954023 0.04230769230769231 0.5603448275862069 0.03076923076923077 0.5603448275862069
0 1.175 0.6364942528735632 1.175 0.6379310344827587 1.1884615384615385 0.6379310344827587 1.1884615384615385 0.6364942528735632 1.175 0.6364942528735632
0 0.8980769230769231 0.04885057471264368 0.8980769230769231 0.05028735632183908 0.9038461538461539 0.05028735632183908 0.9038461538461539 0.04885057471264368 0.8980769230769231 0.04885057471264368
0 0.3730769230769231 0.004310344827586207 0.3730769230769231 0.005747126436781609 0.38076923076923075 0.005747126436781609 0.38076923076923075 0.004310344827586207 0.3730769230769231 0.004310344827586207
0 1.198076923076923 0.36637931034482757 1.198076923076923 0.367816091954023 1.2038461538461538 0.367816091954023 1.2038461538461538 0.36637931034482757 1.198076923076923 0.36637931034482757
0 1.226923076923077 0.7227011494252874 1.226923076923077 0.7241379310344828 1.2326923076923078 0.7241379310344828 1.2326923076923078 0.7227011494252874 1.226923076923077 0.7227011494252874
0 0.25 0.34051724137931033 0.25 0.34195402298850575 0.25576923076923075 0.34195402298850575 0.25576923076923075 0.34051724137931033 0.25 0.34051724137931033
0 1.2442307692307693 0.7298850574712644 1.2442307692307693 0.7313218390804598 1.25 0.7313218390804598 1.25 0.7298850574712644 1.2442307692307693 0.7298850574712644
0 0.825 0.5747126436781609 0.825 0.5761494252873564 0.8423076923076923 0.5761494252873564 0.8423076923076923 0.5747126436781609 0.825 0.5747126436781609
0 0.6884615384615385 0.45977011494252873 0.6884615384615385 0.46120689655172414 0.6923076923076923 0.46120689655172414 0.6923076923076923 0.45977011494252873 0.6884615384615385 0.45977011494252873
0 0.9788461538461538 0.5962643678160919 0.9788461538461538 0.5977011494252874 0.9980769230769231 0.5977011494252874 0.9980769230769231 0.5962643678160919 0.9788461538461538 0.5962643678160919
0 0.9653846153846154 0.3204022988505747 0.9653846153846154 0.3218390804597701 0.9788461538461538 0.3218390804597701 0.9788461538461538 0.3204022988505747 0.9653846153846154 0.3204022988505747
0 1.2673076923076922 0.5028735632183908 1.2673076923076922 0.5043103448275862 1.271153846153846 0.5043103448275862 1.271153846153846 0.5028735632183908 1.2673076923076922 0.5028735632183908
0 0.9730769230769231 0.11350574712643678 0.9730769230769231 0.11494252873563218 0.9826923076923076 0.11494252873563218 0.9826923076923076 0.11350574712643678 0.9730769230769231 0.11350574712643678
0 0.7307692307692307 0.46264367816091956 0.7307692307692307 0.4640804597701149 0.7423076923076923 0.4640804597701149 0.7423076923076923 0.46264367816091956 0.7307692307692307 0.46264367816091956
0 1.1826923076923077 0.03879310344827586 1.1826923076923077 0.040229885057471264 1.2 0.040229885057471264 1.2 0.03879310344827586 1.1826923076923077 0.03879310344827586
0 0.6153846153846154 0.0 0.6153846153846154 0.0014367816091954023 0.6423076923076924 0.0014367816091954023 0.6423076923076924 0.0 0.6153846153846154 0.0
0 0.7269230769230769 0.5258620689655172 0.7269230769230769 0.5272988505747126 0.7403846153846154 0.5272988505747126 0.7403846153846154 0.5258620689655172 0.7269230769230769 0.5258620689655172
0 0.17307692307692307 0.035919540229885055 0.17307692307692307 0.03735632183908046 0.18076923076923077 0.03735632183908046 0.18076923076923077 0.035919540229885055 0.17307692307692307 0.035919540229885055
0 0.7923076923076923 0.6609195402298851 0.7923076923076923 0.6623563218390804 0.7980769230769231 0.6623563218390804 0.7980769230769231 0.6609195402298851 0.7923076923076923 0.6609195402298851
0 1.2307692307692308 0.5890804597701149 1.2307692307692308 0.5905172413793104 1.2326923076923078 0.5905172413793104 1.2326923076923078 0.5890804597701149 1.2307692307692308 0.5890804597701149
0 0.5076923076923077 0.4353448275862069 0.5076923076923077 0.4367816091954023 0.5211538461538462 0.4367816091954023 0.5211538461538462 0.4353448275862069 0.5076923076923077 0.4353448275862069
0 0.9403846153846154 0.5158045977011494 0.9403846153846154 0.5172413793103449 0.9557692307692308 0.5172413793103449 0.9557692307692308 0.5158045977011494 0.9403846153846154 0.5158045977011494
0 0.0057692307692307696 0.0 0.0057692307692307696 0.0014367816091954023 0.046153846153846156 0.0014367816091954023 0.046153846153846156 0.0 0.0057692307692307696 0.0
0 0.6076923076923076 0.20689655172413793 0.6076923076923076 0.20833333333333334 0.6153846153846154 0.20833333333333334 0.6153846153846154 0.20689655172413793 0.6076923076923076 0.20689655172413793
0 0.525 0.0 0.525 0.0014367816091954023 0.5557692307692308 0.0014367816091954023 0.5557692307692308 0.0 0.525 0.0
0 0.4807692307692308 0.0 0.4807692307692308 0.0014367816091954023 0.5096153846153846 0.0014367816091954023 0.5096153846153846 0.0 0.4807692307692308 0.0
0 0.1596153846153846 0.6135057471264368 0.1596153846153846 0.6149425287356322 0.17307692307692307 0.6149425287356322 0.17307692307692307 0.6135057471264368 0.1596153846153846 0.6135057471264368
0 1.2461538461538462 0.21120689655172414 1.2461538461538462 0.21264367816091953 1.248076923076923 0.21264367816091953 1.248076923076923 0.21120689655172414 1.2461538461538462 0.21120689655172414
0 0.7153846153846154 0.5086206896551724 0.7153846153846154 0.5100574712643678 0.7230769230769231 0.5100574712643678 0.7230769230769231 0.5086206896551724 0.7153846153846154 0.5086206896551724
0 0.676923076923077 0.35344827586206895 0.676923076923077 0.35488505747126436 0.698076923076923 0.35488505747126436 0.698076923076923 0.35344827586206895 0.676923076923077 0.35344827586206895
0 0.125 0.04597701149425287 0.125 0.04741379310344827 0.13653846153846153 0.04741379310344827 0.13653846153846153 0.04597701149425287 0.125 0.04597701149425287
0 1.0596153846153846 0.5704022988505747 1.0596153846153846 0.5718390804597702 1.0769230769230769 0.5718390804597702 1.0769230769230769 0.5704022988505747 1.0596153846153846 0.5704022988505747
0 0.8423076923076923 0.5100574712643678 0.8423076923076923 0.5114942528735632 0.8461538461538461 0.5114942528735632 0.8461538461538461 0.5100574712643678 0.8423076923076923 0.5100574712643678
0 0.31153846153846154 0.16235632183908047 0.31153846153846154 0.16379310344827586 0.3230769230769231 0.16379310344827586 0.3230769230769231 0.16235632183908047 0.31153846153846154 0.16235632183908047
0 0.21923076923076923 0.27155172413793105 0.21923076923076923 0.27298850574712646 0.23076923076923078 0.27298850574712646 0.23076923076923078 0.27155172413793105 0.21923076923076923 0.27155172413793105
0 1.2769230769230768 0.6293103448275862 1.2769230769230768 0.6307471264367817 1.2903846153846155 0.6307471264367817 1.2903846153846155 0.6293103448275862 1.2769230769230768 0.6293103448275862
0 0.34807692307692306 0.41235632183908044 0.34807692307692306 0.41379310344827586 0.3596153846153846 0.41379310344827586 0.3596153846153846 0.41235632183908044 0.34807692307692306 0.41235632183908044
0 1.2115384615384615 0.7140804597701149 1.2115384615384615 0.7155172413793104 1.2230769230769232 0.7155172413793104 1.2230769230769232 0.7140804597701149 1.2115384615384615 0.7140804597701149
0 0.38269230769230766 0.010057471264367816 0.38269230769230766 0.011494252873563218 0.40192307692307694 0.011494252873563218 0.40192307692307694 0.010057471264367816 0.38269230769230766 0.010057471264367816
0 1.0596153846153846 0.27729885057471265 1.0596153846153846 0.27873563218390807 1.0711538461538461 0.27873563218390807 1.0711538461538461 0.27729885057471265 1.0596153846153846 0.27729885057471265
0 0.6730769230769231 0.24856321839080459 0.6730769230769231 0.25 0.676923076923077 0.25 0.676923076923077 0.24856321839080459 0.6730769230769231 0.24856321839080459
0 0.9307692307692308 0.26580459770114945 0.9307692307692308 0.2672413793103448 0.9442307692307692 0.2672413793103448 0.9442307692307692 0.26580459770114945 0.9307692307692308 0.26580459770114945
0 0.023076923076923078 0.10057471264367816 0.023076923076923078 0.10201149425287356 0.04038461538461539 0.10201149425287356 0.04038461538461539 0.10057471264367816 0.023076923076923078 0.10057471264367816
0 0.7865384615384615 0.44971264367816094 0.7865384615384615 0.4511494252873563 0.8 0.4511494252873563 0.8 0.44971264367816094 0.7865384615384615 0.44971264367816094
0 0.49615384615384617 0.1307471264367816 0.49615384615384617 0.13218390804597702 0.5 0.13218390804597702 0.5 0.1307471264367816 0.49615384615384617 0.1307471264367816
0 0.6942307692307692 0.02442528735632184 0.6942307692307692 0.02586206896551724 0.7038461538461539 0.02586206896551724 0.7038461538461539 0.02442528735632184 0.6942307692307692 0.02442528735632184