0 0.18461538461538463 0.13793103448275862 0.18461538461538463 0.13936781609195403 0.19230769230769232 0.13936781609195403 0.19230769230769232 0.13793103448275862 0.18461538461538463 0.13793103448275862
0 0.7384615384615385 0.004310344827586207 0.7384615384615385 0.005747126436781609 0.7480769230769231 0.005747126436781609 0.7480769230769231 0.004310344827586207 0.7384615384615385 0.004310344827586207
0 0.9442307692307692 0.6048850574712644 0.9442307692307692 0.6063218390804598 0.948076923076923 0.6063218390804598 0.948076923076923 0.6048850574712644 0.9442307692307692 0.6048850574712644
0 0.45576923076923076 0.4698275862068966 0.45576923076923076 0.47126436781609193 0.47115384615384615 0.47126436781609193 0.47115384615384615 0.4698275862068966 0.45576923076923076 0.4698275862068966
0 1.0615384615384615 0.7298850574712644 1.0615384615384615 0.7313218390804598 1.0653846153846154 0.7313218390804598 1.0653846153846154 0.7298850574712644 1.0615384615384615 0.7298850574712644
0 0.05576923076923077 0.3160919540229885 0.05576923076923077 0.3175287356321839 0.07884615384615384 0.3175287356321839 0.07884615384615384 0.3160919540229885 0.05576923076923077 0.3160919540229885
0 0.25384615384615383 0.5589080459770115 0.25384615384615383 0.5603448275862069 0.2653846153846154 0.5603448275862069 0.2653846153846154 0.5589080459770115 0.25384615384615383 0.5589080459770115
0 0.7230769230769231 0.3333333333333333 0.7230769230769231 0.33477011494252873 0.7423076923076923 0.33477011494252873 0.7423076923076923 0.3333333333333333 0.7230769230769231 0.3333333333333333
0 0.13076923076923078 0.15517241379310345 0.13076923076923078 0.15660919540229884 0.1346153846153846 0.15660919540229884 0.1346153846153846 0.15517241379310345 0.13076923076923078 0.15517241379310345
0 0.45 0.45977011494252873 0.45 0.46120689655172414 0.45576923076923076 0.46120689655172414 0.45576923076923076 0.45977011494252873 0.45 0.45977011494252873
0 0.8961538461538462 0.6882183908045977 0.8961538461538462 0.6896551724137931 0.9115384615384615 0.6896551724137931 0.9115384615384615 0.6882183908045977 0.8961538461538462 0.6882183908045977
0 0.2519230769230769 0.3160919540229885 0.2519230769230769 0.3175287356321839 0.27115384615384613 0.3175287356321839 0.27115384615384613 0.3160919540229885 0.2519230769230769 0.3160919540229885
0 0.9115384615384615 0.0 0.9115384615384615 0.0014367816091954023 0.9461538461538461 0.0014367816091954023 0.9461538461538461 0.0 0.9115384615384615 0.0
0 1.0307692307692307 0.09195402298850575 1.0307692307692307 0.09339080459770115 1.0557692307692308 0.09339080459770115 1.0557692307692308 0.09195402298850575 1.0307692307692307 0.09195402298850575
0 0.3076923076923077 0.27011494252873564 0.3076923076923077 0.27155172413793105 0.3173076923076923 0.27155172413793105 0.3173076923076923 0.27011494252873564 0.3076923076923077 0.27011494252873564
0 0.16346153846153846 0.13936781609195403 0.16346153846153846 0.14080459770114942 0.16923076923076924 0.14080459770114942 0.16923076923076924 0.13936781609195403 0.16346153846153846 0.13936781609195403
0 0.7115384615384616 0.6048850574712644 0.7115384615384616 0.6063218390804598 0.7211538461538461 0.6063218390804598 0.7211538461538461 0.6048850574712644 0.7115384615384616 0.6048850574712644
0 1.2326923076923078 0.34913793103448276 1.2326923076923078 0.3505747126436782 1.25 0.3505747126436782 1.25 0.34913793103448276 1.2326923076923078 0.34913793103448276
0 0.6480769230769231 0.7212643678160919 0.6480769230769231 0.7227011494252874 0.6596153846153846 0.7227011494252874 0.6596153846153846 0.7212643678160919 0.6480769230769231 0.7212643678160919
0 0.15 0.5488505747126436 0.15 0.5502873563218391 0.1596153846153846 0.5502873563218391 0.1596153846153846 0.5488505747126436 0.15 0.5488505747126436
0 0.9076923076923077 0.5977011494252874 0.9076923076923077 0.5991379310344828 0.9192307692307692 0.5991379310344828 0.9192307692307692 0.5977011494252874 0.9076923076923077 0.5977011494252874
0 0.49615384615384617 0.6724137931034483 0.49615384615384617 0.6738505747126436 0.5134615384615384 0.6738505747126436 0.5134615384615384 0.6724137931034483 0.49615384615384617 0.6724137931034483
0 0.05 0.5186781609195402 0.05 0.5201149425287356 0.06346153846153846 0.5201149425287356 0.06346153846153846 0.5186781609195402 0.05 0.5186781609195402
0 0.43653846153846154 0.625 0.43653846153846154 0.6264367816091954 0.45384615384615384 0.6264367816091954 0.45384615384615384 0.625 0.43653846153846154 0.625
0 0.4846153846153846 0.4985632183908046 0.4846153846153846 0.5 0.49615384615384617 0.5 0.49615384615384617 0.4985632183908046 0.4846153846153846 0.4985632183908046
0 0.9403846153846154 0.6379310344827587 0.9403846153846154 0.639367816091954 0.948076923076923 0.639367816091954 0.948076923076923 0.6379310344827587 0.9403846153846154 0.6379310344827587
0 1.1403846153846153 0.2025862068965517 1.1403846153846153 0.20402298850574713 1.1538461538461537 0.20402298850574713 1.1538461538461537 0.2025862068965517 1.1403846153846153 0.2025862068965517
0 0.5576923076923077 0.4353448275862069 0.5576923076923077 0.4367816091954023 0.5692307692307692 0.4367816091954023 0.5692307692307692 0.4353448275862069 0.5576923076923077 0.4353448275862069
0 0.6692307692307692 0.5603448275862069 0.6692307692307692 0.5617816091954023 0.676923076923077 0.5617816091954023 0.676923076923077 0.5603448275862069 0.6692307692307692 0.5603448275862069
0 0.5846153846153846 0.5890804597701149 0.5846153846153846 0.5905172413793104 0.5961538461538461 0.5905172413793104 0.5961538461538461 0.5890804597701149 0.5846153846153846 0.5890804597701149
0 0.7923076923076923 0.6637931034482759 0.7923076923076923 0.6652298850574713 0.8038461538461539 0.6652298850574713 0.8038461538461539 0.6637931034482759 0.7923076923076923 0.6637931034482759
0 0.4076923076923077 0.2543103448275862 0.4076923076923077 0.2557471264367816 0.4115384615384615 0.2557471264367816 0.4115384615384615 0.2543103448275862 0.4076923076923077 0.2543103448275862
0 0.5019230769230769 0.22701149425287356 0.5019230769230769 0.22844827586206898 0.5192307692307693 0.22844827586206898 0.5192307692307693 0.22701149425287356 0.5019230769230769 0.22701149425287356
0 1.2365384615384616 0.5057471264367817 1.2365384615384616 0.507183908045977 1.2461538461538462 0.507183908045977 1.2461538461538462 0.5057471264367817 1.2365384615384616 0.5057471264367817
0 0.41346153846153844 0.6479885057471264 0.41346153846153844 0.6494252873563219 0.4269230769230769 0.6494252873563219 0.4269230769230769 0.6479885057471264 0.41346153846153844 0.6479885057471264
0 0.7788461538461539 0.4339080459770115 0.7788461538461539 0.4353448275862069 0.7846153846153846 0.4353448275862069 0.7846153846153846 0.4339080459770115 0.7788461538461539 0.4339080459770115
0 0.7692307692307693 0.4382183908045977 0.7692307692307693 0.4396551724137931 0.7730769230769231 0.4396551724137931 0.7730769230769231 0.4382183908045977 0.7692307692307693 0.4382183908045977
0 0.34807692307692306 0.05747126436781609 0.34807692307692306 0.05890804597701149 0.3557692307692308 0.05890804597701149 0.3557692307692308 0.05747126436781609 0.34807692307692306 0.05747126436781609
0 0.8519230769230769 0.2801724137931034 0.8519230769230769 0.28160919540229884 0.8557692307692307 0.28160919540229884 0.8557692307692307 0.2801724137931034 0.8519230769230769 0.2801724137931034
0 0.3423076923076923 0.03017241379310345 0.3423076923076923 0.031609195402298854 0.36730769230769234 0.031609195402298854 0.36730769230769234 0.03017241379310345 0.3423076923076923 0.03017241379310345
0 0.08076923076923077 0.4339080459770115 0.08076923076923077 0.4353448275862069 0.09038461538461538 0.4353448275862069 0.09038461538461538 0.4339080459770115 0.08076923076923077 0.4339080459770115
0 0.7019230769230769 0.22557471264367815 0.7019230769230769 0.22701149425287356 0.7076923076923077 0.22701149425287356 0.7076923076923077 0.22557471264367815 0.7019230769230769 0.22557471264367815
0 0.14038461538461539 0.1206896551724138 0.14038461538461539 0.1221264367816092 0.15384615384615385 0.1221264367816092 0.15384615384615385 0.1206896551724138 0.14038461538461539 0.1206896551724138
0 1.2673076923076922 0.3132183908045977 1.2673076923076922 0.3146551724137931 1.273076923076923 0.3146551724137931 1.273076923076923 0.3132183908045977 1.2673076923076922 0.3132183908045977
0 1.0865384615384615 0.5201149425287356 1.0865384615384615 0.521551724137931 1.103846153846154 0.521551724137931 1.103846153846154 0.5201149425287356 1.0865384615384615 0.5201149425287356
0 0.05576923076923077 0.4956896551724138 0.05576923076923077 0.49712643678160917 0.06538461538461539 0.49712643678160917 0.06538461538461539 0.4956896551724138 0.05576923076923077 0.4956896551724138
0 0.08846153846153847 0.34770114942528735 0.08846153846153847 0.34913793103448276 0.09230769230769231 0.34913793103448276 0.09230769230769231 0.34770114942528735 0.08846153846153847 0.34770114942528735
0 0.7019230769230769 0.24568965517241378 0.7019230769230769 0.2471264367816092 0.7173076923076923 0.2471264367816092 0.7173076923076923 0.24568965517241378 0.7019230769230769 0.24568965517241378
0 0.8346153846153846 0.0 0.8346153846153846 0.0014367816091954023 0.8730769230769231 0.0014367816091954023 0.8730769230769231 0.0 0.8346153846153846 0.0
0 0.47115384615384615 0.5660919540229885 0.47115384615384615 0.5675287356321839 0.47692307692307695 0.5675287356321839 0.47692307692307695 0.5660919540229885 0.47115384615384615 0.5660919540229885
0 0.4846153846153846 0.7212643678160919 0.4846153846153846 0.7227011494252874 0.5 0.7227011494252874 0.5 0.7212643678160919 0.4846153846153846 0.7212643678160919
0 1.226923076923077 0.10919540229885058 1.226923076923077 0.11063218390804598 1.2346153846153847 0.11063218390804598 1.2346153846153847 0.10919540229885058 1.226923076923077 0.10919540229885058
0 0.5576923076923077 0.4540229885057471 0.5576923076923077 0.45545977011494254 0.5692307692307692 0.45545977011494254 0.5692307692307692 0.4540229885057471 0.5576923076923077 0.4540229885057471
0 0.22692307692307692 0.3089080459770115 0.22692307692307692 0.3103448275862069 0.23076923076923078 0.3103448275862069 0.23076923076923078 0.3089080459770115 0.22692307692307692 0.3089080459770115
0 0.9846153846153847 0.639367816091954 0.9846153846153847 0.6408045977011494 1.0 0.6408045977011494 1.0 0.639367816091954 0.9846153846153847 0.639367816091954
0 0.13846153846153847 0.05459770114942529 0.13846153846153847 0.05603448275862069 0.14423076923076922 0.05603448275862069 0.14423076923076922 0.05459770114942529 0.13846153846153847 0.05459770114942529
0 0.5134615384615384 0.34626436781609193 0.5134615384615384 0.34770114942528735 0.5307692307692308 0.34770114942528735 0.5307692307692308 0.34626436781609193 0.5134615384615384 0.34626436781609193
0 0.16346153846153846 0.3045977011494253 0.16346153846153846 0.30603448275862066 0.17115384615384616 0.30603448275862066 0.17115384615384616 0.3045977011494253 0.16346153846153846 0.3045977011494253
0 0.4846153846153846 0.7068965517241379 0.4846153846153846 0.7083333333333334 0.49230769230769234 0.7083333333333334 0.49230769230769234 0.7068965517241379 0.4846153846153846 0.7068965517241379
0 0.1423076923076923 0.5057471264367817 0.1423076923076923 0.507183908045977 0.14807692307692308 0.507183908045977 0.14807692307692308 0.5057471264367817 0.1423076923076923 0.5057471264367817
0 0.2423076923076923 0.3692528735632184 0.2423076923076923 0.3706896551724138 0.26153846153846155 0.3706896551724138 0.26153846153846155 0.3692528735632184 0.2423076923076923 0.3692528735632184
0 1.1365384615384615 0.3017241379310345 1.1365384615384615 0.3031609195402299 1.1403846153846153 0.3031609195402299 1.1403846153846153 0.3017241379310345 1.1365384615384615 0.3017241379310345
0 1.1115384615384616 0.6767241379310345 1.1115384615384616 0.6781609195402298 1.123076923076923 0.6781609195402298 1.123076923076923 0.6767241379310345 1.1115384615384616 0.6767241379310345
0 0.95 0.22126436781609196 0.95 0.22270114942528735 0.9557692307692308 0.22270114942528735 0.9557692307692308 0.22126436781609196 0.95 0.22126436781609196
0 0.45384615384615384 0.5632183908045977 0.45384615384615384 0.5646551724137931 0.47692307692307695 0.5646551724137931 0.47692307692307695 0.5632183908045977 0.45384615384615384 0.5632183908045977
0 0.3942307692307692 0.6910919540229885 0.3942307692307692 0.6925287356321839 0.4115384615384615 0.6925287356321839 0.4115384615384615 0.6910919540229885 0.3942307692307692 0.6910919540229885
0 0.5173076923076924 0.3175287356321839 0.5173076923076924 0.31896551724137934 0.5288461538461539 0.31896551724137934 0.5288461538461539 0.3175287356321839 0.5173076923076924 0.3175287356321839
0 0.8673076923076923 0.17385057471264367 0.8673076923076923 0.1752873563218391 0.8826923076923077 0.1752873563218391 0.8826923076923077 0.17385057471264367 0.8673076923076923 0.17385057471264367
0 0.5134615384615384 0.034482758620689655 0.5134615384615384 0.035919540229885055 0.525 0.035919540229885055 0.525 0.034482758620689655 0.5134615384615384 0.034482758620689655
0 0.20192307692307693 0.04310344827586207 0.20192307692307693 0.04454022988505747 0.22692307692307692 0.04454022988505747 0.22692307692307692 0.04310344827586207 0.20192307692307693 0.04310344827586207
0 0.1596153846153846 0.6954022988505747 0.1596153846153846 0.6968390804597702 0.175 0.6968390804597702 0.175 0.6954022988505747 0.1596153846153846 0.6954022988505747
0 0.8442307692307692 0.03879310344827586 0.8442307692307692 0.040229885057471264 0.8557692307692307 0.040229885057471264 0.8557692307692307 0.03879310344827586 0.8442307692307692 0.03879310344827586
0 0.7846153846153846 0.5272988505747126 0.7846153846153846 0.5287356321839081 0.7884615384615384 0.5287356321839081 0.7884615384615384 0.5272988505747126 0.7846153846153846 0.5272988505747126
0 0.39615384615384613 0.4468390804597701 0.39615384615384613 0.4482758620689655 0.4076923076923077 0.4482758620689655 0.4076923076923077 0.4468390804597701 0.39615384615384613 0.4468390804597701
0 0.7692307692307693 0.5517241379310345 0.7692307692307693 0.5531609195402298 0.7788461538461539 0.5531609195402298 0.7788461538461539 0.5517241379310345 0.7692307692307693 0.5517241379310345
0 0.6807692307692308 0.6479885057471264 0.6807692307692308 0.6494252873563219 0.6865384615384615 0.6494252873563219 0.6865384615384615 0.6479885057471264 0.6807692307692308 0.6479885057471264
0 0.5230769230769231 0.1336206896551724 0.5230769230769231 0.13505747126436782 0.5288461538461539 0.13505747126436782 0.5288461538461539 0.1336206896551724 0.5230769230769231 0.1336206896551724
0 0.4519230769230769 0.6666666666666666 0.4519230769230769 0.6681034482758621 0.45576923076923076 0.6681034482758621 0.45576923076923076 0.6666666666666666 0.4519230769230769 0.6666666666666666
0 0.29423076923076924 0.3850574712643678 0.29423076923076924 0.3864942528735632 0.3211538461538462 0.3864942528735632 0.3211538461538462 0.3850574712643678 0.29423076923076924 0.3850574712643678
0 0.15384615384615385 0.07183908045977011 0.15384615384615385 0.07327586206896551 0.16153846153846155 0.07327586206896551 0.16153846153846155 0.07183908045977011 0.15384615384615385 0.07183908045977011
0 1.301923076923077 0.17672413793103448 1.301923076923077 0.1781609195402299 1.3096153846153846 0.1781609195402299 1.3096153846153846 0.17672413793103448 1.301923076923077 0.17672413793103448
0 1.2423076923076923 0.11781609195402298 1.2423076923076923 0.11925287356321838 1.2461538461538462 0.11925287356321838 1.2461538461538462 0.11781609195402298 1.2423076923076923 0.11781609195402298
0 1.2211538461538463 0.6020114942528736 1.2211538461538463 0.603448275862069 1.228846153846154 0.603448275862069 1.228846153846154 0.6020114942528736 1.2211538461538463 0.6020114942528736
0 0.42115384615384616 0.4956896551724138 0.42115384615384616 0.49712643678160917 0.4403846153846154 0.49712643678160917 0.4403846153846154 0.4956896551724138 0.42115384615384616 0.4956896551724138
0 0.5826923076923077 0.07183908045977011 0.5826923076923077 0.07327586206896551 0.5903846153846154 0.07327586206896551 0.5903846153846154 0.07183908045977011 0.5826923076923077 0.07183908045977011
0 0.23076923076923078 0.7126436781609196 0.23076923076923078 0.7140804597701149 0.2423076923076923 0.7140804597701149 0.2423076923076923 0.7126436781609196 0.23076923076923078 0.7126436781609196
0 1.2326923076923078 0.367816091954023 1.2326923076923078 0.3692528735632184 1.2384615384615385 0.3692528735632184 1.2384615384615385 0.367816091954023 1.2326923076923078 0.367816091954023
0 0.34807692307692306 0.4410919540229885 0.34807692307692306 0.4425287356321839 0.36346153846153845 0.4425287356321839 0.36346153846153845 0.4410919540229885 0.34807692307692306 0.4410919540229885
0 0.6365384615384615 0.05459770114942529 0.6365384615384615 0.05603448275862069 0.6423076923076924 0.05603448275862069 0.6423076923076924 0.05459770114942529 0.6365384615384615 0.05459770114942529
0 0.6173076923076923 0.40804597701149425 0.6173076923076923 0.40948275862068967 0.6211538461538462 0.40948275862068967 0.6211538461538462 0.40804597701149425 0.6173076923076923 0.40804597701149425