0 0.98046875 0.425 0.98046875 0.428125 0.99609375 0.428125 0.99609375 0.425 0.98046875 0.425
0 0.13671875 0.640625 0.13671875 0.64375 0.1484375 0.64375 0.1484375 0.640625 0.13671875 0.640625
0 0.72265625 0.534375 0.72265625 0.5375 0.734375 0.5375 0.734375 0.534375 0.72265625 0.534375
0 0.37109375 0.25625 0.37109375 0.259375 0.390625 0.259375 0.390625 0.25625 0.37109375 0.25625
0 1.05859375 0.534375 1.05859375 0.5375 1.08984375 0.5375 1.08984375 0.534375 1.05859375 0.534375
0 0.6484375 0.665625 0.6484375 0.66875 0.67578125 0.66875 0.67578125 0.665625 0.6484375 0.665625
0 1.01953125 0.51875 1.01953125 0.521875 1.0390625 0.521875 1.0390625 0.51875 1.01953125 0.51875
0 0.24609375 0.171875 0.24609375 0.175 0.25 0.175 0.25 0.171875 0.24609375 0.171875
0 0.19140625 0.046875 0.19140625 0.05 0.2109375 0.05 0.2109375 0.046875 0.19140625 0.046875
0 1.203125 0.746875 1.203125 0.75 1.21484375 0.75 1.21484375 0.746875 1.203125 0.746875
0 1.078125 0.721875 1.078125 0.725 1.10546875 0.725 1.10546875 0.721875 1.078125 0.721875
0 0.2265625 0.659375 0.2265625 0.6625 0.25 0.6625 0.25 0.659375 0.2265625 0.659375
0 0.99609375 0.6 0.99609375 0.603125 1.0 0.603125 1.0 0.6 0.99609375 0.6
0 0.859375 0.5875 0.859375 0.590625 0.87890625 0.590625 0.87890625 0.5875 0.859375 0.5875
0 0.08984375 0.3625 0.08984375 0.365625 0.1015625 0.365625 0.1015625 0.3625 0.08984375 0.3625
0 1.0703125 0.61875 1.0703125 0.621875 1.08203125 0.621875 1.08203125 0.61875 1.0703125 0.61875
0 1.0 0.015625 1.0 0.01875 1.015625 0.01875 1.015625 0.015625 1.0 0.015625
0 0.19140625 0.70625 0.19140625 0.709375 0.22265625 0.709375 0.22265625 0.70625 0.19140625 0.70625
0 1.01171875 0.728125 1.01171875 0.73125 1.04296875 0.73125 1.04296875 0.728125 1.01171875 0.728125
0 0.578125 0.146875 0.578125 0.15 0.59765625 0.15 0.59765625 0.146875 0.578125 0.146875
0 0.27734375 0.1625 0.27734375 0.165625 0.3046875 0.165625 0.3046875 0.1625 0.27734375 0.1625
0 0.8125 0.26875 0.8125 0.271875 0.82421875 0.271875 0.82421875 0.26875 0.8125 0.26875
0 0.47265625 0.0 0.47265625 0.003125 0.5859375 0.003125 0.5859375 0.0 0.47265625 0.0
0 0.6328125 0.6 0.6328125 0.603125 0.65234375 0.603125 0.65234375 0.6 0.6328125 0.6
0 0.87109375 0.753125 0.87109375 0.75625 0.88671875 0.75625 0.88671875 0.753125 0.87109375 0.753125
0 0.09765625 0.68125 0.09765625 0.684375 0.125 0.684375 0.125 0.68125 0.09765625 0.68125
0 0.1953125 0.665625 0.1953125 0.66875 0.20703125 0.66875 0.20703125 0.665625 0.1953125 0.665625
0 0.328125 0.375 0.328125 0.378125 0.3828125 0.378125 0.3828125 0.375 0.328125 0.375
0 1.1953125 0.215625 1.1953125 0.21875 1.2109375 0.21875 1.2109375 0.215625 1.1953125 0.215625
0 0.22265625 0.428125 0.22265625 0.43125 0.23828125 0.43125 0.23828125 0.428125 0.22265625 0.428125
0 0.4765625 0.565625 0.4765625 0.56875 0.49609375 0.56875 0.49609375 0.565625 0.4765625 0.565625
0 1.2265625 0.246875 1.2265625 0.25 1.23828125 0.25 1.23828125 0.246875 1.2265625 0.246875
0 1.1171875 0.08125 1.1171875 0.084375 1.13671875 0.084375 1.13671875 0.08125 1.1171875 0.08125
0 0.48046875 0.35 0.48046875 0.353125 0.5 0.353125 0.5 0.35 0.48046875 0.35
0 0.6796875 0.778125 0.6796875 0.78125 0.69140625 0.78125 0.69140625 0.778125 0.6796875 0.778125
0 0.453125 0.353125 0.453125 0.35625 0.48046875 0.35625 0.48046875 0.353125 0.453125 0.353125
0 0.6796875 0.0 0.6796875 0.003125 0.8125 0.003125 0.8125 0.0 0.6796875 0.0