0 0.29615384615384616 0.7126436781609196 0.29615384615384616 0.7140804597701149 0.3057692307692308 0.7140804597701149 0.3057692307692308 0.7126436781609196 0.29615384615384616 0.7126436781609196
0 0.8807692307692307 0.6853448275862069 0.8807692307692307 0.6867816091954023 0.9 0.6867816091954023 0.9 0.6853448275862069 0.8807692307692307 0.6853448275862069
0 0.5865384615384616 0.3146551724137931 0.5865384615384616 0.3160919540229885 0.5942307692307692 0.3160919540229885 0.5942307692307692 0.3146551724137931 0.5865384615384616 0.3146551724137931
0 1.2365384615384616 0.031609195402298854 1.2365384615384616 0.033045977011494254 1.2423076923076923 0.033045977011494254 1.2423076923076923 0.031609195402298854 1.2365384615384616 0.031609195402298854
0 0.9557692307692308 0.17385057471264367 0.9557692307692308 0.1752873563218391 0.9788461538461538 0.1752873563218391 0.9788461538461538 0.17385057471264367 0.9557692307692308 0.17385057471264367
0 0.9384615384615385 0.16379310344827586 0.9384615384615385 0.16522988505747127 0.9423076923076923 0.16522988505747127 0.9423076923076923 0.16379310344827586 0.9384615384615385 0.16379310344827586
0 0.4346153846153846 0.09913793103448276 0.4346153846153846 0.10057471264367816 0.45 0.10057471264367816 0.45 0.09913793103448276 0.4346153846153846 0.09913793103448276
0 0.6615384615384615 0.6724137931034483 0.6615384615384615 0.6738505747126436 0.6788461538461539 0.6738505747126436 0.6788461538461539 0.6724137931034483 0.6615384615384615 0.6724137931034483
0 0.4076923076923077 0.45977011494252873 0.4076923076923077 0.46120689655172414 0.4115384615384615 0.46120689655172414 0.4115384615384615 0.45977011494252873 0.4076923076923077 0.45977011494252873
0 0.8057692307692308 0.5847701149425287 0.8057692307692308 0.5862068965517241 0.823076923076923 0.5862068965517241 0.823076923076923 0.5847701149425287 0.8057692307692308 0.5847701149425287
0 1.2192307692307693 0.09913793103448276 1.2192307692307693 0.10057471264367816 1.2326923076923078 0.10057471264367816 1.2326923076923078 0.09913793103448276 1.2192307692307693 0.09913793103448276
0 0.5076923076923077 0.13793103448275862 0.5076923076923077 0.13936781609195403 0.5115384615384615 0.13936781609195403 0.5115384615384615 0.13793103448275862 0.5076923076923077 0.13793103448275862
0 1.1711538461538462 0.22844827586206898 1.1711538461538462 0.22988505747126436 1.1730769230769231 0.22988505747126436 1.1730769230769231 0.22844827586206898 1.1711538461538462 0.22844827586206898
0 1.3269230769230769 0.10344827586206896 1.3269230769230769 0.10488505747126436 1.3384615384615384 0.10488505747126436 1.3384615384615384 0.10344827586206896 1.3269230769230769 0.10344827586206896
0 1.3 0.5862068965517241 1.3 0.5876436781609196 1.3153846153846154 0.5876436781609196 1.3153846153846154 0.5862068965517241 1.3 0.5862068965517241
0 0.03653846153846154 0.5474137931034483 0.03653846153846154 0.5488505747126436 0.04230769230769231 0.5488505747126436 0.04230769230769231 0.5474137931034483 0.03653846153846154 0.5474137931034483
0 0.9980769230769231 0.6221264367816092 0.9980769230769231 0.6235632183908046 1.0096153846153846 0.6235632183908046 1.0096153846153846 0.6221264367816092 0.9980769230769231 0.6221264367816092
0 1.001923076923077 0.40229885057471265 1.001923076923077 0.40373563218390807 1.025 0.40373563218390807 1.025 0.40229885057471265 1.001923076923077 0.40229885057471265
0 0.7692307692307693 0.27298850574712646 0.7692307692307693 0.2744252873563218 0.775 0.2744252873563218 0.775 0.27298850574712646 0.7692307692307693 0.27298850574712646
0 1.3173076923076923 0.23132183908045978 1.3173076923076923 0.23275862068965517 1.3288461538461538 0.23275862068965517 1.3288461538461538 0.23132183908045978 1.3173076923076923 0.23132183908045978
0 0.11153846153846154 0.7442528735632183 0.11153846153846154 0.7456896551724138 0.12884615384615383 0.7456896551724138 0.12884615384615383 0.7442528735632183 0.11153846153846154 0.7442528735632183
0 0.34615384615384615 0.29310344827586204 0.34615384615384615 0.29454022988505746 0.35192307692307695 0.29454022988505746 0.35192307692307695 0.29310344827586204 0.34615384615384615 0.29310344827586204
0 0.35384615384615387 0.19540229885057472 0.35384615384615387 0.1968390804597701 0.36153846153846153 0.1968390804597701 0.36153846153846153 0.19540229885057472 0.35384615384615387 0.19540229885057472
0 0.7384615384615385 0.01867816091954023 0.7384615384615385 0.020114942528735632 0.7519230769230769 0.020114942528735632 0.7519230769230769 0.01867816091954023 0.7384615384615385 0.01867816091954023
0 0.5826923076923077 0.005747126436781609 0.5826923076923077 0.007183908045977011 0.5980769230769231 0.007183908045977011 0.5980769230769231 0.005747126436781609 0.5826923076923077 0.005747126436781609
0 0.4480769230769231 0.4267241379310345 0.4480769230769231 0.4281609195402299 0.4576923076923077 0.4281609195402299 0.4576923076923077 0.4267241379310345 0.4480769230769231 0.4267241379310345
0 0.6846153846153846 0.3017241379310345 0.6846153846153846 0.3031609195402299 0.6942307692307692 0.3031609195402299 0.6942307692307692 0.3017241379310345 0.6846153846153846 0.3017241379310345
0 0.801923076923077 0.6537356321839081 0.801923076923077 0.6551724137931034 0.8211538461538461 0.6551724137931034 0.8211538461538461 0.6537356321839081 0.801923076923077 0.6537356321839081
0 0.5538461538461539 0.3017241379310345 0.5538461538461539 0.3031609195402299 0.5576923076923077 0.3031609195402299 0.5576923076923077 0.3017241379310345 0.5538461538461539 0.3017241379310345
0 0.2153846153846154 0.3089080459770115 0.2153846153846154 0.3103448275862069 0.225 0.3103448275862069 0.225 0.3089080459770115 0.2153846153846154 0.3089080459770115
0 0.34423076923076923 0.2744252873563218 0.34423076923076923 0.27586206896551724 0.35 0.27586206896551724 0.35 0.2744252873563218 0.34423076923076923 0.2744252873563218
0 0.8711538461538462 0.6738505747126436 0.8711538461538462 0.6752873563218391 0.8923076923076924 0.6752873563218391 0.8923076923076924 0.6738505747126436 0.8711538461538462 0.6738505747126436
0 0.275 0.4396551724137931 0.275 0.4410919540229885 0.2903846153846154 0.4410919540229885 0.2903846153846154 0.4396551724137931 0.275 0.4396551724137931
0 0.48653846153846153 0.017241379310344827 0.48653846153846153 0.01867816091954023 0.5038461538461538 0.01867816091954023 0.5038461538461538 0.017241379310344827 0.48653846153846153 0.017241379310344827
0 0.9769230769230769 0.25287356321839083 0.9769230769230769 0.2543103448275862 0.9884615384615385 0.2543103448275862 0.9884615384615385 0.25287356321839083 0.9769230769230769 0.25287356321839083
0 0.8115384615384615 0.30028735632183906 0.8115384615384615 0.3017241379310345 0.825 0.3017241379310345 0.825 0.30028735632183906 0.8115384615384615 0.30028735632183906
0 1.0326923076923078 0.40804597701149425 1.0326923076923078 0.40948275862068967 1.05 0.40948275862068967 1.05 0.40804597701149425 1.0326923076923078 0.40804597701149425
0 0.6384615384615384 0.5086206896551724 0.6384615384615384 0.5100574712643678 0.6557692307692308 0.5100574712643678 0.6557692307692308 0.5086206896551724 0.6384615384615384 0.5086206896551724
0 0.6346153846153846 0.7341954022988506 0.6346153846153846 0.735632183908046 0.6576923076923077 0.735632183908046 0.6576923076923077 0.7341954022988506 0.6346153846153846 0.7341954022988506
0 0.49423076923076925 0.6206896551724138 0.49423076923076925 0.6221264367816092 0.5173076923076924 0.6221264367816092 0.5173076923076924 0.6206896551724138 0.49423076923076925 0.6206896551724138
0 1.0403846153846155 0.6652298850574713 1.0403846153846155 0.6666666666666666 1.0769230769230769 0.6666666666666666 1.0769230769230769 0.6652298850574713 1.0403846153846155 0.6652298850574713
0 0.38269230769230766 0.0 0.38269230769230766 0.0014367816091954023 0.4480769230769231 0.0014367816091954023 0.4480769230769231 0.0 0.38269230769230766 0.0
0 1.325 0.3850574712643678 1.325 0.3864942528735632 1.3384615384615384 0.3864942528735632 1.3384615384615384 0.3850574712643678 1.325 0.3850574712643678
0 0.5807692307692308 0.20977011494252873 0.5807692307692308 0.21120689655172414 0.5846153846153846 0.21120689655172414 0.5846153846153846 0.20977011494252873 0.5807692307692308 0.20977011494252873
0 1.0826923076923076 0.2600574712643678 1.0826923076923076 0.2614942528735632 1.0961538461538463 0.2614942528735632 1.0961538461538463 0.2600574712643678 1.0826923076923076 0.2600574712643678
0 0.6307692307692307 0.33189655172413796 0.6307692307692307 0.3333333333333333 0.6365384615384615 0.3333333333333333 0.6365384615384615 0.33189655172413796 0.6307692307692307 0.33189655172413796
0 0.36346153846153845 0.37787356321839083 0.36346153846153845 0.3793103448275862 0.3769230769230769 0.3793103448275862 0.3769230769230769 0.37787356321839083 0.36346153846153845 0.37787356321839083
0 0.7346153846153847 0.23850574712643677 0.7346153846153847 0.23994252873563218 0.7442307692307693 0.23994252873563218 0.7442307692307693 0.23850574712643677 0.7346153846153847 0.23850574712643677
0 0.49230769230769234 0.5704022988505747 0.49230769230769234 0.5718390804597702 0.5230769230769231 0.5718390804597702 0.5230769230769231 0.5704022988505747 0.49230769230769234 0.5704022988505747
0 0.9038461538461539 0.3735632183908046 0.9038461538461539 0.375 0.9173076923076923 0.375 0.9173076923076923 0.3735632183908046 0.9038461538461539 0.3735632183908046
0 0.04230769230769231 0.5474137931034483 0.04230769230769231 0.5488505747126436 0.046153846153846156 0.5488505747126436 0.046153846153846156 0.5474137931034483 0.04230769230769231 0.5474137931034483
0 1.2673076923076922 0.06896551724137931 1.2673076923076922 0.07040229885057471 1.2807692307692307 0.07040229885057471 1.2807692307692307 0.06896551724137931 1.2673076923076922 0.06896551724137931
0 0.1 0.40660919540229884 0.1 0.40804597701149425 0.1076923076923077 0.40804597701149425 0.1076923076923077 0.40660919540229884 0.1 0.40660919540229884
0 1.325 0.11350574712643678 1.325 0.11494252873563218 1.3384615384615384 0.11494252873563218 1.3384615384615384 0.11350574712643678 1.325 0.11350574712643678
0 0.6576923076923077 0.375 0.6576923076923077 0.3764367816091954 0.6615384615384615 0.3764367816091954 0.6615384615384615 0.375 0.6576923076923077 0.375
0 1.0153846153846153 0.7255747126436781 1.0153846153846153 0.7270114942528736 1.023076923076923 0.7270114942528736 1.023076923076923 0.7255747126436781 1.0153846153846153 0.7255747126436781
0 0.2980769230769231 0.6709770114942529 0.2980769230769231 0.6724137931034483 0.3038461538461538 0.6724137931034483 0.3038461538461538 0.6709770114942529 0.2980769230769231 0.6709770114942529
0 0.9019230769230769 0.11925287356321838 0.9019230769230769 0.1206896551724138 0.9076923076923077 0.1206896551724138 0.9076923076923077 0.11925287356321838 0.9019230769230769 0.11925287356321838
0 0.18653846153846154 0.7011494252873564 0.18653846153846154 0.7025862068965517 0.20576923076923076 0.7025862068965517 0.20576923076923076 0.7011494252873564 0.18653846153846154 0.7011494252873564
0 1.1653846153846155 0.6795977011494253 1.1653846153846155 0.6810344827586207 1.176923076923077 0.6810344827586207 1.176923076923077 0.6795977011494253 1.1653846153846155 0.6795977011494253
0 0.05961538461538462 0.5933908045977011 0.05961538461538462 0.5948275862068966 0.0673076923076923 0.5948275862068966 0.0673076923076923 0.5933908045977011 0.05961538461538462 0.5933908045977011
0 0.4 0.22413793103448276 0.4 0.22557471264367815 0.40384615384615385 0.22557471264367815 0.40384615384615385 0.22413793103448276 0.4 0.22413793103448276
0 0.11730769230769231 0.34770114942528735 0.11730769230769231 0.34913793103448276 0.1326923076923077 0.34913793103448276 0.1326923076923077 0.34770114942528735 0.11730769230769231 0.34770114942528735
0 0.6211538461538462 0.1997126436781609 0.6211538461538462 0.20114942528735633 0.6384615384615384 0.20114942528735633 0.6384615384615384 0.1997126436781609 0.6211538461538462 0.1997126436781609
0 0.9730769230769231 0.3936781609195402 0.9730769230769231 0.39511494252873564 0.9865384615384616 0.39511494252873564 0.9865384615384616 0.3936781609195402 0.9730769230769231 0.3936781609195402
0 0.7288461538461538 0.20402298850574713 0.7288461538461538 0.20545977011494254 0.7403846153846154 0.20545977011494254 0.7403846153846154 0.20402298850574713 0.7288461538461538 0.20402298850574713
0 0.9807692307692307 0.1925287356321839 0.9807692307692307 0.1939655172413793 0.9942307692307693 0.1939655172413793 0.9942307692307693 0.1925287356321839 0.9807692307692307 0.1925287356321839
0 0.3076923076923077 0.0617816091954023 0.3076923076923077 0.06321839080459771 0.3192307692307692 0.06321839080459771 0.3192307692307692 0.0617816091954023 0.3076923076923077 0.0617816091954023
0 0.9096153846153846 0.10775862068965517 0.9096153846153846 0.10919540229885058 0.9192307692307692 0.10919540229885058 0.9192307692307692 0.10775862068965517 0.9096153846153846 0.10775862068965517
0 0.29423076923076924 0.4942528735632184 0.29423076923076924 0.4956896551724138 0.31346153846153846 0.4956896551724138 0.31346153846153846 0.4942528735632184 0.29423076923076924 0.4942528735632184
0 0.34423076923076923 0.7126436781609196 0.34423076923076923 0.7140804597701149 0.3576923076923077 0.7140804597701149 0.3576923076923077 0.7126436781609196 0.34423076923076923 0.7126436781609196
0 0.5865384615384616 0.514367816091954 0.5865384615384616 0.5158045977011494 0.6115384615384616 0.5158045977011494 0.6115384615384616 0.514367816091954 0.5865384615384616 0.514367816091954
0 1.2192307692307693 0.257183908045977 1.2192307692307693 0.25862068965517243 1.228846153846154 0.25862068965517243 1.228846153846154 0.257183908045977 1.2192307692307693 0.257183908045977
0 1.2576923076923077 0.0 1.2576923076923077 0.0014367816091954023 1.2692307692307692 0.0014367816091954023 1.2692307692307692 0.0 1.2576923076923077 0.0
0 0.5557692307692308 0.3635057471264368 0.5557692307692308 0.3649425287356322 0.5653846153846154 0.3649425287356322 0.5653846153846154 0.3635057471264368 0.5557692307692308 0.3635057471264368
0 0.21153846153846154 0.6982758620689655 0.21153846153846154 0.6997126436781609 0.21923076923076923 0.6997126436781609 0.21923076923076923 0.6982758620689655 0.21153846153846154 0.6982758620689655
0 1.2692307692307692 0.22413793103448276 1.2692307692307692 0.22557471264367815 1.2788461538461537 0.22557471264367815 1.2788461538461537 0.22413793103448276 1.2692307692307692 0.22413793103448276
0 0.075 0.6594827586206896 0.075 0.6609195402298851 0.08269230769230769 0.6609195402298851 0.08269230769230769 0.6594827586206896 0.075 0.6594827586206896
0 1.1384615384615384 0.7083333333333334 1.1384615384615384 0.7097701149425287 1.1442307692307692 0.7097701149425287 1.1442307692307692 0.7083333333333334 1.1384615384615384 0.7083333333333334
0 0.9692307692307692 0.0603448275862069 0.9692307692307692 0.0617816091954023 0.9826923076923076 0.0617816091954023 0.9826923076923076 0.0603448275862069 0.9692307692307692 0.0603448275862069
0 0.2403846153846154 0.5416666666666666 0.2403846153846154 0.5431034482758621 0.25576923076923075 0.5431034482758621 0.25576923076923075 0.5416666666666666 0.2403846153846154 0.5416666666666666
0 0.5057692307692307 0.28304597701149425 0.5057692307692307 0.28448275862068967 0.5115384615384615 0.28448275862068967 0.5115384615384615 0.28304597701149425 0.5057692307692307 0.28304597701149425
0 0.8884615384615384 0.0 0.8884615384615384 0.0014367816091954023 0.9461538461538461 0.0014367816091954023 0.9461538461538461 0.0 0.8884615384615384 0.0
0 0.17884615384615385 0.36637931034482757 0.17884615384615385 0.367816091954023 0.18653846153846154 0.367816091954023 0.18653846153846154 0.36637931034482757 0.17884615384615385 0.36637931034482757
0 0.23846153846153847 0.3922413793103448 0.23846153846153847 0.3936781609195402 0.25 0.3936781609195402 0.25 0.3922413793103448 0.23846153846153847 0.3922413793103448
0 0.7423076923076923 0.07758620689655173 0.7423076923076923 0.07902298850574713 0.7538461538461538 0.07902298850574713 0.7538461538461538 0.07758620689655173 0.7423076923076923 0.07758620689655173
0 0.11538461538461539 0.4425287356321839 0.11538461538461539 0.44396551724137934 0.15576923076923077 0.44396551724137934 0.15576923076923077 0.4425287356321839 0.11538461538461539 0.4425287356321839
0 0.8115384615384615 0.5 0.8115384615384615 0.5014367816091954 0.8269230769230769 0.5014367816091954 0.8269230769230769 0.5 0.8115384615384615 0.5
0 0.013461538461538462 0.0 0.013461538461538462 0.0014367816091954023 0.04038461538461539 0.0014367816091954023 0.04038461538461539 0.0 0.013461538461538462 0.0
0 0.12307692307692308 0.6537356321839081 0.12307692307692308 0.6551724137931034 0.13653846153846153 0.6551724137931034 0.13653846153846153 0.6537356321839081 0.12307692307692308 0.6537356321839081
0 0.7730769230769231 0.0 0.7730769230769231 0.0014367816091954023 0.7923076923076923 0.0014367816091954023 0.7923076923076923 0.0 0.7730769230769231 0.0
0 0.40192307692307694 0.32471264367816094 0.40192307692307694 0.3261494252873563 0.41346153846153844 0.3261494252873563 0.41346153846153844 0.32471264367816094 0.40192307692307694 0.32471264367816094
0 0.08653846153846154 0.06752873563218391 0.08653846153846154 0.06896551724137931 0.09230769230769231 0.06896551724137931 0.09230769230769231 0.06752873563218391 0.08653846153846154 0.06752873563218391
0 1.3326923076923076 0.46551724137931033 1.3326923076923076 0.46695402298850575 1.3384615384615384 0.46695402298850575 1.3384615384615384 0.46551724137931033 1.3326923076923076 0.46551724137931033
0 0.6538461538461539 0.5732758620689655 0.6538461538461539 0.5747126436781609 0.675 0.5747126436781609 0.675 0.5732758620689655 0.6538461538461539 0.5732758620689655
0 0.20384615384615384 0.26436781609195403 0.20384615384615384 0.26580459770114945 0.21346153846153845 0.26580459770114945 0.21346153846153845 0.26436781609195403 0.20384615384615384 0.26436781609195403
0 1.1115384615384616 0.3232758620689655 1.1115384615384616 0.32471264367816094 1.1173076923076923 0.32471264367816094 1.1173076923076923 0.3232758620689655 1.1115384615384616 0.3232758620689655
0 0.8942307692307693 0.09051724137931035 0.8942307692307693 0.09195402298850575 0.9076923076923077 0.09195402298850575 0.9076923076923077 0.09051724137931035 0.8942307692307693 0.09051724137931035
0 0.14038461538461539 0.5545977011494253 0.14038461538461539 0.5560344827586207 0.15 0.5560344827586207 0.15 0.5545977011494253 0.14038461538461539 0.5545977011494253
0 0.6307692307692307 0.6824712643678161 0.6307692307692307 0.6839080459770115 0.6384615384615384 0.6839080459770115 0.6384615384615384 0.6824712643678161 0.6307692307692307 0.6824712643678161
0 0.24423076923076922 0.1910919540229885 0.24423076923076922 0.1925287356321839 0.26346153846153847 0.1925287356321839 0.26346153846153847 0.1910919540229885 0.24423076923076922 0.1910919540229885
0 0.2153846153846154 0.3132183908045977 0.2153846153846154 0.3146551724137931 0.21923076923076923 0.3146551724137931 0.21923076923076923 0.3132183908045977 0.2153846153846154 0.3132183908045977
0 0.8769230769230769 0.6795977011494253 0.8769230769230769 0.6810344827586207 0.9076923076923077 0.6810344827586207 0.9076923076923077 0.6795977011494253 0.8769230769230769 0.6795977011494253
0 0.9711538461538461 0.0 0.9711538461538461 0.0014367816091954023 1.0 0.0014367816091954023 1.0 0.0 0.9711538461538461 0.0
0 0.675 0.4870689655172414 0.675 0.4885057471264368 0.7019230769230769 0.4885057471264368 0.7019230769230769 0.4870689655172414 0.675 0.4870689655172414
0 0.49423076923076925 0.6580459770114943 0.49423076923076925 0.6594827586206896 0.5038461538461538 0.6594827586206896 0.5038461538461538 0.6580459770114943 0.49423076923076925 0.6580459770114943