0 1.103846153846154 0.16666666666666666 1.103846153846154 0.16810344827586207 1.1096153846153847 0.16810344827586207 1.1096153846153847 0.16666666666666666 1.103846153846154 0.16666666666666666
0 0.8576923076923076 0.4353448275862069 0.8576923076923076 0.4367816091954023 0.8711538461538462 0.4367816091954023 0.8711538461538462 0.4353448275862069 0.8576923076923076 0.4353448275862069
0 0.1423076923076923 0.46264367816091956 0.1423076923076923 0.4640804597701149 0.16346153846153846 0.4640804597701149 0.16346153846153846 0.46264367816091956 0.1423076923076923 0.46264367816091956
0 1.1788461538461539 0.4468390804597701 1.1788461538461539 0.4482758620689655 1.1884615384615385 0.4482758620689655 1.1884615384615385 0.4468390804597701 1.1788461538461539 0.4468390804597701
0 1.1211538461538462 0.010057471264367816 1.1211538461538462 0.011494252873563218 1.126923076923077 0.011494252873563218 1.126923076923077 0.010057471264367816 1.1211538461538462 0.010057471264367816
0 0.25384615384615383 0.09626436781609195 0.25384615384615383 0.09770114942528736 0.2692307692307692 0.09770114942528736 0.2692307692307692 0.09626436781609195 0.25384615384615383 0.09626436781609195
0 0.5576923076923077 0.3864942528735632 0.5576923076923077 0.3879310344827586 0.5653846153846154 0.3879310344827586 0.5653846153846154 0.3864942528735632 0.5576923076923077 0.3864942528735632
0 0.49423076923076925 0.33189655172413796 0.49423076923076925 0.3333333333333333 0.5076923076923077 0.3333333333333333 0.5076923076923077 0.33189655172413796 0.49423076923076925 0.33189655172413796
0 0.9288461538461539 0.20833333333333334 0.9288461538461539 0.20977011494252873 0.9423076923076923 0.20977011494252873 0.9423076923076923 0.20833333333333334 0.9288461538461539 0.20833333333333334
0 0.3403846153846154 0.08333333333333333 0.3403846153846154 0.08477011494252873 0.35192307692307695 0.08477011494252873 0.35192307692307695 0.08333333333333333 0.3403846153846154 0.08333333333333333
0 0.9057692307692308 0.35344827586206895 0.9057692307692308 0.35488505747126436 0.925 0.35488505747126436 0.925 0.35344827586206895 0.9057692307692308 0.35344827586206895
0 0.47692307692307695 0.23994252873563218 0.47692307692307695 0.2413793103448276 0.4807692307692308 0.2413793103448276 0.4807692307692308 0.23994252873563218 0.47692307692307695 0.23994252873563218