0 0.025 0.5186781609195402 0.025 0.5201149425287356 0.032692307692307694 0.5201149425287356 0.032692307692307694 0.5186781609195402 0.025 0.5186781609195402
0 0.051923076923076926 0.6522988505747126 0.051923076923076926 0.6537356321839081 0.0673076923076923 0.6537356321839081 0.0673076923076923 0.6522988505747126 0.051923076923076926 0.6522988505747126
0 0.7826923076923077 0.7341954022988506 0.7826923076923077 0.735632183908046 0.7923076923076923 0.735632183908046 0.7923076923076923 0.7341954022988506 0.7826923076923077 0.7341954022988506
0 0.3076923076923077 0.04310344827586207 0.3076923076923077 0.04454022988505747 0.3230769230769231 0.04454022988505747 0.3230769230769231 0.04310344827586207 0.3076923076923077 0.04310344827586207
0 0.22692307692307692 0.09482758620689655 0.22692307692307692 0.09626436781609195 0.23846153846153847 0.09626436781609195 0.23846153846153847 0.09482758620689655 0.22692307692307692 0.09482758620689655
0 0.27884615384615385 0.7327586206896551 0.27884615384615385 0.7341954022988506 0.28846153846153844 0.7341954022988506 0.28846153846153844 0.7327586206896551 0.27884615384615385 0.7327586206896551
0 1.103846153846154 0.46551724137931033 1.103846153846154 0.46695402298850575 1.1442307692307692 0.46695402298850575 1.1442307692307692 0.46551724137931033 1.103846153846154 0.46551724137931033
0 0.6173076923076923 0.39511494252873564 0.6173076923076923 0.39655172413793105 0.6326923076923077 0.39655172413793105 0.6326923076923077 0.39511494252873564 0.6173076923076923 0.39511494252873564
0 0.2826923076923077 0.09770114942528736 0.2826923076923077 0.09913793103448276 0.2903846153846154 0.09913793103448276 0.2903846153846154 0.09770114942528736 0.2826923076923077 0.09770114942528736
0 0.8538461538461538 0.16091954022988506 0.8538461538461538 0.16235632183908047 0.8653846153846154 0.16235632183908047 0.8653846153846154 0.16091954022988506 0.8538461538461538 0.16091954022988506
0 1.1730769230769231 0.5201149425287356 1.1730769230769231 0.521551724137931 1.176923076923077 0.521551724137931 1.176923076923077 0.5201149425287356 1.1730769230769231 0.5201149425287356
0 0.36153846153846153 0.5359195402298851 0.36153846153846153 0.5373563218390804 0.36923076923076925 0.5373563218390804 0.36923076923076925 0.5359195402298851 0.36153846153846153 0.5359195402298851
0 1.0403846153846155 0.2744252873563218 1.0403846153846155 0.27586206896551724 1.0461538461538462 0.27586206896551724 1.0461538461538462 0.2744252873563218 1.0403846153846155 0.2744252873563218
0 0.3230769230769231 0.28304597701149425 0.3230769230769231 0.28448275862068967 0.32884615384615384 0.28448275862068967 0.32884615384615384 0.28304597701149425 0.3230769230769231 0.28304597701149425
0 0.6538461538461539 0.46551724137931033 0.6538461538461539 0.46695402298850575 0.6692307692307692 0.46695402298850575 0.6692307692307692 0.46551724137931033 0.6538461538461539 0.46551724137931033
0 1.2576923076923077 0.6206896551724138 1.2576923076923077 0.6221264367816092 1.2692307692307692 0.6221264367816092 1.2692307692307692 0.6206896551724138 1.2576923076923077 0.6206896551724138
0 0.1346153846153846 0.03017241379310345 0.1346153846153846 0.031609195402298854 0.15 0.031609195402298854 0.15 0.03017241379310345 0.1346153846153846 0.03017241379310345
0 0.8307692307692308 0.514367816091954 0.8307692307692308 0.5158045977011494 0.8346153846153846 0.5158045977011494 0.8346153846153846 0.514367816091954 0.8307692307692308 0.514367816091954
0 0.5096153846153846 0.1221264367816092 0.5096153846153846 0.1235632183908046 0.525 0.1235632183908046 0.525 0.1221264367816092 0.5096153846153846 0.1221264367816092
0 0.5884615384615385 0.0603448275862069 0.5884615384615385 0.0617816091954023 0.5923076923076923 0.0617816091954023 0.5923076923076923 0.0603448275862069 0.5884615384615385 0.0603448275862069
0 1.2826923076923078 0.08045977011494253 1.2826923076923078 0.08189655172413793 1.3 0.08189655172413793 1.3 0.08045977011494253 1.2826923076923078 0.08045977011494253
0 0.6153846153846154 0.32471264367816094 0.6153846153846154 0.3261494252873563 0.6423076923076924 0.3261494252873563 0.6423076923076924 0.32471264367816094 0.6153846153846154 0.32471264367816094
0 0.1076923076923077 0.382183908045977 0.1076923076923077 0.38362068965517243 0.13076923076923078 0.38362068965517243 0.13076923076923078 0.382183908045977 0.1076923076923077 0.382183908045977
0 0.85 0.5517241379310345 0.85 0.5531609195402298 0.8576923076923076 0.5531609195402298 0.8576923076923076 0.5517241379310345 0.85 0.5517241379310345
0 0.2173076923076923 0.492816091954023 0.2173076923076923 0.4942528735632184 0.2326923076923077 0.4942528735632184 0.2326923076923077 0.492816091954023 0.2173076923076923 0.492816091954023
0 0.4173076923076923 0.7327586206896551 0.4173076923076923 0.7341954022988506 0.4326923076923077 0.7341954022988506 0.4326923076923077 0.7327586206896551 0.4173076923076923 0.7327586206896551
0 0.5326923076923077 0.1235632183908046 0.5326923076923077 0.125 0.5423076923076923 0.125 0.5423076923076923 0.1235632183908046 0.5326923076923077 0.1235632183908046
0 0.47884615384615387 0.27155172413793105 0.47884615384615387 0.27298850574712646 0.49038461538461536 0.27298850574712646 0.49038461538461536 0.27155172413793105 0.47884615384615387 0.27155172413793105
0 0.06346153846153846 0.08477011494252873 0.06346153846153846 0.08620689655172414 0.07692307692307693 0.08620689655172414 0.07692307692307693 0.08477011494252873 0.06346153846153846 0.08477011494252873
0 1.123076923076923 0.44971264367816094 1.123076923076923 0.4511494252873563 1.1346153846153846 0.4511494252873563 1.1346153846153846 0.44971264367816094 1.123076923076923 0.44971264367816094
0 0.13846153846153847 0.008620689655172414 0.13846153846153847 0.010057471264367816 0.1519230769230769 0.010057471264367816 0.1519230769230769 0.008620689655172414 0.13846153846153847 0.008620689655172414
0 0.011538461538461539 0.4324712643678161 0.011538461538461539 0.4339080459770115 0.015384615384615385 0.4339080459770115 0.015384615384615385 0.4324712643678161 0.011538461538461539 0.4324712643678161
0 0.12307692307692308 0.15229885057471265 0.12307692307692308 0.15373563218390804 0.1346153846153846 0.15373563218390804 0.1346153846153846 0.15229885057471265 0.12307692307692308 0.15229885057471265
0 0.4653846153846154 0.7227011494252874 0.4653846153846154 0.7241379310344828 0.47307692307692306 0.7241379310344828 0.47307692307692306 0.7227011494252874 0.4653846153846154 0.7227011494252874
0 0.06153846153846154 0.6896551724137931 0.06153846153846154 0.6910919540229885 0.0673076923076923 0.6910919540229885 0.0673076923076923 0.6896551724137931 0.06153846153846154 0.6896551724137931
0 0.7538461538461538 0.1839080459770115 0.7538461538461538 0.1853448275862069 0.7615384615384615 0.1853448275862069 0.7615384615384615 0.1839080459770115 0.7538461538461538 0.1839080459770115
0 1.1942307692307692 0.49137931034482757 1.1942307692307692 0.492816091954023 1.2115384615384615 0.492816091954023 1.2115384615384615 0.49137931034482757 1.1942307692307692 0.49137931034482757
0 0.6692307692307692 0.3635057471264368 0.6692307692307692 0.3649425287356322 0.676923076923077 0.3649425287356322 0.676923076923077 0.3635057471264368 0.6692307692307692 0.3635057471264368
0 0.5442307692307692 0.34913793103448276 0.5442307692307692 0.3505747126436782 0.5538461538461539 0.3505747126436782 0.5538461538461539 0.34913793103448276 0.5442307692307692 0.34913793103448276
0 0.04230769230769231 0.35488505747126436 0.04230769230769231 0.3563218390804598 0.06346153846153846 0.3563218390804598 0.06346153846153846 0.35488505747126436 0.04230769230769231 0.35488505747126436
0 1.0923076923076922 0.09913793103448276 1.0923076923076922 0.10057471264367816 1.1 0.10057471264367816 1.1 0.09913793103448276 1.0923076923076922 0.09913793103448276
0 0.1519230769230769 0.34913793103448276 0.1519230769230769 0.3505747126436782 0.16923076923076924 0.3505747126436782 0.16923076923076924 0.34913793103448276 0.1519230769230769 0.34913793103448276
0 0.6942307692307692 0.29310344827586204 0.6942307692307692 0.29454022988505746 0.7 0.29454022988505746 0.7 0.29310344827586204 0.6942307692307692 0.29310344827586204
0 0.2173076923076923 0.014367816091954023 0.2173076923076923 0.015804597701149427 0.225 0.015804597701149427 0.225 0.014367816091954023 0.2173076923076923 0.014367816091954023
0 1.0980769230769232 0.28735632183908044 1.0980769230769232 0.28879310344827586 1.1057692307692308 0.28879310344827586 1.1057692307692308 0.28735632183908044 1.0980769230769232 0.28735632183908044
0 0.25 0.0 0.25 0.0014367816091954023 0.26153846153846155 0.0014367816091954023 0.26153846153846155 0.0 0.25 0.0
0 0.011538461538461539 0.6163793103448276 0.011538461538461539 0.617816091954023 0.03076923076923077 0.617816091954023 0.03076923076923077 0.6163793103448276 0.011538461538461539 0.6163793103448276
0 0.9192307692307692 0.3261494252873563 0.9192307692307692 0.3275862068965517 0.9326923076923077 0.3275862068965517 0.9326923076923077 0.3261494252873563 0.9192307692307692 0.3261494252873563
0 0.4576923076923077 0.1867816091954023 0.4576923076923077 0.1882183908045977 0.4846153846153846 0.1882183908045977 0.4846153846153846 0.1867816091954023 0.4576923076923077 0.1867816091954023
0 0.7557692307692307 0.4238505747126437 0.7557692307692307 0.42528735632183906 0.8076923076923077 0.42528735632183906 0.8076923076923077 0.4238505747126437 0.7557692307692307 0.4238505747126437
0 0.23846153846153847 0.7270114942528736 0.23846153846153847 0.728448275862069 0.2519230769230769 0.728448275862069 0.2519230769230769 0.7270114942528736 0.23846153846153847 0.7270114942528736
0 0.5076923076923077 0.02442528735632184 0.5076923076923077 0.02586206896551724 0.5134615384615384 0.02586206896551724 0.5134615384615384 0.02442528735632184 0.5076923076923077 0.02442528735632184
0 0.16923076923076924 0.6724137931034483 0.16923076923076924 0.6738505747126436 0.18653846153846154 0.6738505747126436 0.18653846153846154 0.6724137931034483 0.16923076923076924 0.6724137931034483
0 1.2980769230769231 0.008620689655172414 1.2980769230769231 0.010057471264367816 1.3057692307692308 0.010057471264367816 1.3057692307692308 0.008620689655172414 1.2980769230769231 0.008620689655172414
0 0.5 0.5560344827586207 0.5 0.5574712643678161 0.5153846153846153 0.5574712643678161 0.5153846153846153 0.5560344827586207 0.5 0.5560344827586207
0 1.2115384615384615 0.728448275862069 1.2115384615384615 0.7298850574712644 1.2230769230769232 0.7298850574712644 1.2230769230769232 0.728448275862069 1.2115384615384615 0.728448275862069
0 0.698076923076923 0.0 0.698076923076923 0.0014367816091954023 0.7365384615384616 0.0014367816091954023 0.7365384615384616 0.0 0.698076923076923 0.0
0 1.228846153846154 0.5201149425287356 1.228846153846154 0.521551724137931 1.2403846153846154 0.521551724137931 1.2403846153846154 0.5201149425287356 1.228846153846154 0.5201149425287356
0 0.6942307692307692 0.6436781609195402 0.6942307692307692 0.6451149425287356 0.7 0.6451149425287356 0.7 0.6436781609195402 0.6942307692307692 0.6436781609195402
0 0.8673076923076923 0.01293103448275862 0.8673076923076923 0.014367816091954023 0.8923076923076924 0.014367816091954023 0.8923076923076924 0.01293103448275862 0.8673076923076923 0.01293103448275862
0 0.8576923076923076 0.47844827586206895 0.8576923076923076 0.47988505747126436 0.875 0.47988505747126436 0.875 0.47844827586206895 0.8576923076923076 0.47844827586206895
0 1.198076923076923 0.7025862068965517 1.198076923076923 0.7040229885057471 1.2038461538461538 0.7040229885057471 1.2038461538461538 0.7025862068965517 1.198076923076923 0.7025862068965517
0 1.1846153846153846 0.6364942528735632 1.1846153846153846 0.6379310344827587 1.198076923076923 0.6379310344827587 1.198076923076923 0.6364942528735632 1.1846153846153846 0.6364942528735632
0 0.13846153846153847 0.5316091954022989 0.13846153846153847 0.5330459770114943 0.1519230769230769 0.5330459770114943 0.1519230769230769 0.5316091954022989 0.13846153846153847 0.5316091954022989
0 0.06153846153846154 0.6968390804597702 0.06153846153846154 0.6982758620689655 0.07884615384615384 0.6982758620689655 0.07884615384615384 0.6968390804597702 0.06153846153846154 0.6968390804597702
0 1.2576923076923077 0.6853448275862069 1.2576923076923077 0.6867816091954023 1.2653846153846153 0.6867816091954023 1.2653846153846153 0.6853448275862069 1.2576923076923077 0.6853448275862069
0 0.18269230769230768 0.5689655172413793 0.18269230769230768 0.5704022988505747 0.2 0.5704022988505747 0.2 0.5689655172413793 0.18269230769230768 0.5689655172413793
0 1.0923076923076922 0.34770114942528735 1.0923076923076922 0.34913793103448276 1.0961538461538463 0.34913793103448276 1.0961538461538463 0.34770114942528735 1.0923076923076922 0.34770114942528735
0 0.14038461538461539 0.20833333333333334 0.14038461538461539 0.20977011494252873 0.15576923076923077 0.20977011494252873 0.15576923076923077 0.20833333333333334 0.14038461538461539 0.20833333333333334
0 0.39615384615384613 0.5545977011494253 0.39615384615384613 0.5560344827586207 0.4115384615384615 0.5560344827586207 0.4115384615384615 0.5545977011494253 0.39615384615384613 0.5545977011494253
0 0.4519230769230769 0.4281609195402299 0.4519230769230769 0.4295977011494253 0.46153846153846156 0.4295977011494253 0.46153846153846156 0.4281609195402299 0.4519230769230769 0.4281609195402299
0 0.5096153846153846 0.2974137931034483 0.5096153846153846 0.2988505747126437 0.5211538461538462 0.2988505747126437 0.5211538461538462 0.2974137931034483 0.5096153846153846 0.2974137931034483
0 0.675 0.10057471264367816 0.675 0.10201149425287356 0.6923076923076923 0.10201149425287356 0.6923076923076923 0.10057471264367816 0.675 0.10057471264367816
0 0.5384615384615384 0.4324712643678161 0.5384615384615384 0.4339080459770115 0.5538461538461539 0.4339080459770115 0.5538461538461539 0.4324712643678161 0.5384615384615384 0.4324712643678161
0 1.0403846153846155 0.7227011494252874 1.0403846153846155 0.7241379310344828 1.05 0.7241379310344828 1.05 0.7227011494252874 1.0403846153846155 0.7227011494252874
0 1.1365384615384615 0.3103448275862069 1.1365384615384615 0.3117816091954023 1.1519230769230768 0.3117816091954023 1.1519230769230768 0.3103448275862069 1.1365384615384615 0.3103448275862069
0 0.8961538461538462 0.37787356321839083 0.8961538461538462 0.3793103448275862 0.9096153846153846 0.3793103448275862 0.9096153846153846 0.37787356321839083 0.8961538461538462 0.37787356321839083
0 0.6096153846153847 0.4755747126436782 0.6096153846153847 0.47701149425287354 0.6288461538461538 0.47701149425287354 0.6288461538461538 0.4755747126436782 0.6096153846153847 0.4755747126436782
0 1.2961538461538462 0.021551724137931036 1.2961538461538462 0.022988505747126436 1.3076923076923077 0.022988505747126436 1.3076923076923077 0.021551724137931036 1.2961538461538462 0.021551724137931036
0 0.20961538461538462 0.21695402298850575 0.20961538461538462 0.21839080459770116 0.2173076923076923 0.21839080459770116 0.2173076923076923 0.21695402298850575 0.20961538461538462 0.21695402298850575
0 1.3346153846153845 0.6005747126436781 1.3346153846153845 0.6020114942528736 1.3384615384615384 0.6020114942528736 1.3384615384615384 0.6005747126436781 1.3346153846153845 0.6005747126436781
0 1.3057692307692308 0.14080459770114942 1.3057692307692308 0.14224137931034483 1.3211538461538461 0.14224137931034483 1.3211538461538461 0.14080459770114942 1.3057692307692308 0.14080459770114942
0 0.9384615384615385 0.017241379310344827 0.9384615384615385 0.01867816091954023 0.95 0.01867816091954023 0.95 0.017241379310344827 0.9384615384615385 0.017241379310344827
0 1.2134615384615384 0.1221264367816092 1.2134615384615384 0.1235632183908046 1.2230769230769232 0.1235632183908046 1.2230769230769232 0.1221264367816092 1.2134615384615384 0.1221264367816092
0 0.7826923076923077 0.507183908045977 0.7826923076923077 0.5086206896551724 0.7923076923076923 0.5086206896551724 0.7923076923076923 0.507183908045977 0.7826923076923077 0.507183908045977
0 0.9788461538461538 0.20689655172413793 0.9788461538461538 0.20833333333333334 0.9923076923076923 0.20833333333333334 0.9923076923076923 0.20689655172413793 0.9788461538461538 0.20689655172413793
0 0.6153846153846154 0.5876436781609196 0.6153846153846154 0.5890804597701149 0.6230769230769231 0.5890804597701149 0.6230769230769231 0.5876436781609196 0.6153846153846154 0.5876436781609196
0 0.04807692307692308 0.5818965517241379 0.04807692307692308 0.5833333333333334 0.06153846153846154 0.5833333333333334 0.06153846153846154 0.5818965517241379 0.04807692307692308 0.5818965517241379
0 0.6461538461538462 0.3793103448275862 0.6461538461538462 0.3807471264367816 0.65 0.3807471264367816 0.65 0.3793103448275862 0.6461538461538462 0.3793103448275862
0 0.12692307692307692 0.027298850574712645 0.12692307692307692 0.028735632183908046 0.1326923076923077 0.028735632183908046 0.1326923076923077 0.027298850574712645 0.12692307692307692 0.027298850574712645
0 0.75 0.11206896551724138 0.75 0.11350574712643678 0.7653846153846153 0.11350574712643678 0.7653846153846153 0.11206896551724138 0.75 0.11206896551724138
0 0.9769230769230769 0.07614942528735633 0.9769230769230769 0.07758620689655173 0.9903846153846154 0.07758620689655173 0.9903846153846154 0.07614942528735633 0.9769230769230769 0.07614942528735633
0 0.9307692307692308 0.24281609195402298 0.9307692307692308 0.2442528735632184 0.9346153846153846 0.2442528735632184 0.9346153846153846 0.24281609195402298 0.9307692307692308 0.24281609195402298
0 0.9615384615384616 0.03879310344827586 0.9615384615384616 0.040229885057471264 0.9711538461538461 0.040229885057471264 0.9711538461538461 0.03879310344827586 0.9615384615384616 0.03879310344827586
0 0.6403846153846153 0.6637931034482759 0.6403846153846153 0.6652298850574713 0.6634615384615384 0.6652298850574713 0.6634615384615384 0.6637931034482759 0.6403846153846153 0.6637931034482759
0 0.9 0.7011494252873564 0.9 0.7025862068965517 0.9192307692307692 0.7025862068965517 0.9192307692307692 0.7011494252873564 0.9 0.7011494252873564
0 1.2096153846153845 0.21408045977011494 1.2096153846153845 0.21551724137931033 1.2211538461538463 0.21551724137931033 1.2211538461538463 0.21408045977011494 1.2096153846153845 0.21408045977011494
0 1.126923076923077 0.2514367816091954 1.126923076923077 0.25287356321839083 1.1423076923076922 0.25287356321839083 1.1423076923076922 0.2514367816091954 1.126923076923077 0.2514367816091954
0 0.8519230769230769 0.6221264367816092 0.8519230769230769 0.6235632183908046 0.8653846153846154 0.6235632183908046 0.8653846153846154 0.6221264367816092 0.8519230769230769 0.6221264367816092
0 1.0769230769230769 0.492816091954023 1.0769230769230769 0.4942528735632184 1.0826923076923076 0.4942528735632184 1.0826923076923076 0.492816091954023 1.0769230769230769 0.492816091954023
0 0.16153846153846155 0.6609195402298851 0.16153846153846155 0.6623563218390804 0.175 0.6623563218390804 0.175 0.6609195402298851 0.16153846153846155 0.6609195402298851
0 0.075 0.2801724137931034 0.075 0.28160919540229884 0.09615384615384616 0.28160919540229884 0.09615384615384616 0.2801724137931034 0.075 0.2801724137931034
0 0.21346153846153845 0.5962643678160919 0.21346153846153845 0.5977011494252874 0.2173076923076923 0.5977011494252874 0.2173076923076923 0.5962643678160919 0.21346153846153845 0.5962643678160919
0 1.301923076923077 0.0 1.301923076923077 0.0014367816091954023 1.3076923076923077 0.0014367816091954023 1.3076923076923077 0.0 1.301923076923077 0.0
0 0.7057692307692308 0.6566091954022989 0.7057692307692308 0.6580459770114943 0.7288461538461538 0.6580459770114943 0.7288461538461538 0.6566091954022989 0.7057692307692308 0.6566091954022989
0 1.0076923076923077 0.32471264367816094 1.0076923076923077 0.3261494252873563 1.0173076923076922 0.3261494252873563 1.0173076923076922 0.32471264367816094 1.0076923076923077 0.32471264367816094