0 0.4609375 0.43125 0.4609375 0.434375 0.48828125 0.434375 0.48828125 0.43125 0.4609375 0.43125
0 0.86328125 0.671875 0.86328125 0.675 0.890625 0.675 0.890625 0.671875 0.86328125 0.671875
0 1.078125 0.453125 1.078125 0.45625 1.109375 0.45625 1.109375 0.453125 1.078125 0.453125
0 1.20703125 0.525 1.20703125 0.528125 1.21484375 0.528125 1.21484375 0.525 1.20703125 0.525
0 0.328125 0.278125 0.328125 0.28125 0.33984375 0.28125 0.33984375 0.278125 0.328125 0.278125
0 0.08984375 0.434375 0.08984375 0.4375 0.11328125 0.4375 0.11328125 0.434375 0.08984375 0.434375
0 0.86328125 0.034375 0.86328125 0.0375 0.91015625 0.0375 0.91015625 0.034375 0.86328125 0.034375
0 0.78125 0.0125 0.78125 0.015625 0.80078125 0.015625 0.80078125 0.0125 0.78125 0.0125
0 0.9453125 0.1625 0.9453125 0.165625 0.95703125 0.165625 0.95703125 0.1625 0.9453125 0.1625
0 0.01953125 0.609375 0.01953125 0.6125 0.0390625 0.6125 0.0390625 0.609375 0.01953125 0.609375
0 0.85546875 0.540625 0.85546875 0.54375 0.87109375 0.54375 0.87109375 0.540625 0.85546875 0.540625
0 0.265625 0.415625 0.265625 0.41875 0.328125 0.41875 0.328125 0.415625 0.265625 0.415625
0 1.0078125 0.4875 1.0078125 0.490625 1.046875 0.490625 1.046875 0.4875 1.0078125 0.4875
0 0.3359375 0.10625 0.3359375 0.109375 0.35546875 0.109375 0.35546875 0.10625 0.3359375 0.10625
0 1.046875 0.671875 1.046875 0.675 1.0625 0.675 1.0625 0.671875 1.046875 0.671875
0 0.1796875 0.19375 0.1796875 0.196875 0.20703125 0.196875 0.20703125 0.19375 0.1796875 0.19375
0 0.62890625 0.7 0.62890625 0.703125 0.6328125 0.703125 0.6328125 0.7 0.62890625 0.7
0 0.171875 0.7625 0.171875 0.765625 0.19140625 0.765625 0.19140625 0.7625 0.171875 0.7625