0 0.62109375 0.5 0.62109375 0.503125 0.65234375 0.503125 0.65234375 0.5 0.62109375 0.5
0 0.05078125 0.378125 0.05078125 0.38125 0.06640625 0.38125 0.06640625 0.378125 0.05078125 0.378125
0 0.29296875 0.2875 0.29296875 0.290625 0.33984375 0.290625 0.33984375 0.2875 0.29296875 0.2875
0 1.01171875 0.384375 1.01171875 0.3875 1.03125 0.3875 1.03125 0.384375 1.01171875 0.384375
0 0.4921875 0.3375 0.4921875 0.340625 0.50390625 0.340625 0.50390625 0.3375 0.4921875 0.3375
0 0.49609375 0.246875 0.49609375 0.25 0.5078125 0.25 0.5078125 0.246875 0.49609375 0.246875
0 0.390625 0.01875 0.390625 0.021875 0.41015625 0.021875 0.41015625 0.01875 0.390625 0.01875
0 0.69140625 0.153125 0.69140625 0.15625 0.703125 0.15625 0.703125 0.153125 0.69140625 0.153125
0 0.09375 0.68125 0.09375 0.684375 0.10546875 0.684375 0.10546875 0.68125 0.09375 0.68125
0 0.80078125 0.784375 0.80078125 0.7875 0.8359375 0.7875 0.8359375 0.784375 0.80078125 0.784375
0 0.3671875 0.0 0.3671875 0.003125 0.45703125 0.003125 0.45703125 0.0 0.3671875 0.0
0 0.41796875 0.465625 0.41796875 0.46875 0.4609375 0.46875 0.4609375 0.465625 0.41796875 0.465625
0 0.2109375 0.0 0.2109375 0.003125 0.2890625 0.003125 0.2890625 0.0 0.2109375 0.0
0 0.73828125 0.609375 0.73828125 0.6125 0.80859375 0.6125 0.80859375 0.609375 0.73828125 0.609375
0 1.17578125 0.453125 1.17578125 0.45625 1.18359375 0.45625 1.18359375 0.453125 1.17578125 0.453125
0 0.85546875 0.190625 0.85546875 0.19375 0.90234375 0.19375 0.90234375 0.190625 0.85546875 0.190625
0 0.328125 0.4625 0.328125 0.465625 0.3359375 0.465625 0.3359375 0.4625 0.328125 0.4625
0 0.76953125 0.178125 0.76953125 0.18125 0.78515625 0.18125 0.78515625 0.178125 0.76953125 0.178125
0 0.890625 0.26875 0.890625 0.271875 0.91015625 0.271875 0.91015625 0.26875 0.890625 0.26875
0 0.65234375 0.55 0.65234375 0.553125 0.66796875 0.553125 0.66796875 0.55 0.65234375 0.55
0 0.078125 0.2875 0.078125 0.290625 0.10546875 0.290625 0.10546875 0.2875 0.078125 0.2875
0 0.34375 0.5375 0.34375 0.540625 0.36328125 0.540625 0.36328125 0.5375 0.34375 0.5375
0 0.0703125 0.36875 0.0703125 0.371875 0.1015625 0.371875 0.1015625 0.36875 0.0703125 0.36875
0 0.2109375 0.465625 0.2109375 0.46875 0.25390625 0.46875 0.25390625 0.465625 0.2109375 0.465625
0 0.0078125 0.0 0.0078125 0.003125 0.12109375 0.003125 0.12109375 0.0 0.0078125 0.0