0 0.0 0.225 0.0 0.228125 0.0390625 0.228125 0.0390625 0.225 0.0 0.225
0 0.48046875 0.0 0.48046875 0.003125 0.55078125 0.003125 0.55078125 0.0 0.48046875 0.0
0 0.96484375 0.3 0.96484375 0.303125 0.984375 0.303125 0.984375 0.3 0.96484375 0.3
0 1.12890625 0.2875 1.12890625 0.290625 1.16796875 0.290625 1.16796875 0.2875 1.12890625 0.2875
0 0.078125 0.74375 0.078125 0.746875 0.1015625 0.746875 0.1015625 0.74375 0.078125 0.74375
0 0.61328125 0.23125 0.61328125 0.234375 0.625 0.234375 0.625 0.23125 0.61328125 0.23125
0 0.32421875 0.284375 0.32421875 0.2875 0.33203125 0.2875 0.33203125 0.284375 0.32421875 0.284375
0 0.21875 0.0 0.21875 0.003125 0.2734375 0.003125 0.2734375 0.0 0.21875 0.0
0 0.96875 0.453125 0.96875 0.45625 0.98046875 0.45625 0.98046875 0.453125 0.96875 0.453125
0 1.05078125 0.76875 1.05078125 0.771875 1.0859375 0.771875 1.0859375 0.76875 1.05078125 0.76875
0 0.23828125 0.14375 0.23828125 0.146875 0.26171875 0.146875 0.26171875 0.14375 0.23828125 0.14375
0 0.2734375 0.2375 0.2734375 0.240625 0.28515625 0.240625 0.28515625 0.2375 0.2734375 0.2375
0 0.30859375 0.70625 0.30859375 0.709375 0.32421875 0.709375 0.32421875 0.70625 0.30859375 0.70625
0 1.03515625 0.021875 1.03515625 0.025 1.046875 0.025 1.046875 0.021875 1.03515625 0.021875
0 0.515625 0.615625 0.515625 0.61875 0.55078125 0.61875 0.55078125 0.615625 0.515625 0.615625
0 0.73828125 0.34375 0.73828125 0.346875 0.75 0.346875 0.75 0.34375 0.73828125 0.34375
0 0.98828125 0.16875 0.98828125 0.171875 1.0 0.171875 1.0 0.16875 0.98828125 0.16875
0 0.71875 0.53125 0.71875 0.534375 0.73046875 0.534375 0.73046875 0.53125 0.71875 0.53125
0 0.33203125 0.265625 0.33203125 0.26875 0.3515625 0.26875 0.3515625 0.265625 0.33203125 0.265625
0 0.171875 0.071875 0.171875 0.075 0.1953125 0.075 0.1953125 0.071875 0.171875 0.071875
0 0.078125 0.725 0.078125 0.728125 0.09765625 0.728125 0.09765625 0.725 0.078125 0.725
0 0.5 0.390625 0.5 0.39375 0.51953125 0.39375 0.51953125 0.390625 0.5 0.390625
0 0.28515625 0.45 0.28515625 0.453125 0.3203125 0.453125 0.3203125 0.45 0.28515625 0.45
0 1.22265625 0.203125 1.22265625 0.20625 1.24609375 0.20625 1.24609375 0.203125 1.22265625 0.203125
0 0.49609375 0.265625 0.49609375 0.26875 0.51953125 0.26875 0.51953125 0.265625 0.49609375 0.265625
0 0.62890625 0.184375 0.62890625 0.1875 0.64453125 0.1875 0.64453125 0.184375 0.62890625 0.184375
0 0.328125 0.45625 0.328125 0.459375 0.3359375 0.459375 0.3359375 0.45625 0.328125 0.45625
0 1.0703125 0.315625 1.0703125 0.31875 1.08984375 0.31875 1.08984375 0.315625 1.0703125 0.315625
0 0.72265625 0.728125 0.72265625 0.73125 0.73828125 0.73125 0.73828125 0.728125 0.72265625 0.728125
0 1.11328125 0.353125 1.11328125 0.35625 1.15234375 0.35625 1.15234375 0.353125 1.11328125 0.353125
0 0.0 0.05625 0.0 0.059375 0.015625 0.059375 0.015625 0.05625 0.0 0.05625
0 0.125 0.246875 0.125 0.25 0.19140625 0.25 0.19140625 0.246875 0.125 0.246875
0 0.40234375 0.61875 0.40234375 0.621875 0.41796875 0.621875 0.41796875 0.61875 0.40234375 0.61875
0 0.15625 0.028125 0.15625 0.03125 0.171875 0.03125 0.171875 0.028125 0.15625 0.028125
0 0.25 0.290625 0.25 0.29375 0.2734375 0.29375 0.2734375 0.290625 0.25 0.290625
0 0.17578125 0.09375 0.17578125 0.096875 0.203125 0.096875 0.203125 0.09375 0.17578125 0.09375
0 0.4921875 0.33125 0.4921875 0.334375 0.5 0.334375 0.5 0.33125 0.4921875 0.33125
0 0.48828125 0.40625 0.48828125 0.409375 0.5 0.409375 0.5 0.40625 0.48828125 0.40625
0 0.38671875 0.33125 0.38671875 0.334375 0.3984375 0.334375 0.3984375 0.33125 0.38671875 0.33125
0 0.01171875 0.190625 0.01171875 0.19375 0.03125 0.19375 0.03125 0.190625 0.01171875 0.190625
0 0.546875 0.246875 0.546875 0.25 0.5625 0.25 0.5625 0.246875 0.546875 0.246875
0 0.39453125 0.00625 0.39453125 0.009375 0.4296875 0.009375 0.4296875 0.00625 0.39453125 0.00625
0 1.14453125 0.5875 1.14453125 0.590625 1.16015625 0.590625 1.16015625 0.5875 1.14453125 0.5875
0 1.2265625 0.4375 1.2265625 0.440625 1.23828125 0.440625 1.23828125 0.4375 1.2265625 0.4375
0 0.05078125 0.25 0.05078125 0.253125 0.0703125 0.253125 0.0703125 0.25 0.05078125 0.25
0 0.15625 0.04375 0.15625 0.046875 0.17578125 0.046875 0.17578125 0.04375 0.15625 0.04375
0 0.96875 0.475 0.96875 0.478125 0.9921875 0.478125 0.9921875 0.475 0.96875 0.475
0 0.79296875 0.55 0.79296875 0.553125 0.83984375 0.553125 0.83984375 0.55 0.79296875 0.55
0 1.09375 0.165625 1.09375 0.16875 1.10546875 0.16875 1.10546875 0.165625 1.09375 0.165625
0 0.8984375 0.515625 0.8984375 0.51875 0.91015625 0.51875 0.91015625 0.515625 0.8984375 0.515625
0 1.0 0.51875 1.0 0.521875 1.04296875 0.521875 1.04296875 0.51875 1.0 0.51875
0 0.7421875 0.0 0.7421875 0.003125 0.80078125 0.003125 0.80078125 0.0 0.7421875 0.0
0 0.40625 0.328125 0.40625 0.33125 0.42578125 0.33125 0.42578125 0.328125 0.40625 0.328125
0 0.64453125 0.0 0.64453125 0.003125 0.71484375 0.003125 0.71484375 0.0 0.64453125 0.0
0 0.29296875 0.78125 0.29296875 0.784375 0.3046875 0.784375 0.3046875 0.78125 0.29296875 0.78125
0 0.1484375 0.265625 0.1484375 0.26875 0.1640625 0.26875 0.1640625 0.265625 0.1484375 0.265625
0 0.5078125 0.059375 0.5078125 0.0625 0.5234375 0.0625 0.5234375 0.059375 0.5078125 0.059375
0 1.16796875 0.70625 1.16796875 0.709375 1.17578125 0.709375 1.17578125 0.70625 1.16796875 0.70625
0 1.1640625 0.1625 1.1640625 0.165625 1.171875 0.165625 1.171875 0.1625 1.1640625 0.1625