0 0.9921875 0.1375 0.9921875 0.140625 1.0 0.140625 1.0 0.1375 0.9921875 0.1375
0 0.140625 0.0 0.140625 0.003125 0.3203125 0.003125 0.3203125 0.0 0.140625 0.0
0 0.49609375 0.015625 0.49609375 0.01875 0.53515625 0.01875 0.53515625 0.015625 0.49609375 0.015625
0 0.703125 0.659375 0.703125 0.6625 0.7265625 0.6625 0.7265625 0.659375 0.703125 0.659375
0 0.6796875 0.51875 0.6796875 0.521875 0.6875 0.521875 0.6875 0.51875 0.6796875 0.51875
0 0.734375 0.290625 0.734375 0.29375 0.73828125 0.29375 0.73828125 0.290625 0.734375 0.290625
0 0.75 0.415625 0.75 0.41875 0.76953125 0.41875 0.76953125 0.415625 0.75 0.415625
0 1.24609375 0.028125 1.24609375 0.03125 1.25 0.03125 1.25 0.028125 1.24609375 0.028125
0 0.3203125 0.0 0.3203125 0.003125 0.45703125 0.003125 0.45703125 0.0 0.3203125 0.0
0 1.14453125 0.290625 1.14453125 0.29375 1.15234375 0.29375 1.15234375 0.290625 1.14453125 0.290625
0 0.55078125 0.515625 0.55078125 0.51875 0.57421875 0.51875 0.57421875 0.515625 0.55078125 0.515625
0 0.98828125 0.75 0.98828125 0.753125 1.0 0.753125 1.0 0.75 0.98828125 0.75
0 0.85546875 0.78125 0.85546875 0.784375 0.87109375 0.784375 0.87109375 0.78125 0.85546875 0.78125