0 0.08653846153846154 0.3505747126436782 0.08653846153846154 0.35201149425287354 0.10576923076923077 0.35201149425287354 0.10576923076923077 0.3505747126436782 0.08653846153846154 0.3505747126436782
0 1.2865384615384616 0.6839080459770115 1.2865384615384616 0.6853448275862069 1.2961538461538462 0.6853448275862069 1.2961538461538462 0.6839080459770115 1.2865384615384616 0.6839080459770115
0 1.1884615384615385 0.4885057471264368 1.1884615384615385 0.4899425287356322 1.1923076923076923 0.4899425287356322 1.1923076923076923 0.4885057471264368 1.1884615384615385 0.4885057471264368
0 0.8423076923076923 0.16810344827586207 0.8423076923076923 0.16954022988505746 0.8461538461538461 0.16954022988505746 0.8461538461538461 0.16810344827586207 0.8423076923076923 0.16810344827586207
0 1.3115384615384615 0.3175287356321839 1.3115384615384615 0.31896551724137934 1.3211538461538461 0.31896551724137934 1.3211538461538461 0.3175287356321839 1.3115384615384615 0.3175287356321839
0 0.8884615384615384 0.6307471264367817 0.8884615384615384 0.632183908045977 0.9038461538461539 0.632183908045977 0.9038461538461539 0.6307471264367817 0.8884615384615384 0.6307471264367817
0 0.8942307692307693 0.39798850574712646 0.8942307692307693 0.3994252873563218 0.9057692307692308 0.3994252873563218 0.9057692307692308 0.39798850574712646 0.8942307692307693 0.39798850574712646
0 1.2538461538461538 0.24568965517241378 1.2538461538461538 0.2471264367816092 1.2596153846153846 0.2471264367816092 1.2596153846153846 0.24568965517241378 1.2538461538461538 0.24568965517241378
0 0.8807692307692307 0.0014367816091954023 0.8807692307692307 0.0028735632183908046 0.8923076923076924 0.0028735632183908046 0.8923076923076924 0.0014367816091954023 0.8807692307692307 0.0014367816091954023
0 0.25961538461538464 0.29454022988505746 0.25961538461538464 0.2959770114942529 0.27307692307692305 0.2959770114942529 0.27307692307692305 0.29454022988505746 0.25961538461538464 0.29454022988505746
0 0.4423076923076923 0.014367816091954023 0.4423076923076923 0.015804597701149427 0.45576923076923076 0.015804597701149427 0.45576923076923076 0.014367816091954023 0.4423076923076923 0.014367816091954023
0 0.125 0.4885057471264368 0.125 0.4899425287356322 0.1346153846153846 0.4899425287356322 0.1346153846153846 0.4885057471264368 0.125 0.4885057471264368
0 1.2211538461538463 0.5100574712643678 1.2211538461538463 0.5114942528735632 1.2326923076923078 0.5114942528735632 1.2326923076923078 0.5100574712643678 1.2211538461538463 0.5100574712643678
0 0.7480769230769231 0.3232758620689655 0.7480769230769231 0.32471264367816094 0.75 0.32471264367816094 0.75 0.3232758620689655 0.7480769230769231 0.3232758620689655
0 0.8557692307692307 0.09051724137931035 0.8557692307692307 0.09195402298850575 0.8615384615384616 0.09195402298850575 0.8615384615384616 0.09051724137931035 0.8557692307692307 0.09051724137931035
0 0.425 0.14224137931034483 0.425 0.14367816091954022 0.4442307692307692 0.14367816091954022 0.4442307692307692 0.14224137931034483 0.425 0.14224137931034483
0 1.1865384615384615 0.27586206896551724 1.1865384615384615 0.27729885057471265 1.2115384615384615 0.27729885057471265 1.2115384615384615 0.27586206896551724 1.1865384615384615 0.27586206896551724
0 1.0442307692307693 0.3994252873563218 1.0442307692307693 0.40086206896551724 1.0576923076923077 0.40086206896551724 1.0576923076923077 0.3994252873563218 1.0442307692307693 0.3994252873563218
0 1.2884615384615385 0.7025862068965517 1.2884615384615385 0.7040229885057471 1.2942307692307693 0.7040229885057471 1.2942307692307693 0.7025862068965517 1.2884615384615385 0.7025862068965517
0 0.19807692307692307 0.1896551724137931 0.19807692307692307 0.1910919540229885 0.22115384615384615 0.1910919540229885 0.22115384615384615 0.1896551724137931 0.19807692307692307 0.1896551724137931
0 0.8576923076923076 0.5761494252873564 0.8576923076923076 0.5775862068965517 0.8692307692307693 0.5775862068965517 0.8692307692307693 0.5761494252873564 0.8576923076923076 0.5761494252873564
0 0.4115384615384615 0.4324712643678161 0.4115384615384615 0.4339080459770115 0.41923076923076924 0.4339080459770115 0.41923076923076924 0.4324712643678161 0.4115384615384615 0.4324712643678161
0 0.0019230769230769232 0.20833333333333334 0.0019230769230769232 0.20977011494252873 0.021153846153846155 0.20977011494252873 0.021153846153846155 0.20833333333333334 0.0019230769230769232 0.20833333333333334
0 1.1865384615384615 0.34195402298850575 1.1865384615384615 0.34339080459770116 1.2 0.34339080459770116 1.2 0.34195402298850575 1.1865384615384615 0.34195402298850575
0 0.16538461538461538 0.0 0.16538461538461538 0.0014367816091954023 0.20384615384615384 0.0014367816091954023 0.20384615384615384 0.0 0.16538461538461538 0.0
0 0.7403846153846154 0.375 0.7403846153846154 0.3764367816091954 0.7480769230769231 0.3764367816091954 0.7480769230769231 0.375 0.7403846153846154 0.375
0 1.3288461538461538 0.4468390804597701 1.3288461538461538 0.4482758620689655 1.3326923076923076 0.4482758620689655 1.3326923076923076 0.4468390804597701 1.3288461538461538 0.4468390804597701
0 0.22884615384615384 0.29454022988505746 0.22884615384615384 0.2959770114942529 0.24615384615384617 0.2959770114942529 0.24615384615384617 0.29454022988505746 0.22884615384615384 0.29454022988505746
0 1.1538461538461537 0.022988505747126436 1.1538461538461537 0.02442528735632184 1.1576923076923078 0.02442528735632184 1.1576923076923078 0.022988505747126436 1.1538461538461537 0.022988505747126436
0 0.801923076923077 0.7413793103448276 0.801923076923077 0.742816091954023 0.8076923076923077 0.742816091954023 0.8076923076923077 0.7413793103448276 0.801923076923077 0.7413793103448276
0 0.948076923076923 0.22701149425287356 0.948076923076923 0.22844827586206898 0.9615384615384616 0.22844827586206898 0.9615384615384616 0.22701149425287356 0.948076923076923 0.22701149425287356
0 0.8423076923076923 0.11637931034482758 0.8423076923076923 0.11781609195402298 0.8576923076923076 0.11781609195402298 0.8576923076923076 0.11637931034482758 0.8423076923076923 0.11637931034482758
0 0.8615384615384616 0.125 0.8615384615384616 0.12643678160919541 0.8826923076923077 0.12643678160919541 0.8826923076923077 0.125 0.8615384615384616 0.125
0 0.6365384615384615 0.7068965517241379 0.6365384615384615 0.7083333333333334 0.6442307692307693 0.7083333333333334 0.6442307692307693 0.7068965517241379 0.6365384615384615 0.7068965517241379
0 0.6211538461538462 0.1278735632183908 0.6211538461538462 0.12931034482758622 0.6288461538461538 0.12931034482758622 0.6288461538461538 0.1278735632183908 0.6211538461538462 0.1278735632183908
0 1.2865384615384616 0.6293103448275862 1.2865384615384616 0.6307471264367817 1.3057692307692308 0.6307471264367817 1.3057692307692308 0.6293103448275862 1.2865384615384616 0.6293103448275862
0 0.06538461538461539 0.16379310344827586 0.06538461538461539 0.16522988505747127 0.07307692307692308 0.16522988505747127 0.07307692307692308 0.16379310344827586 0.06538461538461539 0.16379310344827586
0 1.325 0.3563218390804598 1.325 0.3577586206896552 1.3384615384615384 0.3577586206896552 1.3384615384615384 0.3563218390804598 1.325 0.3563218390804598
0 0.8326923076923077 0.3649425287356322 0.8326923076923077 0.36637931034482757 0.8365384615384616 0.36637931034482757 0.8365384615384616 0.3649425287356322 0.8326923076923077 0.3649425287356322
0 0.6846153846153846 0.2974137931034483 0.6846153846153846 0.2988505747126437 0.6903846153846154 0.2988505747126437 0.6903846153846154 0.2974137931034483 0.6846153846153846 0.2974137931034483
0 0.3903846153846154 0.35488505747126436 0.3903846153846154 0.3563218390804598 0.39807692307692305 0.3563218390804598 0.39807692307692305 0.35488505747126436 0.3903846153846154 0.35488505747126436
0 0.021153846153846155 0.15517241379310345 0.021153846153846155 0.15660919540229884 0.03076923076923077 0.15660919540229884 0.03076923076923077 0.15517241379310345 0.021153846153846155 0.15517241379310345
0 0.40384615384615385 0.011494252873563218 0.40384615384615385 0.01293103448275862 0.42115384615384616 0.01293103448275862 0.42115384615384616 0.011494252873563218 0.40384615384615385 0.011494252873563218
0 1.0288461538461537 0.4468390804597701 1.0288461538461537 0.4482758620689655 1.0403846153846155 0.4482758620689655 1.0403846153846155 0.4468390804597701 1.0288461538461537 0.4468390804597701
0 1.1961538461538461 0.22988505747126436 1.1961538461538461 0.23132183908045978 1.2038461538461538 0.23132183908045978 1.2038461538461538 0.22988505747126436 1.1961538461538461 0.22988505747126436
0 0.1519230769230769 0.7155172413793104 0.1519230769230769 0.7169540229885057 0.16538461538461538 0.7169540229885057 0.16538461538461538 0.7155172413793104 0.1519230769230769 0.7155172413793104
0 0.175 0.34051724137931033 0.175 0.34195402298850575 0.18269230769230768 0.34195402298850575 0.18269230769230768 0.34051724137931033 0.175 0.34051724137931033
0 0.9076923076923077 0.6795977011494253 0.9076923076923077 0.6810344827586207 0.9134615384615384 0.6810344827586207 0.9134615384615384 0.6795977011494253 0.9076923076923077 0.6795977011494253
0 0.40192307692307694 0.20689655172413793 0.40192307692307694 0.20833333333333334 0.41346153846153844 0.20833333333333334 0.41346153846153844 0.20689655172413793 0.40192307692307694 0.20689655172413793
0 0.37884615384615383 0.5948275862068966 0.37884615384615383 0.5962643678160919 0.39807692307692305 0.5962643678160919 0.39807692307692305 0.5948275862068966 0.37884615384615383 0.5948275862068966
0 1.1365384615384615 0.6551724137931034 1.1365384615384615 0.6566091954022989 1.1596153846153847 0.6566091954022989 1.1596153846153847 0.6551724137931034 1.1365384615384615 0.6551724137931034
0 0.032692307692307694 0.08045977011494253 0.032692307692307694 0.08189655172413793 0.04038461538461539 0.08189655172413793 0.04038461538461539 0.08045977011494253 0.032692307692307694 0.08045977011494253
0 0.3769230769230769 0.4583333333333333 0.3769230769230769 0.45977011494252873 0.38269230769230766 0.45977011494252873 0.38269230769230766 0.4583333333333333 0.3769230769230769 0.4583333333333333
0 0.4403846153846154 0.5948275862068966 0.4403846153846154 0.5962643678160919 0.4519230769230769 0.5962643678160919 0.4519230769230769 0.5948275862068966 0.4403846153846154 0.5948275862068966
0 0.7115384615384616 0.015804597701149427 0.7115384615384616 0.017241379310344827 0.7134615384615385 0.017241379310344827 0.7134615384615385 0.015804597701149427 0.7115384615384616 0.015804597701149427
0 0.5557692307692308 0.6709770114942529 0.5557692307692308 0.6724137931034483 0.5634615384615385 0.6724137931034483 0.5634615384615385 0.6709770114942529 0.5557692307692308 0.6709770114942529
0 0.6615384615384615 0.6767241379310345 0.6615384615384615 0.6781609195402298 0.6653846153846154 0.6781609195402298 0.6653846153846154 0.6767241379310345 0.6615384615384615 0.6767241379310345
0 1.0153846153846153 0.6824712643678161 1.0153846153846153 0.6839080459770115 1.0288461538461537 0.6839080459770115 1.0288461538461537 0.6824712643678161 1.0153846153846153 0.6824712643678161
0 0.6057692307692307 0.6666666666666666 0.6057692307692307 0.6681034482758621 0.6211538461538462 0.6681034482758621 0.6211538461538462 0.6666666666666666 0.6057692307692307 0.6666666666666666
0 0.9846153846153847 0.2916666666666667 0.9846153846153847 0.29310344827586204 0.9865384615384616 0.29310344827586204 0.9865384615384616 0.2916666666666667 0.9846153846153847 0.2916666666666667
0 0.5942307692307692 0.47126436781609193 0.5942307692307692 0.47270114942528735 0.6076923076923076 0.47270114942528735 0.6076923076923076 0.47126436781609193 0.5942307692307692 0.47126436781609193
0 0.8307692307692308 0.5258620689655172 0.8307692307692308 0.5272988505747126 0.8365384615384616 0.5272988505747126 0.8365384615384616 0.5258620689655172 0.8307692307692308 0.5258620689655172
0 0.6230769230769231 0.26436781609195403 0.6230769230769231 0.26580459770114945 0.625 0.26580459770114945 0.625 0.26436781609195403 0.6230769230769231 0.26436781609195403
0 1.3096153846153846 0.4698275862068966 1.3096153846153846 0.47126436781609193 1.323076923076923 0.47126436781609193 1.323076923076923 0.4698275862068966 1.3096153846153846 0.4698275862068966
0 0.9807692307692307 0.1781609195402299 0.9807692307692307 0.17959770114942528 0.9846153846153847 0.17959770114942528 0.9846153846153847 0.1781609195402299 0.9807692307692307 0.1781609195402299
0 0.8096153846153846 0.7183908045977011 0.8096153846153846 0.7198275862068966 0.8269230769230769 0.7198275862068966 0.8269230769230769 0.7183908045977011 0.8096153846153846 0.7183908045977011
0 0.08076923076923077 0.6436781609195402 0.08076923076923077 0.6451149425287356 0.08269230769230769 0.6451149425287356 0.08269230769230769 0.6436781609195402 0.08076923076923077 0.6436781609195402
0 0.9576923076923077 0.27729885057471265 0.9576923076923077 0.27873563218390807 0.9634615384615385 0.27873563218390807 0.9634615384615385 0.27729885057471265 0.9576923076923077 0.27729885057471265
0 0.925 0.4640804597701149 0.925 0.46551724137931033 0.9307692307692308 0.46551724137931033 0.9307692307692308 0.4640804597701149 0.925 0.4640804597701149
0 0.46153846153846156 0.6479885057471264 0.46153846153846156 0.6494252873563219 0.47307692307692306 0.6494252873563219 0.47307692307692306 0.6479885057471264 0.46153846153846156 0.6479885057471264
0 0.057692307692307696 0.0028735632183908046 0.057692307692307696 0.004310344827586207 0.05961538461538462 0.004310344827586207 0.05961538461538462 0.0028735632183908046 0.057692307692307696 0.0028735632183908046
0 1.2307692307692308 0.375 1.2307692307692308 0.3764367816091954 1.2461538461538462 0.3764367816091954 1.2461538461538462 0.375 1.2307692307692308 0.375
0 0.6730769230769231 0.07614942528735633 0.6730769230769231 0.07758620689655173 0.6903846153846154 0.07758620689655173 0.6903846153846154 0.07614942528735633 0.6730769230769231 0.07614942528735633
0 0.6865384615384615 0.5545977011494253 0.6865384615384615 0.5560344827586207 0.6923076923076923 0.5560344827586207 0.6923076923076923 0.5545977011494253 0.6865384615384615 0.5545977011494253
0 0.20576923076923076 0.22413793103448276 0.20576923076923076 0.22557471264367815 0.2076923076923077 0.22557471264367815 0.2076923076923077 0.22413793103448276 0.20576923076923076 0.22413793103448276
0 0.7596153846153846 0.09626436781609195 0.7596153846153846 0.09770114942528736 0.7788461538461539 0.09770114942528736 0.7788461538461539 0.09626436781609195 0.7596153846153846 0.09626436781609195
0 0.37884615384615383 0.7385057471264368 0.37884615384615383 0.7399425287356322 0.39807692307692305 0.7399425287356322 0.39807692307692305 0.7385057471264368 0.37884615384615383 0.7385057471264368
0 0.9538461538461539 0.27155172413793105 0.9538461538461539 0.27298850574712646 0.975 0.27298850574712646 0.975 0.27155172413793105 0.9538461538461539 0.27155172413793105
0 1.025 0.3735632183908046 1.025 0.375 1.0365384615384616 0.375 1.0365384615384616 0.3735632183908046 1.025 0.3735632183908046
0 0.3557692307692308 0.40373563218390807 0.3557692307692308 0.4051724137931034 0.3596153846153846 0.4051724137931034 0.3596153846153846 0.40373563218390807 0.3557692307692308 0.40373563218390807
0 0.175 0.20402298850574713 0.175 0.20545977011494254 0.19615384615384615 0.20545977011494254 0.19615384615384615 0.20402298850574713 0.175 0.20402298850574713
0 0.8423076923076923 0.1939655172413793 0.8423076923076923 0.19540229885057472 0.8615384615384616 0.19540229885057472 0.8615384615384616 0.1939655172413793 0.8423076923076923 0.1939655172413793
0 0.926923076923077 0.21264367816091953 0.926923076923077 0.21408045977011494 0.9346153846153846 0.21408045977011494 0.9346153846153846 0.21264367816091953 0.926923076923077 0.21264367816091953
0 0.7403846153846154 0.46120689655172414 0.7403846153846154 0.46264367816091956 0.7615384615384615 0.46264367816091956 0.7615384615384615 0.46120689655172414 0.7403846153846154 0.46120689655172414
0 0.4673076923076923 0.08045977011494253 0.4673076923076923 0.08189655172413793 0.4807692307692308 0.08189655172413793 0.4807692307692308 0.08045977011494253 0.4673076923076923 0.08045977011494253
0 1.1211538461538462 0.3692528735632184 1.1211538461538462 0.3706896551724138 1.1326923076923077 0.3706896551724138 1.1326923076923077 0.3692528735632184 1.1211538461538462 0.3692528735632184
0 0.5596153846153846 0.5761494252873564 0.5596153846153846 0.5775862068965517 0.573076923076923 0.5775862068965517 0.573076923076923 0.5761494252873564 0.5596153846153846 0.5761494252873564
0 1.075 0.3017241379310345 1.075 0.3031609195402299 1.0942307692307693 0.3031609195402299 1.0942307692307693 0.3017241379310345 1.075 0.3017241379310345
0 1.0057692307692307 0.05316091954022988 1.0057692307692307 0.05459770114942529 1.0153846153846153 0.05459770114942529 1.0153846153846153 0.05316091954022988 1.0057692307692307 0.05316091954022988
0 1.0461538461538462 0.41235632183908044 1.0461538461538462 0.41379310344827586 1.051923076923077 0.41379310344827586 1.051923076923077 0.41235632183908044 1.0461538461538462 0.41235632183908044
0 1.2788461538461537 0.4166666666666667 1.2788461538461537 0.41810344827586204 1.2923076923076924 0.41810344827586204 1.2923076923076924 0.4166666666666667 1.2788461538461537 0.4166666666666667
0 0.8807692307692307 0.5043103448275862 0.8807692307692307 0.5057471264367817 0.9038461538461539 0.5057471264367817 0.9038461538461539 0.5043103448275862 0.8807692307692307 0.5043103448275862
0 0.3923076923076923 0.34770114942528735 0.3923076923076923 0.34913793103448276 0.39807692307692305 0.34913793103448276 0.39807692307692305 0.34770114942528735 0.3923076923076923 0.34770114942528735
0 0.8769230769230769 0.04454022988505747 0.8769230769230769 0.04597701149425287 0.8846153846153846 0.04597701149425287 0.8846153846153846 0.04454022988505747 0.8769230769230769 0.04454022988505747
0 0.9769230769230769 0.3218390804597701 0.9769230769230769 0.3232758620689655 0.9788461538461538 0.3232758620689655 0.9788461538461538 0.3218390804597701 0.9769230769230769 0.3218390804597701
0 1.3211538461538461 0.5632183908045977 1.3211538461538461 0.5646551724137931 1.323076923076923 0.5646551724137931 1.323076923076923 0.5632183908045977 1.3211538461538461 0.5632183908045977
0 0.5423076923076923 0.0 0.5423076923076923 0.0014367816091954023 0.5538461538461539 0.0014367816091954023 0.5538461538461539 0.0 0.5423076923076923 0.0
0 0.6923076923076923 0.27298850574712646 0.6923076923076923 0.2744252873563218 0.7134615384615385 0.2744252873563218 0.7134615384615385 0.27298850574712646 0.6923076923076923 0.27298850574712646
0 0.7576923076923077 0.3620689655172414 0.7576923076923077 0.3635057471264368 0.7711538461538462 0.3635057471264368 0.7711538461538462 0.3620689655172414 0.7576923076923077 0.3620689655172414
0 0.2173076923076923 0.3879310344827586 0.2173076923076923 0.38936781609195403 0.21923076923076923 0.38936781609195403 0.21923076923076923 0.3879310344827586 0.2173076923076923 0.3879310344827586
0 1.0038461538461538 0.1939655172413793 1.0038461538461538 0.19540229885057472 1.0134615384615384 0.19540229885057472 1.0134615384615384 0.1939655172413793 1.0038461538461538 0.1939655172413793
0 0.5480769230769231 0.5172413793103449 0.5480769230769231 0.5186781609195402 0.55 0.5186781609195402 0.55 0.5172413793103449 0.5480769230769231 0.5172413793103449
0 0.18076923076923077 0.03735632183908046 0.18076923076923077 0.03879310344827586 0.19615384615384615 0.03879310344827586 0.19615384615384615 0.03735632183908046 0.18076923076923077 0.03735632183908046
0 0.8403846153846154 0.5014367816091954 0.8403846153846154 0.5028735632183908 0.8423076923076923 0.5028735632183908 0.8423076923076923 0.5014367816091954 0.8403846153846154 0.5014367816091954
0 0.925 0.1235632183908046 0.925 0.125 0.9326923076923077 0.125 0.9326923076923077 0.1235632183908046 0.925 0.1235632183908046
0 0.4307692307692308 0.05890804597701149 0.4307692307692308 0.0603448275862069 0.4346153846153846 0.0603448275862069 0.4346153846153846 0.05890804597701149 0.4307692307692308 0.05890804597701149
0 0.7019230769230769 0.603448275862069 0.7019230769230769 0.6048850574712644 0.7211538461538461 0.6048850574712644 0.7211538461538461 0.603448275862069 0.7019230769230769 0.603448275862069
0 1.2788461538461537 0.7313218390804598 1.2788461538461537 0.7327586206896551 1.3038461538461539 0.7327586206896551 1.3038461538461539 0.7313218390804598 1.2788461538461537 0.7313218390804598
0 0.7884615384615384 0.035919540229885055 0.7884615384615384 0.03735632183908046 0.7961538461538461 0.03735632183908046 0.7961538461538461 0.035919540229885055 0.7884615384615384 0.035919540229885055
0 0.5288461538461539 0.20402298850574713 0.5288461538461539 0.20545977011494254 0.5326923076923077 0.20545977011494254 0.5326923076923077 0.20402298850574713 0.5288461538461539 0.20402298850574713
0 0.19807692307692307 0.09770114942528736 0.19807692307692307 0.09913793103448276 0.20961538461538462 0.09913793103448276 0.20961538461538462 0.09770114942528736 0.19807692307692307 0.09770114942528736
0 1.1057692307692308 0.4295977011494253 1.1057692307692308 0.43103448275862066 1.1173076923076923 0.43103448275862066 1.1173076923076923 0.4295977011494253 1.1057692307692308 0.4295977011494253
0 0.7576923076923077 0.5014367816091954 0.7576923076923077 0.5028735632183908 0.7615384615384615 0.5028735632183908 0.7615384615384615 0.5014367816091954 0.7576923076923077 0.5014367816091954
0 0.7192307692307692 0.5732758620689655 0.7192307692307692 0.5747126436781609 0.725 0.5747126436781609 0.725 0.5732758620689655 0.7192307692307692 0.5732758620689655
0 0.22115384615384615 0.40229885057471265 0.22115384615384615 0.40373563218390807 0.225 0.40373563218390807 0.225 0.40229885057471265 0.22115384615384615 0.40229885057471265
0 0.36346153846153845 0.6149425287356322 0.36346153846153845 0.6163793103448276 0.3730769230769231 0.6163793103448276 0.3730769230769231 0.6149425287356322 0.36346153846153845 0.6149425287356322
0 0.11923076923076924 0.5775862068965517 0.11923076923076924 0.5790229885057471 0.12692307692307692 0.5790229885057471 0.12692307692307692 0.5775862068965517 0.11923076923076924 0.5775862068965517
0 0.6673076923076923 0.5100574712643678 0.6673076923076923 0.5114942528735632 0.6692307692307692 0.5114942528735632 0.6692307692307692 0.5100574712643678 0.6673076923076923 0.5100574712643678
0 0.6192307692307693 0.1939655172413793 0.6192307692307693 0.19540229885057472 0.6211538461538462 0.19540229885057472 0.6211538461538462 0.1939655172413793 0.6192307692307693 0.1939655172413793
0 0.25 0.23706896551724138 0.25 0.23850574712643677 0.2653846153846154 0.23850574712643677 0.2653846153846154 0.23706896551724138 0.25 0.23706896551724138
0 0.09423076923076923 0.23275862068965517 0.09423076923076923 0.23419540229885058 0.09807692307692308 0.23419540229885058 0.09807692307692308 0.23275862068965517 0.09423076923076923 0.23275862068965517
0 0.5211538461538462 0.21695402298850575 0.5211538461538462 0.21839080459770116 0.5365384615384615 0.21839080459770116 0.5365384615384615 0.21695402298850575 0.5211538461538462 0.21695402298850575
0 0.6346153846153846 0.3505747126436782 0.6346153846153846 0.35201149425287354 0.6480769230769231 0.35201149425287354 0.6480769230769231 0.3505747126436782 0.6346153846153846 0.3505747126436782
0 1.1826923076923077 0.5086206896551724 1.1826923076923077 0.5100574712643678 1.1846153846153846 0.5100574712643678 1.1846153846153846 0.5086206896551724 1.1826923076923077 0.5086206896551724
0 0.5442307692307692 0.05459770114942529 0.5442307692307692 0.05603448275862069 0.5538461538461539 0.05603448275862069 0.5538461538461539 0.05459770114942529 0.5442307692307692 0.05459770114942529
0 0.1 0.5847701149425287 0.1 0.5862068965517241 0.11730769230769231 0.5862068965517241 0.11730769230769231 0.5847701149425287 0.1 0.5847701149425287
0 1.2576923076923077 0.6666666666666666 1.2576923076923077 0.6681034482758621 1.2673076923076922 0.6681034482758621 1.2673076923076922 0.6666666666666666 1.2576923076923077 0.6666666666666666
0 0.8576923076923076 0.14080459770114942 0.8576923076923076 0.14224137931034483 0.8615384615384616 0.14224137931034483 0.8615384615384616 0.14080459770114942 0.8576923076923076 0.14080459770114942
0 0.6692307692307692 0.646551724137931 0.6692307692307692 0.6479885057471264 0.6807692307692308 0.6479885057471264 0.6807692307692308 0.646551724137931 0.6692307692307692 0.646551724137931
0 0.3769230769230769 0.007183908045977011 0.3769230769230769 0.008620689655172414 0.38653846153846155 0.008620689655172414 0.38653846153846155 0.007183908045977011 0.3769230769230769 0.007183908045977011
0 0.5019230769230769 0.12643678160919541 0.5019230769230769 0.1278735632183908 0.5096153846153846 0.1278735632183908 0.5096153846153846 0.12643678160919541 0.5019230769230769 0.12643678160919541
0 1.0038461538461538 0.39080459770114945 1.0038461538461538 0.3922413793103448 1.0076923076923077 0.3922413793103448 1.0076923076923077 0.39080459770114945 1.0038461538461538 0.39080459770114945
0 0.5923076923076923 0.5531609195402298 0.5923076923076923 0.5545977011494253 0.5942307692307692 0.5545977011494253 0.5942307692307692 0.5531609195402298 0.5923076923076923 0.5531609195402298
0 1.0692307692307692 0.46120689655172414 1.0692307692307692 0.46264367816091956 1.0769230769230769 0.46264367816091956 1.0769230769230769 0.46120689655172414 1.0692307692307692 0.46120689655172414
0 0.375 0.13505747126436782 0.375 0.13649425287356323 0.38653846153846155 0.13649425287356323 0.38653846153846155 0.13505747126436782 0.375 0.13505747126436782
0 0.41346153846153844 0.0 0.41346153846153844 0.0014367816091954023 0.4346153846153846 0.0014367816091954023 0.4346153846153846 0.0 0.41346153846153844 0.0
0 0.36153846153846153 0.3175287356321839 0.36153846153846153 0.31896551724137934 0.36730769230769234 0.31896551724137934 0.36730769230769234 0.3175287356321839 0.36153846153846153 0.3175287356321839
0 0.9442307692307692 0.07902298850574713 0.9442307692307692 0.08045977011494253 0.9653846153846154 0.08045977011494253 0.9653846153846154 0.07902298850574713 0.9442307692307692 0.07902298850574713
0 0.04807692307692308 0.06321839080459771 0.04807692307692308 0.06465517241379311 0.06538461538461539 0.06465517241379311 0.06538461538461539 0.06321839080459771 0.04807692307692308 0.06321839080459771
0 0.6442307692307693 0.3793103448275862 0.6442307692307693 0.3807471264367816 0.6461538461538462 0.3807471264367816 0.6461538461538462 0.3793103448275862 0.6442307692307693 0.3793103448275862
0 0.5038461538461538 0.15804597701149425 0.5038461538461538 0.15948275862068967 0.5211538461538462 0.15948275862068967 0.5211538461538462 0.15804597701149425 0.5038461538461538 0.15804597701149425
0 1.146153846153846 0.39798850574712646 1.146153846153846 0.3994252873563218 1.1538461538461537 0.3994252873563218 1.1538461538461537 0.39798850574712646 1.146153846153846 0.39798850574712646
0 0.4096153846153846 0.5459770114942529 0.4096153846153846 0.5474137931034483 0.4153846153846154 0.5474137931034483 0.4153846153846154 0.5459770114942529 0.4096153846153846 0.5459770114942529
0 0.9711538461538461 0.6479885057471264 0.9711538461538461 0.6494252873563219 0.9769230769230769 0.6494252873563219 0.9769230769230769 0.6479885057471264 0.9711538461538461 0.6479885057471264
0 0.7326923076923076 0.06896551724137931 0.7326923076923076 0.07040229885057471 0.7384615384615385 0.07040229885057471 0.7384615384615385 0.06896551724137931 0.7326923076923076 0.06896551724137931
0 1.0173076923076922 0.5158045977011494 1.0173076923076922 0.5172413793103449 1.0346153846153847 0.5172413793103449 1.0346153846153847 0.5158045977011494 1.0173076923076922 0.5158045977011494
0 0.8538461538461538 0.7442528735632183 0.8538461538461538 0.7456896551724138 0.8692307692307693 0.7456896551724138 0.8692307692307693 0.7442528735632183 0.8538461538461538 0.7442528735632183
0 0.7461538461538462 0.04885057471264368 0.7461538461538462 0.05028735632183908 0.7480769230769231 0.05028735632183908 0.7480769230769231 0.04885057471264368 0.7461538461538462 0.04885057471264368
0 0.17692307692307693 0.21120689655172414 0.17692307692307693 0.21264367816091953 0.2 0.21264367816091953 0.2 0.21120689655172414 0.17692307692307693 0.21120689655172414
0 0.19230769230769232 0.1824712643678161 0.19230769230769232 0.1839080459770115 0.21346153846153845 0.1839080459770115 0.21346153846153845 0.1824712643678161 0.19230769230769232 0.1824712643678161
0 1.251923076923077 0.3735632183908046 1.251923076923077 0.375 1.2653846153846153 0.375 1.2653846153846153 0.3735632183908046 1.251923076923077 0.3735632183908046
0 0.8788461538461538 0.21695402298850575 0.8788461538461538 0.21839080459770116 0.8903846153846153 0.21839080459770116 0.8903846153846153 0.21695402298850575 0.8788461538461538 0.21695402298850575
0 0.046153846153846156 0.6408045977011494 0.046153846153846156 0.6422413793103449 0.04807692307692308 0.6422413793103449 0.04807692307692308 0.6408045977011494 0.046153846153846156 0.6408045977011494
0 1.0076923076923077 0.5229885057471264 1.0076923076923077 0.5244252873563219 1.0173076923076922 0.5244252873563219 1.0173076923076922 0.5229885057471264 1.0076923076923077 0.5229885057471264
0 0.07692307692307693 0.24856321839080459 0.07692307692307693 0.25 0.09615384615384616 0.25 0.09615384615384616 0.24856321839080459 0.07692307692307693 0.24856321839080459
0 0.6076923076923076 0.5890804597701149 0.6076923076923076 0.5905172413793104 0.625 0.5905172413793104 0.625 0.5890804597701149 0.6076923076923076 0.5890804597701149
0 0.32884615384615384 0.3793103448275862 0.32884615384615384 0.3807471264367816 0.3326923076923077 0.3807471264367816 0.3326923076923077 0.3793103448275862 0.32884615384615384 0.3793103448275862
0 0.6807692307692308 0.22988505747126436 0.6807692307692308 0.23132183908045978 0.6846153846153846 0.23132183908045978 0.6846153846153846 0.22988505747126436 0.6807692307692308 0.22988505747126436
0 0.16538461538461538 0.5258620689655172 0.16538461538461538 0.5272988505747126 0.18076923076923077 0.5272988505747126 0.18076923076923077 0.5258620689655172 0.16538461538461538 0.5258620689655172
0 0.11346153846153846 0.5632183908045977 0.11346153846153846 0.5646551724137931 0.12307692307692308 0.5646551724137931 0.12307692307692308 0.5632183908045977 0.11346153846153846 0.5632183908045977
0 0.4634615384615385 0.21264367816091953 0.4634615384615385 0.21408045977011494 0.4673076923076923 0.21408045977011494 0.4673076923076923 0.21264367816091953 0.4634615384615385 0.21264367816091953
0 0.08076923076923077 0.028735632183908046 0.08076923076923077 0.03017241379310345 0.10192307692307692 0.03017241379310345 0.10192307692307692 0.028735632183908046 0.08076923076923077 0.028735632183908046
0 0.37115384615384617 0.3922413793103448 0.37115384615384617 0.3936781609195402 0.3730769230769231 0.3936781609195402 0.3730769230769231 0.3922413793103448 0.37115384615384617 0.3922413793103448
0 1.251923076923077 0.2600574712643678 1.251923076923077 0.2614942528735632 1.2615384615384615 0.2614942528735632 1.2615384615384615 0.2600574712643678 1.251923076923077 0.2600574712643678
0 0.9096153846153846 0.492816091954023 0.9096153846153846 0.4942528735632184 0.9173076923076923 0.4942528735632184 0.9173076923076923 0.492816091954023 0.9096153846153846 0.492816091954023
0 0.26153846153846155 0.09339080459770115 0.26153846153846155 0.09482758620689655 0.2865384615384615 0.09482758620689655 0.2865384615384615 0.09339080459770115 0.26153846153846155 0.09339080459770115
0 1.2038461538461538 0.7212643678160919 1.2038461538461538 0.7227011494252874 1.2173076923076922 0.7227011494252874 1.2173076923076922 0.7212643678160919 1.2038461538461538 0.7212643678160919
0 1.175 0.2442528735632184 1.175 0.24568965517241378 1.1846153846153846 0.24568965517241378 1.1846153846153846 0.2442528735632184 1.175 0.2442528735632184
0 0.3057692307692308 0.3103448275862069 0.3057692307692308 0.3117816091954023 0.3173076923076923 0.3117816091954023 0.3173076923076923 0.3103448275862069 0.3057692307692308 0.3103448275862069
0 1.001923076923077 0.3635057471264368 1.001923076923077 0.3649425287356322 1.0038461538461538 0.3649425287356322 1.0038461538461538 0.3635057471264368 1.001923076923077 0.3635057471264368
0 1.103846153846154 0.47701149425287354 1.103846153846154 0.47844827586206895 1.1173076923076923 0.47844827586206895 1.1173076923076923 0.47701149425287354 1.103846153846154 0.47701149425287354
0 0.3019230769230769 0.34051724137931033 0.3019230769230769 0.34195402298850575 0.3057692307692308 0.34195402298850575 0.3057692307692308 0.34051724137931033 0.3019230769230769 0.34051724137931033
0 0.6038461538461538 0.6206896551724138 0.6038461538461538 0.6221264367816092 0.6230769230769231 0.6221264367816092 0.6230769230769231 0.6206896551724138 0.6038461538461538 0.6206896551724138
0 0.9115384615384615 0.0 0.9115384615384615 0.0014367816091954023 0.9596153846153846 0.0014367816091954023 0.9596153846153846 0.0 0.9115384615384615 0.0
0 0.775 0.16810344827586207 0.775 0.16954022988505746 0.7923076923076923 0.16954022988505746 0.7923076923076923 0.16810344827586207 0.775 0.16810344827586207
0 1.2596153846153846 0.5862068965517241 1.2596153846153846 0.5876436781609196 1.2692307692307692 0.5876436781609196 1.2692307692307692 0.5862068965517241 1.2596153846153846 0.5862068965517241
0 0.4596153846153846 0.27586206896551724 0.4596153846153846 0.27729885057471265 0.47884615384615387 0.27729885057471265 0.47884615384615387 0.27586206896551724 0.4596153846153846 0.27586206896551724
0 1.1557692307692307 0.2413793103448276 1.1557692307692307 0.24281609195402298 1.1711538461538462 0.24281609195402298 1.1711538461538462 0.2413793103448276 1.1557692307692307 0.2413793103448276
0 0.45384615384615384 0.05459770114942529 0.45384615384615384 0.05603448275862069 0.46153846153846156 0.05603448275862069 0.46153846153846156 0.05459770114942529 0.45384615384615384 0.05459770114942529
0 0.9807692307692307 0.6135057471264368 0.9807692307692307 0.6149425287356322 0.9846153846153847 0.6149425287356322 0.9846153846153847 0.6135057471264368 0.9807692307692307 0.6135057471264368
0 0.47307692307692306 0.11781609195402298 0.47307692307692306 0.11925287356321838 0.47692307692307695 0.11925287356321838 0.47692307692307695 0.11781609195402298 0.47307692307692306 0.11781609195402298
0 1.226923076923077 0.6795977011494253 1.226923076923077 0.6810344827586207 1.2423076923076923 0.6810344827586207 1.2423076923076923 0.6795977011494253 1.226923076923077 0.6795977011494253
0 0.38269230769230766 0.03735632183908046 0.38269230769230766 0.03879310344827586 0.39615384615384613 0.03879310344827586 0.39615384615384613 0.03735632183908046 0.38269230769230766 0.03735632183908046
0 0.6307692307692307 0.3620689655172414 0.6307692307692307 0.3635057471264368 0.6480769230769231 0.3635057471264368 0.6480769230769231 0.3620689655172414 0.6307692307692307 0.3620689655172414
0 0.475 0.14942528735632185 0.475 0.15086206896551724 0.49615384615384617 0.15086206896551724 0.49615384615384617 0.14942528735632185 0.475 0.14942528735632185
0 0.7038461538461539 0.0 0.7038461538461539 0.0014367816091954023 0.7173076923076923 0.0014367816091954023 0.7173076923076923 0.0 0.7038461538461539 0.0
0 0.007692307692307693 0.1752873563218391 0.007692307692307693 0.17672413793103448 0.03461538461538462 0.17672413793103448 0.03461538461538462 0.1752873563218391 0.007692307692307693 0.1752873563218391
0 0.5769230769230769 0.11637931034482758 0.5769230769230769 0.11781609195402298 0.5846153846153846 0.11781609195402298 0.5846153846153846 0.11637931034482758 0.5769230769230769 0.11637931034482758
0 0.8038461538461539 0.1867816091954023 0.8038461538461539 0.1882183908045977 0.8134615384615385 0.1882183908045977 0.8134615384615385 0.1867816091954023 0.8038461538461539 0.1867816091954023
0 0.9903846153846154 0.017241379310344827 0.9903846153846154 0.01867816091954023 0.9923076923076923 0.01867816091954023 0.9923076923076923 0.017241379310344827 0.9903846153846154 0.017241379310344827
0 1.3173076923076923 0.04454022988505747 1.3173076923076923 0.04597701149425287 1.3346153846153845 0.04597701149425287 1.3346153846153845 0.04454022988505747 1.3173076923076923 0.04454022988505747
0 0.9730769230769231 0.4396551724137931 0.9730769230769231 0.4410919540229885 0.9942307692307693 0.4410919540229885 0.9942307692307693 0.4396551724137931 0.9730769230769231 0.4396551724137931
0 0.27884615384615385 0.47701149425287354 0.27884615384615385 0.47844827586206895 0.3019230769230769 0.47844827586206895 0.3019230769230769 0.47701149425287354 0.27884615384615385 0.47701149425287354
0 1.0038461538461538 0.10201149425287356 1.0038461538461538 0.10344827586206896 1.0134615384615384 0.10344827586206896 1.0134615384615384 0.10201149425287356 1.0038461538461538 0.10201149425287356
0 0.29423076923076924 0.15229885057471265 0.29423076923076924 0.15373563218390804 0.29615384615384616 0.15373563218390804 0.29615384615384616 0.15229885057471265 0.29423076923076924 0.15229885057471265
0 0.06538461538461539 0.4410919540229885 0.06538461538461539 0.4425287356321839 0.075 0.4425287356321839 0.075 0.4410919540229885 0.06538461538461539 0.4410919540229885
0 0.8326923076923077 0.6882183908045977 0.8326923076923077 0.6896551724137931 0.8442307692307692 0.6896551724137931 0.8442307692307692 0.6882183908045977 0.8326923076923077 0.6882183908045977
0 1.2365384615384616 0.3635057471264368 1.2365384615384616 0.3649425287356322 1.2423076923076923 0.3649425287356322 1.2423076923076923 0.3635057471264368 1.2365384615384616 0.3635057471264368
0 0.16923076923076924 0.617816091954023 0.16923076923076924 0.6192528735632183 0.18076923076923077 0.6192528735632183 0.18076923076923077 0.617816091954023 0.16923076923076924 0.617816091954023
0 0.5653846153846154 0.17385057471264367 0.5653846153846154 0.1752873563218391 0.5788461538461539 0.1752873563218391 0.5788461538461539 0.17385057471264367 0.5653846153846154 0.17385057471264367
0 0.6826923076923077 0.09770114942528736 0.6826923076923077 0.09913793103448276 0.6865384615384615 0.09913793103448276 0.6865384615384615 0.09770114942528736 0.6826923076923077 0.09770114942528736
0 0.36346153846153845 0.3074712643678161 0.36346153846153845 0.3089080459770115 0.38846153846153847 0.3089080459770115 0.38846153846153847 0.3074712643678161 0.36346153846153845 0.3074712643678161
0 1.3096153846153846 0.5905172413793104 1.3096153846153846 0.5919540229885057 1.3192307692307692 0.5919540229885057 1.3192307692307692 0.5905172413793104 1.3096153846153846 0.5905172413793104
0 0.3 0.21551724137931033 0.3 0.21695402298850575 0.3076923076923077 0.21695402298850575 0.3076923076923077 0.21551724137931033 0.3 0.21551724137931033
0 0.09807692307692308 0.3390804597701149 0.09807692307692308 0.34051724137931033 0.10384615384615385 0.34051724137931033 0.10384615384615385 0.3390804597701149 0.09807692307692308 0.3390804597701149
0 1.2423076923076923 0.06321839080459771 1.2423076923076923 0.06465517241379311 1.25 0.06465517241379311 1.25 0.06321839080459771 1.2423076923076923 0.06321839080459771
0 1.198076923076923 0.4367816091954023 1.198076923076923 0.4382183908045977 1.2076923076923076 0.4382183908045977 1.2076923076923076 0.4367816091954023 1.198076923076923 0.4367816091954023
0 0.08076923076923077 0.3620689655172414 0.08076923076923077 0.3635057471264368 0.09038461538461538 0.3635057471264368 0.09038461538461538 0.3620689655172414 0.08076923076923077 0.3620689655172414
0 0.7192307692307692 0.31896551724137934 0.7192307692307692 0.3204022988505747 0.7211538461538461 0.3204022988505747 0.7211538461538461 0.31896551724137934 0.7192307692307692 0.31896551724137934
0 0.22884615384615384 0.34913793103448276 0.22884615384615384 0.3505747126436782 0.2403846153846154 0.3505747126436782 0.2403846153846154 0.34913793103448276 0.22884615384615384 0.34913793103448276
0 0.5576923076923077 0.5862068965517241 0.5576923076923077 0.5876436781609196 0.5673076923076923 0.5876436781609196 0.5673076923076923 0.5862068965517241 0.5576923076923077 0.5862068965517241
0 1.2326923076923078 0.5272988505747126 1.2326923076923078 0.5287356321839081 1.2423076923076923 0.5287356321839081 1.2423076923076923 0.5272988505747126 1.2326923076923078 0.5272988505747126
0 0.22115384615384615 0.23275862068965517 0.22115384615384615 0.23419540229885058 0.225 0.23419540229885058 0.225 0.23275862068965517 0.22115384615384615 0.23275862068965517
0 1.228846153846154 0.035919540229885055 1.228846153846154 0.03735632183908046 1.2403846153846154 0.03735632183908046 1.2403846153846154 0.035919540229885055 1.228846153846154 0.035919540229885055
0 0.051923076923076926 0.5818965517241379 0.051923076923076926 0.5833333333333334 0.06153846153846154 0.5833333333333334 0.06153846153846154 0.5818965517241379 0.051923076923076926 0.5818965517241379
0 1.1538461538461537 0.30028735632183906 1.1538461538461537 0.3017241379310345 1.1634615384615385 0.3017241379310345 1.1634615384615385 0.30028735632183906 1.1538461538461537 0.30028735632183906
0 0.48653846153846153 0.5876436781609196 0.48653846153846153 0.5890804597701149 0.49423076923076925 0.5890804597701149 0.49423076923076925 0.5876436781609196 0.48653846153846153 0.5876436781609196
0 0.23461538461538461 0.04454022988505747 0.23461538461538461 0.04597701149425287 0.23846153846153847 0.04597701149425287 0.23846153846153847 0.04454022988505747 0.23461538461538461 0.04454022988505747
0 1.2942307692307693 0.47988505747126436 1.2942307692307693 0.4813218390804598 1.3057692307692308 0.4813218390804598 1.3057692307692308 0.47988505747126436 1.2942307692307693 0.47988505747126436
0 1.1326923076923077 0.010057471264367816 1.1326923076923077 0.011494252873563218 1.1538461538461537 0.011494252873563218 1.1538461538461537 0.010057471264367816 1.1326923076923077 0.010057471264367816
0 1.1423076923076922 0.02586206896551724 1.1423076923076922 0.027298850574712645 1.1557692307692307 0.027298850574712645 1.1557692307692307 0.02586206896551724 1.1423076923076922 0.02586206896551724
0 1.1057692307692308 0.6853448275862069 1.1057692307692308 0.6867816091954023 1.1211538461538462 0.6867816091954023 1.1211538461538462 0.6853448275862069 1.1057692307692308 0.6853448275862069
0 0.35192307692307695 0.09051724137931035 0.35192307692307695 0.09195402298850575 0.36538461538461536 0.09195402298850575 0.36538461538461536 0.09051724137931035 0.35192307692307695 0.09051724137931035
0 0.4307692307692308 0.07471264367816093 0.4307692307692308 0.07614942528735633 0.4480769230769231 0.07614942528735633 0.4480769230769231 0.07471264367816093 0.4307692307692308 0.07471264367816093
0 0.0019230769230769232 0.27586206896551724 0.0019230769230769232 0.27729885057471265 0.011538461538461539 0.27729885057471265 0.011538461538461539 0.27586206896551724 0.0019230769230769232 0.27586206896551724
0 0.6173076923076923 0.21982758620689655 0.6173076923076923 0.22126436781609196 0.6307692307692307 0.22126436781609196 0.6307692307692307 0.21982758620689655 0.6173076923076923 0.21982758620689655
0 0.7173076923076923 0.5646551724137931 0.7173076923076923 0.5660919540229885 0.7288461538461538 0.5660919540229885 0.7288461538461538 0.5646551724137931 0.7173076923076923 0.5646551724137931
0 0.39807692307692305 0.3146551724137931 0.39807692307692305 0.3160919540229885 0.40192307692307694 0.3160919540229885 0.40192307692307694 0.3146551724137931 0.39807692307692305 0.3146551724137931
0 1.0692307692307692 0.7097701149425287 1.0692307692307692 0.7112068965517241 1.073076923076923 0.7112068965517241 1.073076923076923 0.7097701149425287 1.0692307692307692 0.7097701149425287
0 0.95 0.4324712643678161 0.95 0.4339080459770115 0.9634615384615385 0.4339080459770115 0.9634615384615385 0.4324712643678161 0.95 0.4324712643678161
0 1.3153846153846154 0.01293103448275862 1.3153846153846154 0.014367816091954023 1.323076923076923 0.014367816091954023 1.323076923076923 0.01293103448275862 1.3153846153846154 0.01293103448275862
0 0.2653846153846154 0.01293103448275862 0.2653846153846154 0.014367816091954023 0.275 0.014367816091954023 0.275 0.01293103448275862 0.2653846153846154 0.01293103448275862
0 1.051923076923077 0.6594827586206896 1.051923076923077 0.6609195402298851 1.0769230769230769 0.6609195402298851 1.0769230769230769 0.6594827586206896 1.051923076923077 0.6594827586206896
0 1.001923076923077 0.3735632183908046 1.001923076923077 0.375 1.0192307692307692 0.375 1.0192307692307692 0.3735632183908046 1.001923076923077 0.3735632183908046
0 0.13076923076923078 0.035919540229885055 0.13076923076923078 0.03735632183908046 0.1326923076923077 0.03735632183908046 0.1326923076923077 0.035919540229885055 0.13076923076923078 0.035919540229885055
0 0.07307692307692308 0.07614942528735633 0.07307692307692308 0.07758620689655173 0.08269230769230769 0.07758620689655173 0.08269230769230769 0.07614942528735633 0.07307692307692308 0.07614942528735633
0 1.2403846153846154 0.7313218390804598 1.2403846153846154 0.7327586206896551 1.251923076923077 0.7327586206896551 1.251923076923077 0.7313218390804598 1.2403846153846154 0.7313218390804598
0 1.1730769230769231 0.6752873563218391 1.1730769230769231 0.6767241379310345 1.1942307692307692 0.6767241379310345 1.1942307692307692 0.6752873563218391 1.1730769230769231 0.6752873563218391
0 0.1423076923076923 0.5387931034482759 0.1423076923076923 0.5402298850574713 0.14807692307692308 0.5402298850574713 0.14807692307692308 0.5387931034482759 0.1423076923076923 0.5387931034482759
0 0.8692307692307693 0.10201149425287356 0.8692307692307693 0.10344827586206896 0.8923076923076924 0.10344827586206896 0.8923076923076924 0.10201149425287356 0.8692307692307693 0.10201149425287356
0 1.2 0.6896551724137931 1.2 0.6910919540229885 1.2115384615384615 0.6910919540229885 1.2115384615384615 0.6896551724137931 1.2 0.6896551724137931
0 0.28076923076923077 0.5488505747126436 0.28076923076923077 0.5502873563218391 0.29615384615384616 0.5502873563218391 0.29615384615384616 0.5488505747126436 0.28076923076923077 0.5488505747126436
0 0.15 0.3879310344827586 0.15 0.38936781609195403 0.1596153846153846 0.38936781609195403 0.1596153846153846 0.3879310344827586 0.15 0.3879310344827586
0 0.028846153846153848 0.0 0.028846153846153848 0.0014367816091954023 0.06346153846153846 0.0014367816091954023 0.06346153846153846 0.0 0.028846153846153848 0.0
0 0.05961538461538462 0.2557471264367816 0.05961538461538462 0.257183908045977 0.06538461538461539 0.257183908045977 0.06538461538461539 0.2557471264367816 0.05961538461538462 0.2557471264367816
0 0.5115384615384615 0.01293103448275862 0.5115384615384615 0.014367816091954023 0.5134615384615384 0.014367816091954023 0.5134615384615384 0.01293103448275862 0.5115384615384615 0.01293103448275862
0 0.3903846153846154 0.7025862068965517 0.3903846153846154 0.7040229885057471 0.4096153846153846 0.7040229885057471 0.4096153846153846 0.7025862068965517 0.3903846153846154 0.7025862068965517
0 1.101923076923077 0.603448275862069 1.101923076923077 0.6048850574712644 1.1173076923076923 0.6048850574712644 1.1173076923076923 0.603448275862069 1.101923076923077 0.603448275862069
0 0.9557692307692308 0.2614942528735632 0.9557692307692308 0.2629310344827586 0.9576923076923077 0.2629310344827586 0.9576923076923077 0.2614942528735632 0.9557692307692308 0.2614942528735632
0 1.1807692307692308 0.4425287356321839 1.1807692307692308 0.44396551724137934 1.1826923076923077 0.44396551724137934 1.1826923076923077 0.4425287356321839 1.1807692307692308 0.4425287356321839
0 0.009615384615384616 0.10344827586206896 0.009615384615384616 0.10488505747126436 0.011538461538461539 0.10488505747126436 0.011538461538461539 0.10344827586206896 0.009615384615384616 0.10344827586206896
0 0.975 0.4267241379310345 0.975 0.4281609195402299 0.9807692307692307 0.4281609195402299 0.9807692307692307 0.4267241379310345 0.975 0.4267241379310345
0 0.04038461538461539 0.49712643678160917 0.04038461538461539 0.4985632183908046 0.051923076923076926 0.4985632183908046 0.051923076923076926 0.49712643678160917 0.04038461538461539 0.49712643678160917