0 0.06153846153846154 0.6982758620689655 0.06153846153846154 0.6997126436781609 0.07115384615384615 0.6997126436781609 0.07115384615384615 0.6982758620689655 0.06153846153846154 0.6982758620689655
0 0.9326923076923077 0.39655172413793105 0.9326923076923077 0.39798850574712646 0.9596153846153846 0.39798850574712646 0.9596153846153846 0.39655172413793105 0.9326923076923077 0.39655172413793105
0 1.25 0.34770114942528735 1.25 0.34913793103448276 1.273076923076923 0.34913793103448276 1.273076923076923 0.34770114942528735 1.25 0.34770114942528735
0 0.7019230769230769 0.41235632183908044 0.7019230769230769 0.41379310344827586 0.7076923076923077 0.41379310344827586 0.7076923076923077 0.41235632183908044 0.7019230769230769 0.41235632183908044
0 0.45384615384615384 0.11350574712643678 0.45384615384615384 0.11494252873563218 0.4634615384615385 0.11494252873563218 0.4634615384615385 0.11350574712643678 0.45384615384615384 0.11350574712643678
0 0.4480769230769231 0.45545977011494254 0.4480769230769231 0.45689655172413796 0.4634615384615385 0.45689655172413796 0.4634615384615385 0.45545977011494254 0.4480769230769231 0.45545977011494254
0 0.021153846153846155 0.4224137931034483 0.021153846153846155 0.4238505747126437 0.03076923076923077 0.4238505747126437 0.03076923076923077 0.4224137931034483 0.021153846153846155 0.4224137931034483
0 1.2076923076923076 0.6091954022988506 1.2076923076923076 0.610632183908046 1.2115384615384615 0.610632183908046 1.2115384615384615 0.6091954022988506 1.2076923076923076 0.6091954022988506
0 0.31346153846153846 0.1896551724137931 0.31346153846153846 0.1910919540229885 0.3230769230769231 0.1910919540229885 0.3230769230769231 0.1896551724137931 0.31346153846153846 0.1896551724137931
0 0.6519230769230769 0.5402298850574713 0.6519230769230769 0.5416666666666666 0.6692307692307692 0.5416666666666666 0.6692307692307692 0.5402298850574713 0.6519230769230769 0.5402298850574713
0 1.2923076923076924 0.6451149425287356 1.2923076923076924 0.646551724137931 1.3057692307692308 0.646551724137931 1.3057692307692308 0.6451149425287356 1.2923076923076924 0.6451149425287356
0 0.6192307692307693 0.34339080459770116 0.6192307692307693 0.3448275862068966 0.6269230769230769 0.3448275862068966 0.6269230769230769 0.34339080459770116 0.6192307692307693 0.34339080459770116
0 0.04038461538461539 0.0 0.04038461538461539 0.0014367816091954023 0.075 0.0014367816091954023 0.075 0.0 0.04038461538461539 0.0
0 0.7884615384615384 0.3922413793103448 0.7884615384615384 0.3936781609195402 0.8153846153846154 0.3936781609195402 0.8153846153846154 0.3922413793103448 0.7884615384615384 0.3922413793103448
0 0.8461538461538461 0.5100574712643678 0.8461538461538461 0.5114942528735632 0.8557692307692307 0.5114942528735632 0.8557692307692307 0.5100574712643678 0.8461538461538461 0.5100574712643678
0 0.2980769230769231 0.3764367816091954 0.2980769230769231 0.37787356321839083 0.3057692307692308 0.37787356321839083 0.3057692307692308 0.3764367816091954 0.2980769230769231 0.3764367816091954
0 1.101923076923077 0.6882183908045977 1.101923076923077 0.6896551724137931 1.1076923076923078 0.6896551724137931 1.1076923076923078 0.6882183908045977 1.101923076923077 0.6882183908045977
0 0.8192307692307692 0.2600574712643678 0.8192307692307692 0.2614942528735632 0.8346153846153846 0.2614942528735632 0.8346153846153846 0.2600574712643678 0.8192307692307692 0.2600574712643678
0 0.45384615384615384 0.46264367816091956 0.45384615384615384 0.4640804597701149 0.46153846153846156 0.4640804597701149 0.46153846153846156 0.46264367816091956 0.45384615384615384 0.46264367816091956
0 0.2846153846153846 0.4885057471264368 0.2846153846153846 0.4899425287356322 0.2980769230769231 0.4899425287356322 0.2980769230769231 0.4885057471264368 0.2846153846153846 0.4885057471264368
0 0.5346153846153846 0.2801724137931034 0.5346153846153846 0.28160919540229884 0.5403846153846154 0.28160919540229884 0.5403846153846154 0.2801724137931034 0.5346153846153846 0.2801724137931034
0 0.5384615384615384 0.5172413793103449 0.5384615384615384 0.5186781609195402 0.5442307692307692 0.5186781609195402 0.5442307692307692 0.5172413793103449 0.5384615384615384 0.5172413793103449
0 0.5711538461538461 0.07040229885057471 0.5711538461538461 0.07183908045977011 0.5826923076923077 0.07183908045977011 0.5826923076923077 0.07040229885057471 0.5711538461538461 0.07040229885057471
0 0.9403846153846154 0.01293103448275862 0.9403846153846154 0.014367816091954023 0.9538461538461539 0.014367816091954023 0.9538461538461539 0.01293103448275862 0.9403846153846154 0.01293103448275862
0 0.7634615384615384 0.5086206896551724 0.7634615384615384 0.5100574712643678 0.7711538461538462 0.5100574712643678 0.7711538461538462 0.5086206896551724 0.7634615384615384 0.5086206896551724
0 0.3942307692307692 0.17959770114942528 0.3942307692307692 0.1810344827586207 0.4153846153846154 0.1810344827586207 0.4153846153846154 0.17959770114942528 0.3942307692307692 0.17959770114942528
0 0.15384615384615385 0.610632183908046 0.15384615384615385 0.6120689655172413 0.16153846153846155 0.6120689655172413 0.16153846153846155 0.610632183908046 0.15384615384615385 0.610632183908046
0 0.4596153846153846 0.5977011494252874 0.4596153846153846 0.5991379310344828 0.4673076923076923 0.5991379310344828 0.4673076923076923 0.5977011494252874 0.4596153846153846 0.5977011494252874
0 1.0269230769230768 0.5531609195402298 1.0269230769230768 0.5545977011494253 1.0365384615384616 0.5545977011494253 1.0365384615384616 0.5531609195402298 1.0269230769230768 0.5531609195402298
0 0.823076923076923 0.5660919540229885 0.823076923076923 0.5675287356321839 0.8365384615384616 0.5675287356321839 0.8365384615384616 0.5660919540229885 0.823076923076923 0.5660919540229885
0 0.5807692307692308 0.28735632183908044 0.5807692307692308 0.28879310344827586 0.5961538461538461 0.28879310344827586 0.5961538461538461 0.28735632183908044 0.5807692307692308 0.28735632183908044
0 0.18076923076923077 0.14798850574712644 0.18076923076923077 0.14942528735632185 0.19038461538461537 0.14942528735632185 0.19038461538461537 0.14798850574712644 0.18076923076923077 0.14798850574712644
0 0.9038461538461539 0.5201149425287356 0.9038461538461539 0.521551724137931 0.9134615384615384 0.521551724137931 0.9134615384615384 0.5201149425287356 0.9038461538461539 0.5201149425287356
0 0.2653846153846154 0.25862068965517243 0.2653846153846154 0.2600574712643678 0.27692307692307694 0.2600574712643678 0.27692307692307694 0.25862068965517243 0.2653846153846154 0.25862068965517243
0 0.9211538461538461 0.10057471264367816 0.9211538461538461 0.10201149425287356 0.9230769230769231 0.10201149425287356 0.9230769230769231 0.10057471264367816 0.9211538461538461 0.10057471264367816
0 0.6692307692307692 0.5991379310344828 0.6692307692307692 0.6005747126436781 0.6788461538461539 0.6005747126436781 0.6788461538461539 0.5991379310344828 0.6692307692307692 0.5991379310344828
0 0.05576923076923077 0.48419540229885055 0.05576923076923077 0.48563218390804597 0.06923076923076923 0.48563218390804597 0.06923076923076923 0.48419540229885055 0.05576923076923077 0.48419540229885055
0 1.1730769230769231 0.48563218390804597 1.1730769230769231 0.4870689655172414 1.1865384615384615 0.4870689655172414 1.1865384615384615 0.48563218390804597 1.1730769230769231 0.48563218390804597
0 1.0903846153846153 0.09195402298850575 1.0903846153846153 0.09339080459770115 1.1076923076923078 0.09339080459770115 1.1076923076923078 0.09195402298850575 1.0903846153846153 0.09195402298850575
0 0.0057692307692307696 0.7169540229885057 0.0057692307692307696 0.7183908045977011 0.025 0.7183908045977011 0.025 0.7169540229885057 0.0057692307692307696 0.7169540229885057
0 1.1903846153846154 0.6408045977011494 1.1903846153846154 0.6422413793103449 1.1942307692307692 0.6422413793103449 1.1942307692307692 0.6408045977011494 1.1903846153846154 0.6408045977011494
0 0.5653846153846154 0.4942528735632184 0.5653846153846154 0.4956896551724138 0.5692307692307692 0.4956896551724138 0.5692307692307692 0.4942528735632184 0.5653846153846154 0.4942528735632184
0 0.39807692307692305 0.3117816091954023 0.39807692307692305 0.3132183908045977 0.4076923076923077 0.3132183908045977 0.4076923076923077 0.3117816091954023 0.39807692307692305 0.3117816091954023
0 1.2230769230769232 0.46695402298850575 1.2230769230769232 0.46839080459770116 1.2461538461538462 0.46839080459770116 1.2461538461538462 0.46695402298850575 1.2230769230769232 0.46695402298850575
0 0.0057692307692307696 0.1968390804597701 0.0057692307692307696 0.19827586206896552 0.015384615384615385 0.19827586206896552 0.015384615384615385 0.1968390804597701 0.0057692307692307696 0.1968390804597701
0 0.6153846153846154 0.3922413793103448 0.6153846153846154 0.3936781609195402 0.6230769230769231 0.3936781609195402 0.6230769230769231 0.3922413793103448 0.6153846153846154 0.3922413793103448
0 0.24807692307692308 0.4109195402298851 0.24807692307692308 0.41235632183908044 0.25 0.41235632183908044 0.25 0.4109195402298851 0.24807692307692308 0.4109195402298851
0 0.3596153846153846 0.3793103448275862 0.3596153846153846 0.3807471264367816 0.375 0.3807471264367816 0.375 0.3793103448275862 0.3596153846153846 0.3793103448275862
0 1.2923076923076924 0.3563218390804598 1.2923076923076924 0.3577586206896552 1.2961538461538462 0.3577586206896552 1.2961538461538462 0.3563218390804598 1.2923076923076924 0.3563218390804598
0 0.27884615384615385 0.4755747126436782 0.27884615384615385 0.47701149425287354 0.2903846153846154 0.47701149425287354 0.2903846153846154 0.4755747126436782 0.27884615384615385 0.4755747126436782
0 0.7211538461538461 0.6149425287356322 0.7211538461538461 0.6163793103448276 0.7480769230769231 0.6163793103448276 0.7480769230769231 0.6149425287356322 0.7211538461538461 0.6149425287356322
0 0.7538461538461538 0.23132183908045978 0.7538461538461538 0.23275862068965517 0.7615384615384615 0.23275862068965517 0.7615384615384615 0.23132183908045978 0.7538461538461538 0.23132183908045978
0 0.0 0.0 0.0 0.0014367816091954023 0.013461538461538462 0.0014367816091954023 0.013461538461538462 0.0 0.0 0.0
0 0.1 0.3850574712643678 0.1 0.3864942528735632 0.11153846153846154 0.3864942528735632 0.11153846153846154 0.3850574712643678 0.1 0.3850574712643678
0 1.0980769230769232 0.5560344827586207 1.0980769230769232 0.5574712643678161 1.1057692307692308 0.5574712643678161 1.1057692307692308 0.5560344827586207 1.0980769230769232 0.5560344827586207
0 0.6288461538461538 0.6853448275862069 0.6288461538461538 0.6867816091954023 0.6346153846153846 0.6867816091954023 0.6346153846153846 0.6853448275862069 0.6288461538461538 0.6853448275862069
0 0.08846153846153847 0.4267241379310345 0.08846153846153847 0.4281609195402299 0.09807692307692308 0.4281609195402299 0.09807692307692308 0.4267241379310345 0.08846153846153847 0.4267241379310345
0 0.25 0.6278735632183908 0.25 0.6293103448275862 0.25576923076923075 0.6293103448275862 0.25576923076923075 0.6278735632183908 0.25 0.6278735632183908
0 1.0826923076923076 0.04597701149425287 1.0826923076923076 0.04741379310344827 1.1076923076923078 0.04741379310344827 1.1076923076923078 0.04597701149425287 1.0826923076923076 0.04597701149425287
0 0.6596153846153846 0.27586206896551724 0.6596153846153846 0.27729885057471265 0.6807692307692308 0.27729885057471265 0.6807692307692308 0.27586206896551724 0.6596153846153846 0.27586206896551724
0 0.2519230769230769 0.35488505747126436 0.2519230769230769 0.3563218390804598 0.26346153846153847 0.3563218390804598 0.26346153846153847 0.35488505747126436 0.2519230769230769 0.35488505747126436
0 0.6730769230769231 0.5890804597701149 0.6730769230769231 0.5905172413793104 0.675 0.5905172413793104 0.675 0.5890804597701149 0.6730769230769231 0.5890804597701149
0 0.11153846153846154 0.4109195402298851 0.11153846153846154 0.41235632183908044 0.11730769230769231 0.41235632183908044 0.11730769230769231 0.4109195402298851 0.11153846153846154 0.4109195402298851
0 0.725 0.0 0.725 0.0014367816091954023 0.7615384615384615 0.0014367816091954023 0.7615384615384615 0.0 0.725 0.0
0 0.023076923076923078 0.6537356321839081 0.023076923076923078 0.6551724137931034 0.04230769230769231 0.6551724137931034 0.04230769230769231 0.6537356321839081 0.023076923076923078 0.6537356321839081
0 0.0019230769230769232 0.40804597701149425 0.0019230769230769232 0.40948275862068967 0.015384615384615385 0.40948275862068967 0.015384615384615385 0.40804597701149425 0.0019230769230769232 0.40804597701149425
0 0.6538461538461539 0.47126436781609193 0.6538461538461539 0.47270114942528735 0.6653846153846154 0.47270114942528735 0.6653846153846154 0.47126436781609193 0.6538461538461539 0.47126436781609193
0 0.8365384615384616 0.28879310344827586 0.8365384615384616 0.29022988505747127 0.8692307692307693 0.29022988505747127 0.8692307692307693 0.28879310344827586 0.8365384615384616 0.28879310344827586
0 0.7538461538461538 0.7370689655172413 0.7538461538461538 0.7385057471264368 0.7769230769230769 0.7385057471264368 0.7769230769230769 0.7370689655172413 0.7538461538461538 0.7370689655172413
0 0.5961538461538461 0.0 0.5961538461538461 0.0014367816091954023 0.6403846153846153 0.0014367816091954023 0.6403846153846153 0.0 0.5961538461538461 0.0
0 0.1423076923076923 0.0 0.1423076923076923 0.0014367816091954023 0.18461538461538463 0.0014367816091954023 0.18461538461538463 0.0 0.1423076923076923 0.0
0 0.7115384615384616 0.6752873563218391 0.7115384615384616 0.6767241379310345 0.7192307692307692 0.6767241379310345 0.7192307692307692 0.6752873563218391 0.7115384615384616 0.6752873563218391
0 0.021153846153846155 0.34339080459770116 0.021153846153846155 0.3448275862068966 0.026923076923076925 0.3448275862068966 0.026923076923076925 0.34339080459770116 0.021153846153846155 0.34339080459770116
0 0.8192307692307692 0.40660919540229884 0.8192307692307692 0.40804597701149425 0.8346153846153846 0.40804597701149425 0.8346153846153846 0.40660919540229884 0.8192307692307692 0.40660919540229884
0 0.6461538461538462 0.742816091954023 0.6461538461538462 0.7442528735632183 0.65 0.7442528735632183 0.65 0.742816091954023 0.6461538461538462 0.742816091954023
0 0.2826923076923077 0.0 0.2826923076923077 0.0014367816091954023 0.31346153846153846 0.0014367816091954023 0.31346153846153846 0.0 0.2826923076923077 0.0
0 0.2 0.01293103448275862 0.2 0.014367816091954023 0.21346153846153845 0.014367816091954023 0.21346153846153845 0.01293103448275862 0.2 0.01293103448275862
0 0.07115384615384615 0.07327586206896551 0.07115384615384615 0.07471264367816093 0.09230769230769231 0.07471264367816093 0.09230769230769231 0.07327586206896551 0.07115384615384615 0.07327586206896551
0 0.3326923076923077 0.5660919540229885 0.3326923076923077 0.5675287356321839 0.35192307692307695 0.5675287356321839 0.35192307692307695 0.5660919540229885 0.3326923076923077 0.5660919540229885
0 1.103846153846154 0.011494252873563218 1.103846153846154 0.01293103448275862 1.1076923076923078 0.01293103448275862 1.1076923076923078 0.011494252873563218 1.103846153846154 0.011494252873563218
0 0.676923076923077 0.1810344827586207 0.676923076923077 0.1824712643678161 0.6923076923076923 0.1824712643678161 0.6923076923076923 0.1810344827586207 0.676923076923077 0.1810344827586207
0 0.39807692307692305 0.33045977011494254 0.39807692307692305 0.33189655172413796 0.40576923076923077 0.33189655172413796 0.40576923076923077 0.33045977011494254 0.39807692307692305 0.33045977011494254
0 0.17692307692307693 0.04454022988505747 0.17692307692307693 0.04597701149425287 0.19230769230769232 0.04597701149425287 0.19230769230769232 0.04454022988505747 0.17692307692307693 0.04454022988505747
0 0.1 0.26436781609195403 0.1 0.26580459770114945 0.11923076923076924 0.26580459770114945 0.11923076923076924 0.26436781609195403 0.1 0.26436781609195403
0 0.8865384615384615 0.17672413793103448 0.8865384615384615 0.1781609195402299 0.8961538461538462 0.1781609195402299 0.8961538461538462 0.17672413793103448 0.8865384615384615 0.17672413793103448
0 1.2192307692307693 0.6609195402298851 1.2192307692307693 0.6623563218390804 1.226923076923077 0.6623563218390804 1.226923076923077 0.6609195402298851 1.2192307692307693 0.6609195402298851
0 0.4 0.0 0.4 0.0014367816091954023 0.4442307692307692 0.0014367816091954023 0.4442307692307692 0.0 0.4 0.0
0 0.3403846153846154 0.6494252873563219 0.3403846153846154 0.6508620689655172 0.3557692307692308 0.6508620689655172 0.3557692307692308 0.6494252873563219 0.3403846153846154 0.6494252873563219
0 0.9076923076923077 0.5790229885057471 0.9076923076923077 0.5804597701149425 0.9153846153846154 0.5804597701149425 0.9153846153846154 0.5790229885057471 0.9076923076923077 0.5790229885057471
0 0.07307692307692308 0.1867816091954023 0.07307692307692308 0.1882183908045977 0.08269230769230769 0.1882183908045977 0.08269230769230769 0.1867816091954023 0.07307692307692308 0.1867816091954023
0 0.3557692307692308 0.05603448275862069 0.3557692307692308 0.05747126436781609 0.36538461538461536 0.05747126436781609 0.36538461538461536 0.05603448275862069 0.3557692307692308 0.05603448275862069
0 1.0115384615384615 0.11494252873563218 1.0115384615384615 0.11637931034482758 1.0365384615384616 0.11637931034482758 1.0365384615384616 0.11494252873563218 1.0115384615384615 0.11494252873563218
0 0.85 0.0 0.85 0.0014367816091954023 0.8846153846153846 0.0014367816091954023 0.8846153846153846 0.0 0.85 0.0
0 0.8884615384615384 0.6795977011494253 0.8884615384615384 0.6810344827586207 0.9057692307692308 0.6810344827586207 0.9057692307692308 0.6795977011494253 0.8884615384615384 0.6795977011494253
0 0.37115384615384617 0.6091954022988506 0.37115384615384617 0.610632183908046 0.3769230769230769 0.610632183908046 0.3769230769230769 0.6091954022988506 0.37115384615384617 0.6091954022988506
0 0.9653846153846154 0.6853448275862069 0.9653846153846154 0.6867816091954023 0.975 0.6867816091954023 0.975 0.6853448275862069 0.9653846153846154 0.6853448275862069
0 0.1596153846153846 0.1307471264367816 0.1596153846153846 0.13218390804597702 0.17884615384615385 0.13218390804597702 0.17884615384615385 0.1307471264367816 0.1596153846153846 0.1307471264367816
0 0.075 0.6781609195402298 0.075 0.6795977011494253 0.09230769230769231 0.6795977011494253 0.09230769230769231 0.6781609195402298 0.075 0.6781609195402298
0 1.2307692307692308 0.16522988505747127 1.2307692307692308 0.16666666666666666 1.2442307692307693 0.16666666666666666 1.2442307692307693 0.16522988505747127 1.2307692307692308 0.16522988505747127
0 0.14423076923076922 0.6436781609195402 0.14423076923076922 0.6451149425287356 0.16346153846153846 0.6451149425287356 0.16346153846153846 0.6436781609195402 0.14423076923076922 0.6436781609195402
0 0.8788461538461538 0.1724137931034483 0.8788461538461538 0.17385057471264367 0.8846153846153846 0.17385057471264367 0.8846153846153846 0.1724137931034483 0.8788461538461538 0.1724137931034483
0 0.75 0.007183908045977011 0.75 0.008620689655172414 0.7519230769230769 0.008620689655172414 0.7519230769230769 0.007183908045977011 0.75 0.007183908045977011
0 0.5307692307692308 0.7255747126436781 0.5307692307692308 0.7270114942528736 0.5384615384615384 0.7270114942528736 0.5384615384615384 0.7255747126436781 0.5307692307692308 0.7255747126436781
0 0.7346153846153847 0.6609195402298851 0.7346153846153847 0.6623563218390804 0.7480769230769231 0.6623563218390804 0.7480769230769231 0.6609195402298851 0.7346153846153847 0.6609195402298851
0 0.4423076923076923 0.20833333333333334 0.4423076923076923 0.20977011494252873 0.4519230769230769 0.20977011494252873 0.4519230769230769 0.20833333333333334 0.4423076923076923 0.20833333333333334
0 1.1923076923076923 0.07327586206896551 1.1923076923076923 0.07471264367816093 1.2038461538461538 0.07471264367816093 1.2038461538461538 0.07327586206896551 1.1923076923076923 0.07327586206896551
0 0.5615384615384615 0.6235632183908046 0.5615384615384615 0.625 0.5653846153846154 0.625 0.5653846153846154 0.6235632183908046 0.5615384615384615 0.6235632183908046
0 1.123076923076923 0.3390804597701149 1.123076923076923 0.34051724137931033 1.126923076923077 0.34051724137931033 1.126923076923077 0.3390804597701149 1.123076923076923 0.3390804597701149
0 1.273076923076923 0.08189655172413793 1.273076923076923 0.08333333333333333 1.2807692307692307 0.08333333333333333 1.2807692307692307 0.08189655172413793 1.273076923076923 0.08189655172413793
0 0.4346153846153846 0.13936781609195403 0.4346153846153846 0.14080459770114942 0.4519230769230769 0.14080459770114942 0.4519230769230769 0.13936781609195403 0.4346153846153846 0.13936781609195403
0 1.1596153846153847 0.4425287356321839 1.1596153846153847 0.44396551724137934 1.1692307692307693 0.44396551724137934 1.1692307692307693 0.4425287356321839 1.1596153846153847 0.4425287356321839
0 0.9461538461538461 0.6824712643678161 0.9461538461538461 0.6839080459770115 0.9730769230769231 0.6839080459770115 0.9730769230769231 0.6824712643678161 0.9461538461538461 0.6824712643678161
0 1.2884615384615385 0.6954022988505747 1.2884615384615385 0.6968390804597702 1.2980769230769231 0.6968390804597702 1.2980769230769231 0.6954022988505747 1.2884615384615385 0.6954022988505747
0 0.7865384615384615 0.5201149425287356 0.7865384615384615 0.521551724137931 0.8134615384615385 0.521551724137931 0.8134615384615385 0.5201149425287356 0.7865384615384615 0.5201149425287356
0 0.8942307692307693 0.5129310344827587 0.8942307692307693 0.514367816091954 0.9019230769230769 0.514367816091954 0.9019230769230769 0.5129310344827587 0.8942307692307693 0.5129310344827587
0 0.47884615384615387 0.4827586206896552 0.47884615384615387 0.48419540229885055 0.4826923076923077 0.48419540229885055 0.4826923076923077 0.4827586206896552 0.47884615384615387 0.4827586206896552
0 0.9442307692307692 0.5833333333333334 0.9442307692307692 0.5847701149425287 0.9519230769230769 0.5847701149425287 0.9519230769230769 0.5833333333333334 0.9442307692307692 0.5833333333333334
0 1.025 0.4985632183908046 1.025 0.5 1.0384615384615385 0.5 1.0384615384615385 0.4985632183908046 1.025 0.4985632183908046
0 0.8615384615384616 0.6264367816091954 0.8615384615384616 0.6278735632183908 0.8730769230769231 0.6278735632183908 0.8730769230769231 0.6264367816091954 0.8615384615384616 0.6264367816091954
0 0.45384615384615384 0.44396551724137934 0.45384615384615384 0.4454022988505747 0.4653846153846154 0.4454022988505747 0.4653846153846154 0.44396551724137934 0.45384615384615384 0.44396551724137934
0 0.7096153846153846 0.21408045977011494 0.7096153846153846 0.21551724137931033 0.7211538461538461 0.21551724137931033 0.7211538461538461 0.21408045977011494 0.7096153846153846 0.21408045977011494
0 0.2903846153846154 0.3089080459770115 0.2903846153846154 0.3103448275862069 0.3038461538461538 0.3103448275862069 0.3038461538461538 0.3089080459770115 0.2903846153846154 0.3089080459770115
0 0.8692307692307693 0.6939655172413793 0.8692307692307693 0.6954022988505747 0.8769230769230769 0.6954022988505747 0.8769230769230769 0.6939655172413793 0.8692307692307693 0.6939655172413793