0 0.4971153846153846 0.19164265129682997 0.4971153846153846 0.19236311239193082 0.5115384615384615 0.19236311239193082 0.5115384615384615 0.19164265129682997 0.4971153846153846 0.19164265129682997
0 0.6326923076923077 0.276657060518732 0.6326923076923077 0.27737752161383283 0.6423076923076924 0.27737752161383283 0.6423076923076924 0.276657060518732 0.6326923076923077 0.276657060518732
0 0.13076923076923078 0.0036023054755043226 0.13076923076923078 0.004322766570605188 0.1346153846153846 0.004322766570605188 0.1346153846153846 0.0036023054755043226 0.13076923076923078 0.0036023054755043226
0 0.45384615384615384 0.3242074927953891 0.45384615384615384 0.3249279538904899 0.4653846153846154 0.3249279538904899 0.4653846153846154 0.3242074927953891 0.45384615384615384 0.3242074927953891
0 0.2221153846153846 0.6981268011527377 0.2221153846153846 0.6988472622478387 0.23076923076923078 0.6988472622478387 0.23076923076923078 0.6981268011527377 0.2221153846153846 0.6981268011527377
0 0.9317307692307693 0.31195965417867433 0.9317307692307693 0.3126801152737752 0.9442307692307692 0.3126801152737752 0.9442307692307692 0.31195965417867433 0.9317307692307693 0.31195965417867433
0 0.6326923076923077 0.34870317002881845 0.6326923076923077 0.34942363112391933 0.6384615384615384 0.34942363112391933 0.6384615384615384 0.34870317002881845 0.6326923076923077 0.34870317002881845
0 0.28846153846153844 0.21253602305475505 0.28846153846153844 0.2132564841498559 0.30096153846153845 0.2132564841498559 0.30096153846153845 0.21253602305475505 0.28846153846153844 0.21253602305475505
0 0.5423076923076923 0.0 0.5423076923076923 0.0007204610951008645 0.5980769230769231 0.0007204610951008645 0.5980769230769231 0.0 0.5423076923076923 0.0
0 1.0480769230769231 0.5187319884726225 1.0480769230769231 0.5194524495677233 1.060576923076923 0.5194524495677233 1.060576923076923 0.5187319884726225 1.0480769230769231 0.5187319884726225
0 0.7634615384615384 0.590778097982709 0.7634615384615384 0.5914985590778098 0.7721153846153846 0.5914985590778098 0.7721153846153846 0.590778097982709 0.7634615384615384 0.590778097982709
0 0.6125 0.42867435158501443 0.6125 0.42939481268011526 0.6201923076923077 0.42939481268011526 0.6201923076923077 0.42867435158501443 0.6125 0.42867435158501443
0 0.4653846153846154 0.5295389048991355 0.4653846153846154 0.5302593659942363 0.47596153846153844 0.5302593659942363 0.47596153846153844 0.5295389048991355 0.4653846153846154 0.5295389048991355
0 1.1048076923076924 0.31484149855907784 1.1048076923076924 0.31556195965417866 1.1105769230769231 0.31556195965417866 1.1105769230769231 0.31484149855907784 1.1048076923076924 0.31484149855907784