0 0.33665008291873966 0.14386792452830188 0.33665008291873966 0.14465408805031446 0.3416252072968491 0.14465408805031446 0.3416252072968491 0.14386792452830188 0.33665008291873966 0.14386792452830188
0 1.4892205638474296 0.12185534591194969 1.4892205638474296 0.12264150943396226 1.5008291873963515 0.12264150943396226 1.5008291873963515 0.12185534591194969 1.4892205638474296 0.12185534591194969
0 1.9187396351575456 0.1470125786163522 1.9187396351575456 0.14779874213836477 1.9253731343283582 0.14779874213836477 1.9253731343283582 0.1470125786163522 1.9187396351575456 0.1470125786163522
0 0.28192371475953565 0.1470125786163522 0.28192371475953565 0.14779874213836477 0.29187396351575456 0.14779874213836477 0.29187396351575456 0.1470125786163522 0.28192371475953565 0.1470125786163522
0 2.014925373134328 0.23427672955974843 2.014925373134328 0.235062893081761 2.0248756218905473 0.235062893081761 2.0248756218905473 0.23427672955974843 2.014925373134328 0.23427672955974843
0 1.8109452736318408 0.19811320754716982 1.8109452736318408 0.1988993710691824 1.8308457711442787 0.1988993710691824 1.8308457711442787 0.19811320754716982 1.8109452736318408 0.19811320754716982
0 1.0713101160862355 0.08883647798742138 1.0713101160862355 0.08962264150943396 1.076285240464345 0.08962264150943396 1.076285240464345 0.08883647798742138 1.0713101160862355 0.08883647798742138
0 2.03150912106136 0.22641509433962265 2.03150912106136 0.22720125786163523 2.0381426202321724 0.22720125786163523 2.0381426202321724 0.22641509433962265 2.03150912106136 0.22641509433962265
0 2.013266998341625 0.16352201257861634 2.013266998341625 0.16430817610062892 2.0199004975124377 0.16430817610062892 2.0199004975124377 0.16352201257861634 2.013266998341625 0.16352201257861634
0 0.6600331674958541 0.2578616352201258 0.6600331674958541 0.2586477987421384 0.6666666666666666 0.2586477987421384 0.6666666666666666 0.2578616352201258 0.6600331674958541 0.2578616352201258
0 0.4461028192371476 0.07232704402515723 0.4461028192371476 0.07311320754716981 0.45107794361525705 0.07311320754716981 0.45107794361525705 0.07232704402515723 0.4461028192371476 0.07232704402515723
0 0.8043117744610282 0.10534591194968554 0.8043117744610282 0.10613207547169812 0.814262023217247 0.10613207547169812 0.814262023217247 0.10534591194968554 0.8043117744610282 0.10534591194968554
0 0.582089552238806 0.11635220125786164 0.582089552238806 0.11713836477987422 0.5887230514096186 0.11713836477987422 0.5887230514096186 0.11635220125786164 0.582089552238806 0.11635220125786164
0 1.5986733001658375 0.2507861635220126 1.5986733001658375 0.25157232704402516 1.6036484245439468 0.25157232704402516 1.6036484245439468 0.2507861635220126 1.5986733001658375 0.2507861635220126
0 1.5588723051409619 0.08569182389937106 1.5588723051409619 0.08647798742138364 1.560530679933665 0.08647798742138364 1.560530679933665 0.08569182389937106 1.5588723051409619 0.08569182389937106
0 0.12271973466003316 0.21776729559748428 0.12271973466003316 0.21855345911949686 0.12935323383084577 0.21855345911949686 0.12935323383084577 0.21776729559748428 0.12271973466003316 0.21776729559748428
0 2.0348258706467663 0.15330188679245282 2.0348258706467663 0.1540880503144654 2.046434494195688 0.1540880503144654 2.046434494195688 0.15330188679245282 2.0348258706467663 0.15330188679245282
0 0.087893864013267 0.19103773584905662 0.087893864013267 0.1918238993710692 0.0978441127694859 0.1918238993710692 0.0978441127694859 0.19103773584905662 0.087893864013267 0.19103773584905662
0 1.1276948590381426 0.18160377358490565 1.1276948590381426 0.18238993710691823 1.1343283582089552 0.18238993710691823 1.1343283582089552 0.18160377358490565 1.1276948590381426 0.18160377358490565
0 0.8076285240464345 0.0699685534591195 0.8076285240464345 0.07075471698113207 0.8159203980099502 0.07075471698113207 0.8159203980099502 0.0699685534591195 0.8076285240464345 0.0699685534591195
0 1.7810945273631842 0.2138364779874214 1.7810945273631842 0.21462264150943397 1.7877280265339968 0.21462264150943397 1.7877280265339968 0.2138364779874214 1.7810945273631842 0.2138364779874214
0 1.9320066334991708 0.06289308176100629 1.9320066334991708 0.06367924528301887 1.9369817578772803 0.06367924528301887 1.9369817578772803 0.06289308176100629 1.9320066334991708 0.06289308176100629
0 0.8059701492537313 0.19103773584905662 0.8059701492537313 0.1918238993710692 0.8126036484245439 0.1918238993710692 0.8126036484245439 0.19103773584905662 0.8059701492537313 0.19103773584905662
0 0.5207296849087893 0.22955974842767296 0.5207296849087893 0.23034591194968554 0.5323383084577115 0.23034591194968554 0.5323383084577115 0.22955974842767296 0.5207296849087893 0.22955974842767296
0 0.45107794361525705 0.09512578616352202 0.45107794361525705 0.0959119496855346 0.4593698175787728 0.0959119496855346 0.4593698175787728 0.09512578616352202 0.45107794361525705 0.09512578616352202
0 0.10613598673300166 0.054245283018867926 0.10613598673300166 0.055031446540880505 0.11442786069651742 0.055031446540880505 0.11442786069651742 0.054245283018867926 0.10613598673300166 0.054245283018867926
0 0.3482587064676617 0.13679245283018868 0.3482587064676617 0.13757861635220126 0.3598673300165838 0.13757861635220126 0.3598673300165838 0.13679245283018868 0.3482587064676617 0.13679245283018868
0 1.0796019900497513 0.16981132075471697 1.0796019900497513 0.17059748427672955 1.0912106135986732 0.17059748427672955 1.0912106135986732 0.16981132075471697 1.0796019900497513 0.16981132075471697
0 1.5439469320066335 0.17845911949685533 1.5439469320066335 0.1792452830188679 1.5522388059701493 0.1792452830188679 1.5522388059701493 0.17845911949685533 1.5439469320066335 0.17845911949685533
0 0.17081260364842454 0.24764150943396226 0.17081260364842454 0.24842767295597484 0.17744610281923714 0.24842767295597484 0.17744610281923714 0.24764150943396226 0.17081260364842454 0.24764150943396226
0 0.5041459369817579 0.08018867924528301 0.5041459369817579 0.0809748427672956 0.5140961857379768 0.0809748427672956 0.5140961857379768 0.08018867924528301 0.5041459369817579 0.08018867924528301
0 0.3283582089552239 0.1391509433962264 0.3283582089552239 0.139937106918239 0.33499170812603646 0.139937106918239 0.33499170812603646 0.1391509433962264 0.3283582089552239 0.1391509433962264
0 0.9867330016583747 0.26257861635220126 0.9867330016583747 0.26336477987421386 0.9917081260364843 0.26336477987421386 0.9917081260364843 0.26257861635220126 0.9867330016583747 0.26257861635220126
0 1.5091210613598673 0.1430817610062893 1.5091210613598673 0.14386792452830188 1.5190713101160862 0.14386792452830188 1.5190713101160862 0.1430817610062893 1.5091210613598673 0.1430817610062893
0 0.2023217247097844 0.1761006289308176 0.2023217247097844 0.17688679245283018 0.21227197346600332 0.17688679245283018 0.21227197346600332 0.1761006289308176 0.2023217247097844 0.1761006289308176
0 1.6467661691542288 0.16352201257861634 1.6467661691542288 0.16430817610062892 1.6567164179104477 0.16430817610062892 1.6567164179104477 0.16352201257861634 1.6467661691542288 0.16352201257861634
0 1.0729684908789385 0.16273584905660377 1.0729684908789385 0.16352201257861634 1.0796019900497513 0.16352201257861634 1.0796019900497513 0.16273584905660377 1.0729684908789385 0.16273584905660377
0 1.1674958540630183 0.11163522012578617 1.1674958540630183 0.11242138364779874 1.1724709784411278 0.11242138364779874 1.1724709784411278 0.11163522012578617 1.1674958540630183 0.11163522012578617
0 0.20563847429519072 0.08962264150943396 0.20563847429519072 0.09040880503144653 0.21393034825870647 0.09040880503144653 0.21393034825870647 0.08962264150943396 0.20563847429519072 0.08962264150943396
0 1.0514096185737978 0.2617924528301887 1.0514096185737978 0.26257861635220126 1.056384742951907 0.26257861635220126 1.056384742951907 0.2617924528301887 1.0514096185737978 0.2617924528301887
0 1.3797678275290215 0.0589622641509434 1.3797678275290215 0.059748427672955975 1.3897180762852404 0.059748427672955975 1.3897180762852404 0.0589622641509434 1.3797678275290215 0.0589622641509434
0 1.6533996683250414 0.2138364779874214 1.6533996683250414 0.21462264150943397 1.6633499170812605 0.21462264150943397 1.6633499170812605 0.2138364779874214 1.6533996683250414 0.2138364779874214
0 1.8208955223880596 0.15723270440251572 1.8208955223880596 0.1580188679245283 1.8258706467661692 0.1580188679245283 1.8258706467661692 0.15723270440251572 1.8208955223880596 0.15723270440251572
0 0.7893864013266998 0.25 0.7893864013266998 0.2507861635220126 0.7993366500829188 0.2507861635220126 0.7993366500829188 0.25 0.7893864013266998 0.25
0 0.8971807628524047 0.1761006289308176 0.8971807628524047 0.17688679245283018 0.9054726368159204 0.17688679245283018 0.9054726368159204 0.1761006289308176 0.8971807628524047 0.1761006289308176
0 1.2371475953565505 0.20204402515723272 1.2371475953565505 0.2028301886792453 1.243781094527363 0.2028301886792453 1.243781094527363 0.20204402515723272 1.2371475953565505 0.20204402515723272
0 0.814262023217247 0.25707547169811323 0.814262023217247 0.2578616352201258 0.8192371475953566 0.2578616352201258 0.8192371475953566 0.25707547169811323 0.814262023217247 0.25707547169811323
0 1.056384742951907 0.12735849056603774 1.056384742951907 0.1281446540880503 1.064676616915423 0.1281446540880503 1.064676616915423 0.12735849056603774 1.056384742951907 0.12735849056603774
0 1.7545605306799337 0.24213836477987422 1.7545605306799337 0.2429245283018868 1.7595356550580432 0.2429245283018868 1.7595356550580432 0.24213836477987422 1.7545605306799337 0.24213836477987422
0 1.3747927031509122 0.1800314465408805 1.3747927031509122 0.18081761006289307 1.3814262023217247 0.18081761006289307 1.3814262023217247 0.1800314465408805 1.3747927031509122 0.1800314465408805
0 1.6633499170812605 0.07783018867924528 1.6633499170812605 0.07861635220125786 1.669983416252073 0.07861635220125786 1.669983416252073 0.07783018867924528 1.6633499170812605 0.07783018867924528
0 0.5058043117744611 0.15251572327044025 0.5058043117744611 0.15330188679245282 0.5140961857379768 0.15330188679245282 0.5140961857379768 0.15251572327044025 0.5058043117744611 0.15251572327044025
0 0.2835820895522388 0.21776729559748428 0.2835820895522388 0.21855345911949686 0.3018242122719735 0.21855345911949686 0.3018242122719735 0.21776729559748428 0.2835820895522388 0.21776729559748428
0 0.2222222222222222 0.19732704402515724 0.2222222222222222 0.19811320754716982 0.23051409618573798 0.19811320754716982 0.23051409618573798 0.19732704402515724 0.2222222222222222 0.19732704402515724
0 1.6898839137645107 0.1580188679245283 1.6898839137645107 0.15880503144654087 1.6981757877280266 0.15880503144654087 1.6981757877280266 0.1580188679245283 1.6898839137645107 0.1580188679245283
0 0.03980099502487562 0.23427672955974843 0.03980099502487562 0.235062893081761 0.05306799336650083 0.235062893081761 0.05306799336650083 0.23427672955974843 0.03980099502487562 0.23427672955974843
0 1.4759535655058043 0.18867924528301888 1.4759535655058043 0.18946540880503146 1.4875621890547264 0.18946540880503146 1.4875621890547264 0.18867924528301888 1.4759535655058043 0.18867924528301888
0 0.978441127694859 0.125 0.978441127694859 0.12578616352201258 0.9800995024875622 0.12578616352201258 0.9800995024875622 0.125 0.978441127694859 0.125
0 1.6832504145936982 0.22169811320754718 1.6832504145936982 0.22248427672955975 1.6965174129353233 0.22248427672955975 1.6965174129353233 0.22169811320754718 1.6832504145936982 0.22169811320754718
0 0.40298507462686567 0.25943396226415094 0.40298507462686567 0.26022012578616355 0.4096185737976783 0.26022012578616355 0.4096185737976783 0.25943396226415094 0.40298507462686567 0.25943396226415094
0 0.8922056384742952 0.13522012578616352 0.8922056384742952 0.1360062893081761 0.8988391376451078 0.1360062893081761 0.8988391376451078 0.13522012578616352 0.8922056384742952 0.13522012578616352
0 0.6451077943615257 0.20125786163522014 0.6451077943615257 0.20204402515723272 0.6583747927031509 0.20204402515723272 0.6583747927031509 0.20125786163522014 0.6451077943615257 0.20125786163522014
0 1.8474295190713101 0.20676100628930819 1.8474295190713101 0.20754716981132076 1.8524046434494195 0.20754716981132076 1.8524046434494195 0.20676100628930819 1.8474295190713101 0.20676100628930819
0 1.6849087893864014 0.14150943396226415 1.6849087893864014 0.14229559748427673 1.7014925373134329 0.14229559748427673 1.7014925373134329 0.14150943396226415 1.6849087893864014 0.14150943396226415
0 1.1625207296849087 0.2468553459119497 1.1625207296849087 0.24764150943396226 1.1741293532338308 0.24764150943396226 1.1741293532338308 0.2468553459119497 1.1625207296849087 0.2468553459119497
0 0.8391376451077943 0.07075471698113207 0.8391376451077943 0.07154088050314465 0.845771144278607 0.07154088050314465 0.845771144278607 0.07075471698113207 0.8391376451077943 0.07075471698113207
0 1.199004975124378 0.21776729559748428 1.199004975124378 0.21855345911949686 1.2056384742951907 0.21855345911949686 1.2056384742951907 0.21776729559748428 1.199004975124378 0.21776729559748428
0 0.5472636815920398 0.23742138364779874 0.5472636815920398 0.23820754716981132 0.560530679933665 0.23820754716981132 0.560530679933665 0.23742138364779874 0.5472636815920398 0.23742138364779874
0 0.026533996683250415 0.17059748427672955 0.026533996683250415 0.17138364779874213 0.03316749585406302 0.17138364779874213 0.03316749585406302 0.17059748427672955 0.026533996683250415 0.17059748427672955
0 0.6169154228855721 0.20754716981132076 0.6169154228855721 0.20833333333333334 0.6252072968490879 0.20833333333333334 0.6252072968490879 0.20754716981132076 0.6169154228855721 0.20754716981132076
0 1.4593698175787728 0.13128930817610063 1.4593698175787728 0.1320754716981132 1.4610281923714759 0.1320754716981132 1.4610281923714759 0.13128930817610063 1.4593698175787728 0.13128930817610063
0 1.2985074626865671 0.11084905660377359 1.2985074626865671 0.11163522012578617 1.306799336650083 0.11163522012578617 1.306799336650083 0.11084905660377359 1.2985074626865671 0.11084905660377359
0 0.23548922056384744 0.11635220125786164 0.23548922056384744 0.11713836477987422 0.24875621890547264 0.11713836477987422 0.24875621890547264 0.11635220125786164 0.23548922056384744 0.11635220125786164
0 2.0779436152570483 0.17452830188679244 2.0779436152570483 0.17531446540880502 2.084577114427861 0.17531446540880502 2.084577114427861 0.17452830188679244 2.0779436152570483 0.17452830188679244
0 0.648424543946932 0.12971698113207547 0.648424543946932 0.13050314465408805 0.6567164179104478 0.13050314465408805 0.6567164179104478 0.12971698113207547 0.648424543946932 0.12971698113207547
0 1.2951907131011609 0.2531446540880503 1.2951907131011609 0.2539308176100629 1.3001658374792704 0.2539308176100629 1.3001658374792704 0.2531446540880503 1.2951907131011609 0.2531446540880503
0 1.8689883913764511 0.20676100628930819 1.8689883913764511 0.20754716981132076 1.8723051409618574 0.20754716981132076 1.8723051409618574 0.20676100628930819 1.8689883913764511 0.20676100628930819
0 1.2885572139303483 0.13757861635220126 1.2885572139303483 0.13836477987421383 1.3001658374792704 0.13836477987421383 1.3001658374792704 0.13757861635220126 1.2885572139303483 0.13757861635220126
0 0.5555555555555556 0.18553459119496854 0.5555555555555556 0.18632075471698112 0.560530679933665 0.18632075471698112 0.560530679933665 0.18553459119496854 0.5555555555555556 0.18553459119496854
0 0.22719734660033167 0.20440251572327045 0.22719734660033167 0.20518867924528303 0.23714759535655058 0.20518867924528303 0.23714759535655058 0.20440251572327045 0.22719734660033167 0.20440251572327045
0 0.30514096185737977 0.18238993710691823 0.30514096185737977 0.1831761006289308 0.3200663349917081 0.1831761006289308 0.3200663349917081 0.18238993710691823 0.30514096185737977 0.18238993710691823
0 0.006633499170812604 0.04716981132075472 0.006633499170812604 0.0479559748427673 0.013266998341625208 0.0479559748427673 0.013266998341625208 0.04716981132075472 0.006633499170812604 0.04716981132075472
0 0.3283582089552239 0.07468553459119497 0.3283582089552239 0.07547169811320754 0.33665008291873966 0.07547169811320754 0.33665008291873966 0.07468553459119497 0.3283582089552239 0.07468553459119497
0 0.37976782752902155 0.19654088050314467 0.37976782752902155 0.19732704402515724 0.3880597014925373 0.19732704402515724 0.3880597014925373 0.19654088050314467 0.37976782752902155 0.19654088050314467
0 1.1575456053067994 0.23977987421383648 1.1575456053067994 0.24056603773584906 1.164179104477612 0.24056603773584906 1.164179104477612 0.23977987421383648 1.1575456053067994 0.23977987421383648
0 0.38474295190713104 0.1320754716981132 0.38474295190713104 0.13286163522012578 0.39303482587064675 0.13286163522012578 0.39303482587064675 0.1320754716981132 0.38474295190713104 0.1320754716981132
0 0.7910447761194029 0.2059748427672956 0.7910447761194029 0.20676100628930819 0.7943615257048093 0.20676100628930819 0.7943615257048093 0.2059748427672956 0.7910447761194029 0.2059748427672956
0 0.296849087893864 0.06682389937106918 0.296849087893864 0.06761006289308176 0.29850746268656714 0.06761006289308176 0.29850746268656714 0.06682389937106918 0.296849087893864 0.06682389937106918
0 0.5107794361525705 0.07232704402515723 0.5107794361525705 0.07311320754716981 0.5140961857379768 0.07311320754716981 0.5140961857379768 0.07232704402515723 0.5107794361525705 0.07232704402515723
0 1.2786069651741294 0.16588050314465408 1.2786069651741294 0.16666666666666666 1.2885572139303483 0.16666666666666666 1.2885572139303483 0.16588050314465408 1.2786069651741294 0.16588050314465408
0 1.364842454394693 0.20833333333333334 1.364842454394693 0.20911949685534592 1.373134328358209 0.20911949685534592 1.373134328358209 0.20833333333333334 1.364842454394693 0.20833333333333334
0 0.3747927031509121 0.1871069182389937 0.3747927031509121 0.1878930817610063 0.3864013266998342 0.1878930817610063 0.3864013266998342 0.1871069182389937 0.3747927031509121 0.1871069182389937
0 1.7247097844112769 0.24213836477987422 1.7247097844112769 0.2429245283018868 1.7330016583747927 0.2429245283018868 1.7330016583747927 0.24213836477987422 1.7247097844112769 0.24213836477987422
0 1.1608623548922057 0.15959119496855345 1.1608623548922057 0.16037735849056603 1.1691542288557213 0.16037735849056603 1.1691542288557213 0.15959119496855345 1.1608623548922057 0.15959119496855345
0 1.0729684908789385 0.2130503144654088 1.0729684908789385 0.2138364779874214 1.0829187396351576 0.2138364779874214 1.0829187396351576 0.2130503144654088 1.0729684908789385 0.2130503144654088
0 2.0281923714759538 0.0770440251572327 2.0281923714759538 0.07783018867924528 2.0348258706467663 0.07783018867924528 2.0348258706467663 0.0770440251572327 2.0281923714759538 0.0770440251572327
0 1.2238805970149254 0.1949685534591195 1.2238805970149254 0.1957547169811321 1.230514096185738 0.1957547169811321 1.230514096185738 0.1949685534591195 1.2238805970149254 0.1949685534591195
0 0.8208955223880597 0.21462264150943397 0.8208955223880597 0.21540880503144655 0.8341625207296849 0.21540880503144655 0.8341625207296849 0.21462264150943397 0.8208955223880597 0.21462264150943397
0 1.7678275290215588 0.2429245283018868 1.7678275290215588 0.24371069182389937 1.7761194029850746 0.24371069182389937 1.7761194029850746 0.2429245283018868 1.7678275290215588 0.2429245283018868
0 0.538971807628524 0.20047169811320756 0.538971807628524 0.20125786163522014 0.5439469320066335 0.20125786163522014 0.5439469320066335 0.20047169811320756 0.538971807628524 0.20047169811320756
0 1.9519071310116087 0.21147798742138366 1.9519071310116087 0.21226415094339623 1.956882255389718 0.21226415094339623 1.956882255389718 0.21147798742138366 1.9519071310116087 0.21147798742138366
0 0.9170812603648425 0.0699685534591195 0.9170812603648425 0.07075471698113207 0.9237147595356551 0.07075471698113207 0.9237147595356551 0.0699685534591195 0.9170812603648425 0.0699685534591195
0 0.5257048092868989 0.22248427672955975 0.5257048092868989 0.22327044025157233 0.5356550580431177 0.22327044025157233 0.5356550580431177 0.22248427672955975 0.5257048092868989 0.22248427672955975
0 0.0779436152570481 0.24056603773584906 0.0779436152570481 0.24135220125786164 0.0845771144278607 0.24135220125786164 0.0845771144278607 0.24056603773584906 0.0779436152570481 0.24056603773584906
0 0.9502487562189055 0.15644654088050314 0.9502487562189055 0.15723270440251572 0.9601990049751243 0.15723270440251572 0.9601990049751243 0.15644654088050314 0.9502487562189055 0.15644654088050314
0 1.2918739635157546 0.1878930817610063 1.2918739635157546 0.18867924528301888 1.3001658374792704 0.18867924528301888 1.3001658374792704 0.1878930817610063 1.2918739635157546 0.1878930817610063
0 1.4378109452736318 0.09355345911949685 1.4378109452736318 0.09433962264150944 1.451077943615257 0.09433962264150944 1.451077943615257 0.09355345911949685 1.4378109452736318 0.09355345911949685
0 1.48424543946932 0.1360062893081761 1.48424543946932 0.13679245283018868 1.492537313432836 0.13679245283018868 1.492537313432836 0.1360062893081761 1.48424543946932 0.1360062893081761
0 0.14427860696517414 0.21776729559748428 0.14427860696517414 0.21855345911949686 0.14925373134328357 0.21855345911949686 0.14925373134328357 0.21776729559748428 0.14427860696517414 0.21776729559748428
0 1.8723051409618574 0.1430817610062893 1.8723051409618574 0.14386792452830188 1.87893864013267 0.14386792452830188 1.87893864013267 0.1430817610062893 1.8723051409618574 0.1430817610062893
0 1.3001658374792704 0.22327044025157233 1.3001658374792704 0.2240566037735849 1.306799336650083 0.2240566037735849 1.306799336650083 0.22327044025157233 1.3001658374792704 0.22327044025157233
0 0.603648424543947 0.25157232704402516 0.603648424543947 0.25235849056603776 0.6086235489220564 0.25235849056603776 0.6086235489220564 0.25157232704402516 0.603648424543947 0.25157232704402516
0 0.01990049751243781 0.21147798742138366 0.01990049751243781 0.21226415094339623 0.028192371475953566 0.21226415094339623 0.028192371475953566 0.21147798742138366 0.01990049751243781 0.21147798742138366
0 1.0829187396351576 0.11713836477987422 1.0829187396351576 0.1179245283018868 1.087893864013267 0.1179245283018868 1.087893864013267 0.11713836477987422 1.0829187396351576 0.11713836477987422
0 0.7860696517412935 0.05581761006289308 0.7860696517412935 0.05660377358490566 0.7943615257048093 0.05660377358490566 0.7943615257048093 0.05581761006289308 0.7860696517412935 0.05581761006289308
0 0.439469320066335 0.22955974842767296 0.439469320066335 0.23034591194968554 0.4461028192371476 0.23034591194968554 0.4461028192371476 0.22955974842767296 0.439469320066335 0.22955974842767296
0 0.5704809286898839 0.22327044025157233 0.5704809286898839 0.2240566037735849 0.5754560530679934 0.2240566037735849 0.5754560530679934 0.22327044025157233 0.5704809286898839 0.22327044025157233
0 0.8208955223880597 0.22169811320754718 0.8208955223880597 0.22248427672955975 0.8325041459369817 0.22248427672955975 0.8325041459369817 0.22169811320754718 0.8208955223880597 0.22169811320754718
0 1.0580431177446104 0.19654088050314467 1.0580431177446104 0.19732704402515724 1.0812603648424544 0.19732704402515724 1.0812603648424544 0.19654088050314467 1.0580431177446104 0.19654088050314467
0 1.6799336650082919 0.22877358490566038 1.6799336650082919 0.22955974842767296 1.6865671641791045 0.22955974842767296 1.6865671641791045 0.22877358490566038 1.6799336650082919 0.22877358490566038
0 1.1326699834162521 0.08333333333333333 1.1326699834162521 0.08411949685534591 1.1459369817578773 0.08411949685534591 1.1459369817578773 0.08333333333333333 1.1326699834162521 0.08333333333333333
0 2.086235489220564 0.24764150943396226 2.086235489220564 0.24842767295597484 2.0912106135986734 0.24842767295597484 2.0912106135986734 0.24764150943396226 2.086235489220564 0.24764150943396226
0 1.0829187396351576 0.0959119496855346 1.0829187396351576 0.09669811320754718 1.0912106135986732 0.09669811320754718 1.0912106135986732 0.0959119496855346 1.0829187396351576 0.0959119496855346
0 2.009950248756219 0.15644654088050314 2.009950248756219 0.15723270440251572 2.0165837479270317 0.15723270440251572 2.0165837479270317 0.15644654088050314 2.009950248756219 0.15644654088050314
0 1.2404643449419568 0.139937106918239 1.2404643449419568 0.14072327044025157 1.252072968490879 0.14072327044025157 1.252072968490879 0.139937106918239 1.2404643449419568 0.139937106918239
0 1.429519071310116 0.11477987421383648 1.429519071310116 0.11556603773584906 1.4344941956882256 0.11556603773584906 1.4344941956882256 0.11477987421383648 1.429519071310116 0.11477987421383648
0 0.5572139303482587 0.06446540880503145 0.5572139303482587 0.06525157232704402 0.5621890547263682 0.06525157232704402 0.5621890547263682 0.06446540880503145 0.5572139303482587 0.06446540880503145
0 1.5257048092868988 0.22327044025157233 1.5257048092868988 0.2240566037735849 1.5323383084577114 0.2240566037735849 1.5323383084577114 0.22327044025157233 1.5257048092868988 0.22327044025157233
0 0.4129353233830846 0.20833333333333334 0.4129353233830846 0.20911949685534592 0.41625207296849087 0.20911949685534592 0.41625207296849087 0.20833333333333334 0.4129353233830846 0.20833333333333334
0 1.4112769485903813 0.1957547169811321 1.4112769485903813 0.19654088050314467 1.4162520729684909 0.19654088050314467 1.4162520729684909 0.1957547169811321 1.4112769485903813 0.1957547169811321
0 1.6733001658374793 0.15644654088050314 1.6733001658374793 0.15723270440251572 1.6782752902155886 0.15723270440251572 1.6782752902155886 0.15644654088050314 1.6733001658374793 0.15644654088050314
0 0.43781094527363185 0.16745283018867924 0.43781094527363185 0.16823899371069181 0.4494195688225539 0.16823899371069181 0.4494195688225539 0.16745283018867924 0.43781094527363185 0.16745283018867924
0 0.06799336650082918 0.23349056603773585 0.06799336650082918 0.23427672955974843 0.07628524046434494 0.23427672955974843 0.07628524046434494 0.23349056603773585 0.06799336650082918 0.23349056603773585
0 0.6202321724709784 0.12264150943396226 0.6202321724709784 0.12342767295597484 0.6268656716417911 0.12342767295597484 0.6268656716417911 0.12264150943396226 0.6202321724709784 0.12264150943396226
0 0.1791044776119403 0.2028301886792453 0.1791044776119403 0.20361635220125787 0.19237147595356552 0.20361635220125787 0.19237147595356552 0.2028301886792453 0.1791044776119403 0.2028301886792453
0 0.43449419568822556 0.12185534591194969 0.43449419568822556 0.12264150943396226 0.4494195688225539 0.12264150943396226 0.4494195688225539 0.12185534591194969 0.43449419568822556 0.12185534591194969
0 0.07296849087893864 0.22012578616352202 0.07296849087893864 0.2209119496855346 0.07960199004975124 0.2209119496855346 0.07960199004975124 0.22012578616352202 0.07296849087893864 0.22012578616352202
0 0.6550580431177446 0.2209119496855346 0.6550580431177446 0.22169811320754718 0.6666666666666666 0.22169811320754718 0.6666666666666666 0.2209119496855346 0.6550580431177446 0.2209119496855346
0 1.2935323383084578 0.09669811320754718 1.2935323383084578 0.09748427672955975 1.3051409618573797 0.09748427672955975 1.3051409618573797 0.09669811320754718 1.2935323383084578 0.09669811320754718
0 1.5091210613598673 0.05110062893081761 1.5091210613598673 0.05188679245283019 1.5174129353233832 0.05188679245283019 1.5174129353233832 0.05110062893081761 1.5091210613598673 0.05110062893081761
0 1.4643449419568824 0.2169811320754717 1.4643449419568824 0.21776729559748428 1.4676616915422886 0.21776729559748428 1.4676616915422886 0.2169811320754717 1.4643449419568824 0.2169811320754717
0 0.9038142620232172 0.19261006289308177 0.9038142620232172 0.19339622641509435 0.912106135986733 0.19339622641509435 0.912106135986733 0.19261006289308177 0.9038142620232172 0.19261006289308177
0 0.12603648424543948 0.06132075471698113 0.12603648424543948 0.06210691823899371 0.1310116086235489 0.06210691823899371 0.1310116086235489 0.06132075471698113 0.12603648424543948 0.06132075471698113
0 1.4693200663349917 0.15723270440251572 1.4693200663349917 0.1580188679245283 1.4776119402985075 0.1580188679245283 1.4776119402985075 0.15723270440251572 1.4693200663349917 0.15723270440251572
0 0.6500829187396352 0.10849056603773585 0.6500829187396352 0.10927672955974843 0.6583747927031509 0.10927672955974843 0.6583747927031509 0.10849056603773585 0.6500829187396352 0.10849056603773585
0 1.1907131011608623 0.11871069182389937 1.1907131011608623 0.11949685534591195 1.1956882255389718 0.11949685534591195 1.1956882255389718 0.11871069182389937 1.1907131011608623 0.11871069182389937
0 0.46766169154228854 0.14544025157232704 0.46766169154228854 0.14622641509433962 0.49087893864013266 0.14622641509433962 0.49087893864013266 0.14544025157232704 0.46766169154228854 0.14544025157232704
0 1.6600331674958542 0.14937106918238993 1.6600331674958542 0.1501572327044025 1.6650082918739635 0.1501572327044025 1.6650082918739635 0.14937106918238993 1.6600331674958542 0.14937106918238993
0 1.60530679933665 0.21462264150943397 1.60530679933665 0.21540880503144655 1.613598673300166 0.21540880503144655 1.613598673300166 0.21462264150943397 1.60530679933665 0.21462264150943397
0 0.9137645107794361 0.11163522012578617 0.9137645107794361 0.11242138364779874 0.9237147595356551 0.11242138364779874 0.9237147595356551 0.11163522012578617 0.9137645107794361 0.11163522012578617
0 1.9253731343283582 0.17845911949685533 1.9253731343283582 0.1792452830188679 1.9270315091210615 0.1792452830188679 1.9270315091210615 0.17845911949685533 1.9253731343283582 0.17845911949685533
0 1.6301824212271974 0.2358490566037736 1.6301824212271974 0.23663522012578617 1.6384742951907132 0.23663522012578617 1.6384742951907132 0.2358490566037736 1.6301824212271974 0.2358490566037736
0 1.537313432835821 0.23663522012578617 1.537313432835821 0.23742138364779874 1.5439469320066335 0.23742138364779874 1.5439469320066335 0.23663522012578617 1.537313432835821 0.23663522012578617
0 0.6451077943615257 0.08490566037735849 0.6451077943615257 0.08569182389937106 0.6517412935323383 0.08569182389937106 0.6517412935323383 0.08490566037735849 0.6451077943615257 0.08490566037735849
0 1.252072968490879 0.09512578616352202 1.252072968490879 0.0959119496855346 1.2570480928689884 0.0959119496855346 1.2570480928689884 0.09512578616352202 1.252072968490879 0.09512578616352202
0 0.06799336650082918 0.22720125786163523 0.06799336650082918 0.2279874213836478 0.0812603648424544 0.2279874213836478 0.0812603648424544 0.22720125786163523 0.06799336650082918 0.22720125786163523
0 0.09950248756218906 0.21933962264150944 0.09950248756218906 0.22012578616352202 0.11276948590381426 0.22012578616352202 0.11276948590381426 0.21933962264150944 0.09950248756218906 0.21933962264150944
0 0.8374792703150912 0.2279874213836478 0.8374792703150912 0.22877358490566038 0.8441127694859039 0.22877358490566038 0.8441127694859039 0.2279874213836478 0.8374792703150912 0.2279874213836478
0 1.043117744610282 0.18474842767295596 1.043117744610282 0.18553459119496854 1.0480928689883913 0.18553459119496854 1.0480928689883913 0.18474842767295596 1.043117744610282 0.18474842767295596
0 0.41625207296849087 0.06525157232704402 0.41625207296849087 0.0660377358490566 0.4262023217247098 0.0660377358490566 0.4262023217247098 0.06525157232704402 0.41625207296849087 0.06525157232704402
0 1.4693200663349917 0.24528301886792453 1.4693200663349917 0.2460691823899371 1.472636815920398 0.2460691823899371 1.472636815920398 0.24528301886792453 1.4693200663349917 0.24528301886792453
0 2.0613598673300166 0.16981132075471697 2.0613598673300166 0.17059748427672955 2.066334991708126 0.17059748427672955 2.066334991708126 0.16981132075471697 2.0613598673300166 0.16981132075471697
0 1.7844112769485905 0.16981132075471697 1.7844112769485905 0.17059748427672955 1.7893864013266998 0.17059748427672955 1.7893864013266998 0.16981132075471697 1.7844112769485905 0.16981132075471697
0 1.021558872305141 0.12735849056603774 1.021558872305141 0.1281446540880503 1.023217247097844 0.1281446540880503 1.023217247097844 0.12735849056603774 1.021558872305141 0.12735849056603774
0 0.6915422885572139 0.09905660377358491 0.6915422885572139 0.09984276729559749 0.6998341625207297 0.09984276729559749 0.6998341625207297 0.09905660377358491 0.6915422885572139 0.09905660377358491
0 1.890547263681592 0.24842767295597484 1.890547263681592 0.24921383647798742 1.9038142620232172 0.24921383647798742 1.9038142620232172 0.24842767295597484 1.890547263681592 0.24842767295597484
0 1.36318407960199 0.12971698113207547 1.36318407960199 0.13050314465408805 1.371475953565506 0.13050314465408805 1.371475953565506 0.12971698113207547 1.36318407960199 0.12971698113207547
0 1.9071310116086235 0.06210691823899371 1.9071310116086235 0.06289308176100629 1.913764510779436 0.06289308176100629 1.913764510779436 0.06210691823899371 1.9071310116086235 0.06210691823899371
0 1.2835820895522387 0.13050314465408805 1.2835820895522387 0.13128930817610063 1.2935323383084578 0.13128930817610063 1.2935323383084578 0.13050314465408805 1.2835820895522387 0.13050314465408805
0 1.8109452736318408 0.23427672955974843 1.8109452736318408 0.235062893081761 1.8159203980099503 0.235062893081761 1.8159203980099503 0.23427672955974843 1.8109452736318408 0.23427672955974843
0 0.1724709784411277 0.15251572327044025 0.1724709784411277 0.15330188679245282 0.18407960199004975 0.15330188679245282 0.18407960199004975 0.15251572327044025 0.1724709784411277 0.15251572327044025
0 1.976782752902156 0.14937106918238993 1.976782752902156 0.1501572327044025 1.9917081260364842 0.1501572327044025 1.9917081260364842 0.14937106918238993 1.976782752902156 0.14937106918238993
0 1.648424543946932 0.22955974842767296 1.648424543946932 0.23034591194968554 1.6550580431177446 0.23034591194968554 1.6550580431177446 0.22955974842767296 1.648424543946932 0.22955974842767296
0 0.03648424543946932 0.24135220125786164 0.03648424543946932 0.24213836477987422 0.04311774461028192 0.24213836477987422 0.04311774461028192 0.24135220125786164 0.03648424543946932 0.24135220125786164
0 0.648424543946932 0.17059748427672955 0.648424543946932 0.17138364779874213 0.6600331674958541 0.17138364779874213 0.6600331674958541 0.17059748427672955 0.648424543946932 0.17059748427672955
0 0.10613598673300166 0.07547169811320754 0.10613598673300166 0.07625786163522012 0.1111111111111111 0.07625786163522012 0.1111111111111111 0.07547169811320754 0.10613598673300166 0.07547169811320754
0 1.6600331674958542 0.1871069182389937 1.6600331674958542 0.1878930817610063 1.6733001658374793 0.1878930817610063 1.6733001658374793 0.1871069182389937 1.6600331674958542 0.1871069182389937
0 0.17081260364842454 0.1761006289308176 0.17081260364842454 0.17688679245283018 0.1791044776119403 0.17688679245283018 0.1791044776119403 0.1761006289308176 0.17081260364842454 0.1761006289308176
0 1.7296849087893864 0.19418238993710693 1.7296849087893864 0.1949685534591195 1.7396351575456053 0.1949685534591195 1.7396351575456053 0.19418238993710693 1.7296849087893864 0.19418238993710693
0 1.9104477611940298 0.24135220125786164 1.9104477611940298 0.24213836477987422 1.9253731343283582 0.24213836477987422 1.9253731343283582 0.24135220125786164 1.9104477611940298 0.24135220125786164
0 1.615257048092869 0.22248427672955975 1.615257048092869 0.22327044025157233 1.6202321724709785 0.22327044025157233 1.6202321724709785 0.22248427672955975 1.615257048092869 0.22248427672955975
0 1.1260364842454396 0.16745283018867924 1.1260364842454396 0.16823899371069181 1.1359867330016584 0.16823899371069181 1.1359867330016584 0.16745283018867924 1.1260364842454396 0.16745283018867924
0 0.6799336650082919 0.2358490566037736 0.6799336650082919 0.23663522012578617 0.6898839137645107 0.23663522012578617 0.6898839137645107 0.2358490566037736 0.6799336650082919 0.2358490566037736
0 1.054726368159204 0.24135220125786164 1.054726368159204 0.24213836477987422 1.066334991708126 0.24213836477987422 1.066334991708126 0.24135220125786164 1.054726368159204 0.24135220125786164
0 0.6252072968490879 0.13757861635220126 0.6252072968490879 0.13836477987421383 0.6384742951907131 0.13836477987421383 0.6384742951907131 0.13757861635220126 0.6252072968490879 0.13757861635220126
0 0.8043117744610282 0.12185534591194969 0.8043117744610282 0.12264150943396226 0.8109452736318408 0.12264150943396226 0.8109452736318408 0.12185534591194969 0.8043117744610282 0.12185534591194969
0 0.03980099502487562 0.23270440251572327 0.03980099502487562 0.23349056603773585 0.05472636815920398 0.23349056603773585 0.05472636815920398 0.23270440251572327 0.03980099502487562 0.23270440251572327
0 0.7131011608623549 0.20833333333333334 0.7131011608623549 0.20911949685534592 0.7230514096185738 0.20911949685534592 0.7230514096185738 0.20833333333333334 0.7131011608623549 0.20833333333333334
0 1.3399668325041458 0.12971698113207547 1.3399668325041458 0.13050314465408805 1.351575456053068 0.13050314465408805 1.351575456053068 0.12971698113207547 1.3399668325041458 0.12971698113207547
0 1.976782752902156 0.10377358490566038 1.976782752902156 0.10455974842767296 1.9817578772802653 0.10455974842767296 1.9817578772802653 0.10377358490566038 1.976782752902156 0.10377358490566038
0 1.8490878938640132 0.1430817610062893 1.8490878938640132 0.14386792452830188 1.855721393034826 0.14386792452830188 1.855721393034826 0.1430817610062893 1.8490878938640132 0.1430817610062893
0 0.7910447761194029 0.19103773584905662 0.7910447761194029 0.1918238993710692 0.7960199004975125 0.1918238993710692 0.7960199004975125 0.19103773584905662 0.7910447761194029 0.19103773584905662
0 0.0779436152570481 0.06132075471698113 0.0779436152570481 0.06210691823899371 0.087893864013267 0.06210691823899371 0.087893864013267 0.06132075471698113 0.0779436152570481 0.06132075471698113
0 0.6451077943615257 0.07940251572327044 0.6451077943615257 0.08018867924528301 0.6517412935323383 0.08018867924528301 0.6517412935323383 0.07940251572327044 0.6451077943615257 0.07940251572327044
0 0.6069651741293532 0.08569182389937106 0.6069651741293532 0.08647798742138364 0.6086235489220564 0.08647798742138364 0.6086235489220564 0.08569182389937106 0.6069651741293532 0.08569182389937106
0 0.0779436152570481 0.21776729559748428 0.0779436152570481 0.21855345911949686 0.08291873963515754 0.21855345911949686 0.08291873963515754 0.21776729559748428 0.0779436152570481 0.21776729559748428
0 1.7462686567164178 0.0770440251572327 1.7462686567164178 0.07783018867924528 1.756218905472637 0.07783018867924528 1.756218905472637 0.0770440251572327 1.7462686567164178 0.0770440251572327
0 0.6368159203980099 0.07075471698113207 0.6368159203980099 0.07154088050314465 0.6401326699834162 0.07154088050314465 0.6401326699834162 0.07075471698113207 0.6368159203980099 0.07075471698113207
0 0.21890547263681592 0.2248427672955975 0.21890547263681592 0.22562893081761007 0.22553897180762852 0.22562893081761007 0.22553897180762852 0.2248427672955975 0.21890547263681592 0.2248427672955975
0 1.0961857379767828 0.11006289308176101 1.0961857379767828 0.11084905660377359 1.109452736318408 0.11084905660377359 1.109452736318408 0.11006289308176101 1.0961857379767828 0.11006289308176101
0 1.9187396351575456 0.0770440251572327 1.9187396351575456 0.07783018867924528 1.922056384742952 0.07783018867924528 1.922056384742952 0.0770440251572327 1.9187396351575456 0.0770440251572327
0 1.902155887230514 0.22641509433962265 1.902155887230514 0.22720125786163523 1.9071310116086235 0.22720125786163523 1.9071310116086235 0.22641509433962265 1.902155887230514 0.22641509433962265
0 0.2902155887230514 0.1800314465408805 0.2902155887230514 0.18081761006289307 0.296849087893864 0.18081761006289307 0.296849087893864 0.1800314465408805 0.2902155887230514 0.1800314465408805
0 2.0381426202321724 0.22720125786163523 2.0381426202321724 0.2279874213836478 2.0480928689883915 0.2279874213836478 2.0480928689883915 0.22720125786163523 2.0381426202321724 0.22720125786163523
0 0.1956882255389718 0.06839622641509434 0.1956882255389718 0.06918238993710692 0.20398009950248755 0.06918238993710692 0.20398009950248755 0.06839622641509434 0.1956882255389718 0.06839622641509434
0 1.6384742951907132 0.14937106918238993 1.6384742951907132 0.1501572327044025 1.648424543946932 0.1501572327044025 1.648424543946932 0.14937106918238993 1.6384742951907132 0.14937106918238993
0 1.3698175787728026 0.08726415094339622 1.3698175787728026 0.0880503144654088 1.373134328358209 0.0880503144654088 1.373134328358209 0.08726415094339622 1.3698175787728026 0.08726415094339622
0 1.5323383084577114 0.15959119496855345 1.5323383084577114 0.16037735849056603 1.5422885572139304 0.16037735849056603 1.5422885572139304 0.15959119496855345 1.5323383084577114 0.15959119496855345
0 0.09618573797678276 0.15566037735849056 0.09618573797678276 0.15644654088050314 0.10281923714759536 0.15644654088050314 0.10281923714759536 0.15566037735849056 0.09618573797678276 0.15566037735849056
0 0.9270315091210614 0.23427672955974843 0.9270315091210614 0.235062893081761 0.9419568822553898 0.235062893081761 0.9419568822553898 0.23427672955974843 0.9270315091210614 0.23427672955974843
0 0.351575456053068 0.21069182389937108 0.351575456053068 0.21147798742138366 0.3615257048092869 0.21147798742138366 0.3615257048092869 0.21069182389937108 0.351575456053068 0.21069182389937108
0 1.4378109452736318 0.12421383647798742 1.4378109452736318 0.125 1.4444444444444444 0.125 1.4444444444444444 0.12421383647798742 1.4378109452736318 0.12421383647798742
0 0.37976782752902155 0.20911949685534592 0.37976782752902155 0.2099056603773585 0.3814262023217247 0.2099056603773585 0.3814262023217247 0.20911949685534592 0.37976782752902155 0.20911949685534592
0 0.2603648424543947 0.05267295597484277 0.2603648424543947 0.05345911949685535 0.26865671641791045 0.05345911949685535 0.26865671641791045 0.05267295597484277 0.2603648424543947 0.05267295597484277
0 0.548922056384743 0.20754716981132076 0.548922056384743 0.20833333333333334 0.5588723051409619 0.20833333333333334 0.5588723051409619 0.20754716981132076 0.548922056384743 0.20754716981132076
0 0.593698175787728 0.20125786163522014 0.593698175787728 0.20204402515723272 0.5986733001658375 0.20204402515723272 0.5986733001658375 0.20125786163522014 0.593698175787728 0.20125786163522014
0 0.25870646766169153 0.2240566037735849 0.25870646766169153 0.2248427672955975 0.263681592039801 0.2248427672955975 0.263681592039801 0.2240566037735849 0.25870646766169153 0.2240566037735849
0 0.648424543946932 0.15644654088050314 0.648424543946932 0.15723270440251572 0.6567164179104478 0.15723270440251572 0.6567164179104478 0.15644654088050314 0.648424543946932 0.15644654088050314
0 1.2255389718076286 0.2539308176100629 1.2255389718076286 0.25471698113207547 1.2338308457711442 0.25471698113207547 1.2338308457711442 0.2539308176100629 1.2255389718076286 0.2539308176100629
0 1.5439469320066335 0.22955974842767296 1.5439469320066335 0.23034591194968554 1.548922056384743 0.23034591194968554 1.548922056384743 0.22955974842767296 1.5439469320066335 0.22955974842767296
0 1.3913764510779436 0.22327044025157233 1.3913764510779436 0.2240566037735849 1.3963515754560532 0.2240566037735849 1.3963515754560532 0.22327044025157233 1.3913764510779436 0.22327044025157233
0 0.8805970149253731 0.13286163522012578 0.8805970149253731 0.13364779874213836 0.8905472636815921 0.13364779874213836 0.8905472636815921 0.13286163522012578 0.8805970149253731 0.13286163522012578
0 0.2902155887230514 0.15880503144654087 0.2902155887230514 0.15959119496855345 0.3067993366500829 0.15959119496855345 0.3067993366500829 0.15880503144654087 0.2902155887230514 0.15880503144654087
0 0.5970149253731343 0.09433962264150944 0.5970149253731343 0.09512578616352202 0.6086235489220564 0.09512578616352202 0.6086235489220564 0.09433962264150944 0.5970149253731343 0.09433962264150944
0 1.5887230514096187 0.15172955974842767 1.5887230514096187 0.15251572327044025 1.6003316749585406 0.15251572327044025 1.6003316749585406 0.15172955974842767 1.5887230514096187 0.15172955974842767
0 1.6965174129353233 0.20125786163522014 1.6965174129353233 0.20204402515723272 1.703150912106136 0.20204402515723272 1.703150912106136 0.20125786163522014 1.6965174129353233 0.20125786163522014
0 0.49087893864013266 0.13836477987421383 0.49087893864013266 0.1391509433962264 0.49917081260364843 0.1391509433962264 0.49917081260364843 0.13836477987421383 0.49087893864013266 0.13836477987421383
0 0.17081260364842454 0.09512578616352202 0.17081260364842454 0.0959119496855346 0.175787728026534 0.0959119496855346 0.175787728026534 0.09512578616352202 0.17081260364842454 0.09512578616352202
0 1.3366500829187395 0.10141509433962265 1.3366500829187395 0.10220125786163523 1.349917081260365 0.10220125786163523 1.349917081260365 0.10141509433962265 1.3366500829187395 0.10141509433962265
0 2.053067993366501 0.19811320754716982 2.053067993366501 0.1988993710691824 2.0613598673300166 0.1988993710691824 2.0613598673300166 0.19811320754716982 2.053067993366501 0.19811320754716982
0 0.582089552238806 0.10141509433962265 0.582089552238806 0.10220125786163523 0.5903814262023217 0.10220125786163523 0.5903814262023217 0.10141509433962265 0.582089552238806 0.10141509433962265
0 1.2669983416252073 0.14465408805031446 1.2669983416252073 0.14544025157232704 1.2802653399668324 0.14544025157232704 1.2802653399668324 0.14465408805031446 1.2669983416252073 0.14465408805031446
0 1.9966832504145937 0.22720125786163523 1.9966832504145937 0.2279874213836478 2.0049751243781095 0.2279874213836478 2.0049751243781095 0.22720125786163523 1.9966832504145937 0.22720125786163523
0 1.570480928689884 0.08726415094339622 1.570480928689884 0.0880503144654088 1.5771144278606966 0.0880503144654088 1.5771144278606966 0.08726415094339622 1.570480928689884 0.08726415094339622
0 1.9402985074626866 0.19025157232704404 1.9402985074626866 0.19103773584905662 1.955223880597015 0.19103773584905662 1.955223880597015 0.19025157232704404 1.9402985074626866 0.19025157232704404
0 1.109452736318408 0.06839622641509434 1.109452736318408 0.06918238993710692 1.1144278606965174 0.06918238993710692 1.1144278606965174 0.06839622641509434 1.109452736318408 0.06839622641509434
0 1.0248756218905473 0.25471698113207547 1.0248756218905473 0.2555031446540881 1.0315091210613598 0.2555031446540881 1.0315091210613598 0.25471698113207547 1.0248756218905473 0.25471698113207547
0 1.9734660033167495 0.21226415094339623 1.9734660033167495 0.2130503144654088 1.9751243781094527 0.2130503144654088 1.9751243781094527 0.21226415094339623 1.9734660033167495 0.21226415094339623
0 0.9618573797678275 0.2130503144654088 0.9618573797678275 0.2138364779874214 0.9684908789386402 0.2138364779874214 0.9684908789386402 0.2130503144654088 0.9618573797678275 0.2130503144654088
0 1.243781094527363 0.12342767295597484 1.243781094527363 0.12421383647798742 1.2537313432835822 0.12421383647798742 1.2537313432835822 0.12342767295597484 1.243781094527363 0.12342767295597484
0 0.9320066334991708 0.20440251572327045 0.9320066334991708 0.20518867924528303 0.9502487562189055 0.20518867924528303 0.9502487562189055 0.20440251572327045 0.9320066334991708 0.20440251572327045
0 0.45439469320066334 0.24449685534591195 0.45439469320066334 0.24528301886792453 0.46102819237147596 0.24528301886792453 0.46102819237147596 0.24449685534591195 0.45439469320066334 0.24449685534591195
0 1.5456053067993367 0.10220125786163523 1.5456053067993367 0.1029874213836478 1.5522388059701493 0.1029874213836478 1.5522388059701493 0.10220125786163523 1.5456053067993367 0.10220125786163523
0 1.3432835820895523 0.18238993710691823 1.3432835820895523 0.1831761006289308 1.351575456053068 0.1831761006289308 1.351575456053068 0.18238993710691823 1.3432835820895523 0.18238993710691823
0 0.2835820895522388 0.10377358490566038 0.2835820895522388 0.10455974842767296 0.28689883913764513 0.10455974842767296 0.28689883913764513 0.10377358490566038 0.2835820895522388 0.10377358490566038
0 1.2985074626865671 0.10849056603773585 1.2985074626865671 0.10927672955974843 1.3051409618573797 0.10927672955974843 1.3051409618573797 0.10849056603773585 1.2985074626865671 0.10849056603773585
0 1.2023217247097844 0.21147798742138366 1.2023217247097844 0.21226415094339623 1.2106135986733002 0.21226415094339623 1.2106135986733002 0.21147798742138366 1.2023217247097844 0.21147798742138366
0 1.9751243781094527 0.24764150943396226 1.9751243781094527 0.24842767295597484 1.9800995024875623 0.24842767295597484 1.9800995024875623 0.24764150943396226 1.9751243781094527 0.24764150943396226
0 1.6666666666666667 0.11556603773584906 1.6666666666666667 0.11635220125786164 1.6749585406301823 0.11635220125786164 1.6749585406301823 0.11556603773584906 1.6666666666666667 0.11556603773584906
0 0.12769485903814262 0.14779874213836477 0.12769485903814262 0.14858490566037735 0.1310116086235489 0.14858490566037735 0.1310116086235489 0.14779874213836477 0.12769485903814262 0.14779874213836477