0 0.5 0.7625 0.5 0.765625 0.52734375 0.765625 0.52734375 0.7625 0.5 0.7625
0 0.16796875 0.1875 0.16796875 0.190625 0.18359375 0.190625 0.18359375 0.1875 0.16796875 0.1875
0 1.18359375 0.284375 1.18359375 0.2875 1.19921875 0.2875 1.19921875 0.284375 1.18359375 0.284375
0 0.421875 0.35 0.421875 0.353125 0.4296875 0.353125 0.4296875 0.35 0.421875 0.35
0 0.984375 0.1875 0.984375 0.190625 0.99609375 0.190625 0.99609375 0.1875 0.984375 0.1875
0 0.27734375 0.553125 0.27734375 0.55625 0.31640625 0.55625 0.31640625 0.553125 0.27734375 0.553125
0 0.25 0.134375 0.25 0.1375 0.25390625 0.1375 0.25390625 0.134375 0.25 0.134375
0 0.95703125 0.196875 0.95703125 0.2 0.9765625 0.2 0.9765625 0.196875 0.95703125 0.196875
0 0.22265625 0.45625 0.22265625 0.459375 0.24609375 0.459375 0.24609375 0.45625 0.22265625 0.45625
0 0.54296875 0.46875 0.54296875 0.471875 0.578125 0.471875 0.578125 0.46875 0.54296875 0.46875
0 0.76953125 0.765625 0.76953125 0.76875 0.7890625 0.76875 0.7890625 0.765625 0.76953125 0.765625
0 0.66796875 0.2875 0.66796875 0.290625 0.6796875 0.290625 0.6796875 0.2875 0.66796875 0.2875
0 0.5390625 0.709375 0.5390625 0.7125 0.546875 0.7125 0.546875 0.709375 0.5390625 0.709375
0 0.56640625 0.521875 0.56640625 0.525 0.57421875 0.525 0.57421875 0.521875 0.56640625 0.521875
0 0.80078125 0.590625 0.80078125 0.59375 0.81640625 0.59375 0.81640625 0.590625 0.80078125 0.590625
0 0.453125 0.2125 0.453125 0.215625 0.46484375 0.215625 0.46484375 0.2125 0.453125 0.2125
0 1.1015625 0.628125 1.1015625 0.63125 1.1171875 0.63125 1.1171875 0.628125 1.1015625 0.628125
0 0.38671875 0.6875 0.38671875 0.690625 0.39453125 0.690625 0.39453125 0.6875 0.38671875 0.6875
0 0.69140625 0.103125 0.69140625 0.10625 0.71484375 0.10625 0.71484375 0.103125 0.69140625 0.103125
0 0.015625 0.275 0.015625 0.278125 0.03515625 0.278125 0.03515625 0.275 0.015625 0.275
0 0.8828125 0.634375 0.8828125 0.6375 0.8984375 0.6375 0.8984375 0.634375 0.8828125 0.634375
0 0.9765625 0.0125 0.9765625 0.015625 0.99609375 0.015625 0.99609375 0.0125 0.9765625 0.0125
0 0.77734375 0.1875 0.77734375 0.190625 0.78515625 0.190625 0.78515625 0.1875 0.77734375 0.1875
0 0.58203125 0.325 0.58203125 0.328125 0.625 0.328125 0.625 0.325 0.58203125 0.325
0 0.953125 0.659375 0.953125 0.6625 0.98046875 0.6625 0.98046875 0.659375 0.953125 0.659375
0 0.01953125 0.0 0.01953125 0.003125 0.0625 0.003125 0.0625 0.0 0.01953125 0.0
0 1.18359375 0.425 1.18359375 0.428125 1.1953125 0.428125 1.1953125 0.425 1.18359375 0.425
0 0.43359375 0.509375 0.43359375 0.5125 0.453125 0.5125 0.453125 0.509375 0.43359375 0.509375
0 0.82421875 0.24375 0.82421875 0.246875 0.84375 0.246875 0.84375 0.24375 0.82421875 0.24375
0 0.0234375 0.121875 0.0234375 0.125 0.0390625 0.125 0.0390625 0.121875 0.0234375 0.121875
0 0.515625 0.54375 0.515625 0.546875 0.56640625 0.546875 0.56640625 0.54375 0.515625 0.54375
0 1.05859375 0.4 1.05859375 0.403125 1.09375 0.403125 1.09375 0.4 1.05859375 0.4
0 0.7265625 0.73125 0.7265625 0.734375 0.7578125 0.734375 0.7578125 0.73125 0.7265625 0.73125
0 0.7265625 0.059375 0.7265625 0.0625 0.74609375 0.0625 0.74609375 0.059375 0.7265625 0.059375
0 0.1484375 0.078125 0.1484375 0.08125 0.171875 0.08125 0.171875 0.078125 0.1484375 0.078125
0 0.15625 0.1625 0.15625 0.165625 0.1640625 0.165625 0.1640625 0.1625 0.15625 0.1625
0 1.12890625 0.671875 1.12890625 0.675 1.140625 0.675 1.140625 0.671875 1.12890625 0.671875
0 0.94921875 0.734375 0.94921875 0.7375 0.9765625 0.7375 0.9765625 0.734375 0.94921875 0.734375
0 0.6953125 0.346875 0.6953125 0.35 0.72265625 0.35 0.72265625 0.346875 0.6953125 0.346875
0 0.08984375 0.709375 0.08984375 0.7125 0.09765625 0.7125 0.09765625 0.709375 0.08984375 0.709375
0 1.01953125 0.159375 1.01953125 0.1625 1.03125 0.1625 1.03125 0.159375 1.01953125 0.159375
0 0.51171875 0.68125 0.51171875 0.684375 0.51953125 0.684375 0.51953125 0.68125 0.51171875 0.68125
0 0.34375 0.678125 0.34375 0.68125 0.35546875 0.68125 0.35546875 0.678125 0.34375 0.678125
0 0.57421875 0.021875 0.57421875 0.025 0.59375 0.025 0.59375 0.021875 0.57421875 0.021875
0 0.68359375 0.415625 0.68359375 0.41875 0.7109375 0.41875 0.7109375 0.415625 0.68359375 0.415625
0 0.828125 0.10625 0.828125 0.109375 0.85546875 0.109375 0.85546875 0.10625 0.828125 0.10625
0 1.20703125 0.603125 1.20703125 0.60625 1.22265625 0.60625 1.22265625 0.603125 1.20703125 0.603125
0 0.1171875 0.546875 0.1171875 0.55 0.13671875 0.55 0.13671875 0.546875 0.1171875 0.546875
0 0.046875 0.015625 0.046875 0.01875 0.05859375 0.01875 0.05859375 0.015625 0.046875 0.015625
0 0.72265625 0.409375 0.72265625 0.4125 0.7578125 0.4125 0.7578125 0.409375 0.72265625 0.409375
0 1.18359375 0.6625 1.18359375 0.665625 1.19140625 0.665625 1.19140625 0.6625 1.18359375 0.6625
0 0.296875 0.009375 0.296875 0.0125 0.3125 0.0125 0.3125 0.009375 0.296875 0.009375
0 0.375 0.375 0.375 0.378125 0.3828125 0.378125 0.3828125 0.375 0.375 0.375
0 0.48046875 0.471875 0.48046875 0.475 0.4921875 0.475 0.4921875 0.471875 0.48046875 0.471875
0 1.12109375 0.015625 1.12109375 0.01875 1.12890625 0.01875 1.12890625 0.015625 1.12109375 0.015625
0 0.5 0.20625 0.5 0.209375 0.51171875 0.209375 0.51171875 0.20625 0.5 0.20625
0 1.109375 0.153125 1.109375 0.15625 1.1171875 0.15625 1.1171875 0.153125 1.109375 0.153125
0 0.72265625 0.26875 0.72265625 0.271875 0.74609375 0.271875 0.74609375 0.26875 0.72265625 0.26875
0 0.90625 0.575 0.90625 0.578125 0.921875 0.578125 0.921875 0.575 0.90625 0.575
0 0.95703125 0.134375 0.95703125 0.1375 0.98046875 0.1375 0.98046875 0.134375 0.95703125 0.134375
0 0.1171875 0.265625 0.1171875 0.26875 0.125 0.26875 0.125 0.265625 0.1171875 0.265625
0 0.1484375 0.490625 0.1484375 0.49375 0.1640625 0.49375 0.1640625 0.490625 0.1484375 0.490625
0 0.921875 0.078125 0.921875 0.08125 0.9296875 0.08125 0.9296875 0.078125 0.921875 0.078125
0 0.21875 0.6 0.21875 0.603125 0.23046875 0.603125 0.23046875 0.6 0.21875 0.6
0 1.1171875 0.13125 1.1171875 0.134375 1.15234375 0.134375 1.15234375 0.13125 1.1171875 0.13125
0 0.76171875 0.10625 0.76171875 0.109375 0.77734375 0.109375 0.77734375 0.10625 0.76171875 0.10625
0 0.265625 0.321875 0.265625 0.325 0.28515625 0.325 0.28515625 0.321875 0.265625 0.321875
0 1.0 0.10625 1.0 0.109375 1.0234375 0.109375 1.0234375 0.10625 1.0 0.10625
0 0.20703125 0.59375 0.20703125 0.596875 0.24609375 0.596875 0.24609375 0.59375 0.20703125 0.59375
0 0.62890625 0.1625 0.62890625 0.165625 0.66796875 0.165625 0.66796875 0.1625 0.62890625 0.1625
0 1.2265625 0.3625 1.2265625 0.365625 1.24609375 0.365625 1.24609375 0.3625 1.2265625 0.3625
0 0.25 0.371875 0.25 0.375 0.26171875 0.375 0.26171875 0.371875 0.25 0.371875
0 0.27734375 0.31875 0.27734375 0.321875 0.2890625 0.321875 0.2890625 0.31875 0.27734375 0.31875
0 0.34375 0.30625 0.34375 0.309375 0.36328125 0.309375 0.36328125 0.30625 0.34375 0.30625
0 0.5390625 0.63125 0.5390625 0.634375 0.55859375 0.634375 0.55859375 0.63125 0.5390625 0.63125
0 0.54296875 0.440625 0.54296875 0.44375 0.55859375 0.44375 0.55859375 0.440625 0.54296875 0.440625
0 1.12890625 0.55625 1.12890625 0.559375 1.16015625 0.559375 1.16015625 0.55625 1.12890625 0.55625
0 0.64453125 0.003125 0.64453125 0.00625 0.66796875 0.00625 0.66796875 0.003125 0.64453125 0.003125
0 1.12890625 0.184375 1.12890625 0.1875 1.140625 0.1875 1.140625 0.184375 1.12890625 0.184375
0 1.1015625 0.646875 1.1015625 0.65 1.1171875 0.65 1.1171875 0.646875 1.1015625 0.646875
0 0.57421875 0.190625 0.57421875 0.19375 0.59375 0.19375 0.59375 0.190625 0.57421875 0.190625
0 0.4765625 0.528125 0.4765625 0.53125 0.515625 0.53125 0.515625 0.528125 0.4765625 0.528125
0 0.9765625 0.15625 0.9765625 0.159375 1.015625 0.159375 1.015625 0.15625 0.9765625 0.15625
0 1.11328125 0.159375 1.11328125 0.1625 1.12109375 0.1625 1.12109375 0.159375 1.11328125 0.159375
0 0.24609375 0.646875 0.24609375 0.65 0.25 0.65 0.25 0.646875 0.24609375 0.646875
0 0.890625 0.253125 0.890625 0.25625 0.921875 0.25625 0.921875 0.253125 0.890625 0.253125
0 1.078125 0.40625 1.078125 0.409375 1.11328125 0.409375 1.11328125 0.40625 1.078125 0.40625
0 0.26953125 0.453125 0.26953125 0.45625 0.3125 0.45625 0.3125 0.453125 0.26953125 0.453125
0 0.56640625 0.103125 0.56640625 0.10625 0.57421875 0.10625 0.57421875 0.103125 0.56640625 0.103125
0 0.80859375 0.5875 0.80859375 0.590625 0.828125 0.590625 0.828125 0.5875 0.80859375 0.5875
0 1.24609375 0.409375 1.24609375 0.4125 1.25 0.4125 1.25 0.409375 1.24609375 0.409375
0 0.6796875 0.121875 0.6796875 0.125 0.71875 0.125 0.71875 0.121875 0.6796875 0.121875
0 0.28515625 0.5875 0.28515625 0.590625 0.29296875 0.590625 0.29296875 0.5875 0.28515625 0.5875
0 0.05859375 0.309375 0.05859375 0.3125 0.07421875 0.3125 0.07421875 0.309375 0.05859375 0.309375
0 0.43359375 0.5625 0.43359375 0.565625 0.44140625 0.565625 0.44140625 0.5625 0.43359375 0.5625
0 0.08984375 0.1375 0.08984375 0.140625 0.09765625 0.140625 0.09765625 0.1375 0.08984375 0.1375
0 1.01953125 0.428125 1.01953125 0.43125 1.03515625 0.43125 1.03515625 0.428125 1.01953125 0.428125
0 0.83984375 0.18125 0.83984375 0.184375 0.85546875 0.184375 0.85546875 0.18125 0.83984375 0.18125
0 0.40625 0.378125 0.40625 0.38125 0.44140625 0.38125 0.44140625 0.378125 0.40625 0.378125
0 1.1328125 0.49375 1.1328125 0.496875 1.171875 0.496875 1.171875 0.49375 1.1328125 0.49375
0 0.3125 0.203125 0.3125 0.20625 0.3671875 0.20625 0.3671875 0.203125 0.3125 0.203125
0 0.15625 0.0 0.15625 0.003125 0.1953125 0.003125 0.1953125 0.0 0.15625 0.0
0 1.17578125 0.25625 1.17578125 0.259375 1.22265625 0.259375 1.22265625 0.25625 1.17578125 0.25625
0 0.37890625 0.78125 0.37890625 0.784375 0.390625 0.784375 0.390625 0.78125 0.37890625 0.78125
0 0.2734375 0.3375 0.2734375 0.340625 0.28125 0.340625 0.28125 0.3375 0.2734375 0.3375
0 0.48046875 0.2875 0.48046875 0.290625 0.52734375 0.290625 0.52734375 0.2875 0.48046875 0.2875
0 0.2265625 0.35625 0.2265625 0.359375 0.25390625 0.359375 0.25390625 0.35625 0.2265625 0.35625
0 0.015625 0.253125 0.015625 0.25625 0.0234375 0.25625 0.0234375 0.253125 0.015625 0.253125
0 1.11328125 0.665625 1.11328125 0.66875 1.125 0.66875 1.125 0.665625 1.11328125 0.665625
0 0.52734375 0.678125 0.52734375 0.68125 0.546875 0.68125 0.546875 0.678125 0.52734375 0.678125
0 0.3046875 0.36875 0.3046875 0.371875 0.3125 0.371875 0.3125 0.36875 0.3046875 0.36875
0 0.58203125 0.1 0.58203125 0.103125 0.61328125 0.103125 0.61328125 0.1 0.58203125 0.1