0 0.49609375 0.278125 0.49609375 0.28125 0.5234375 0.28125 0.5234375 0.278125 0.49609375 0.278125
0 0.890625 0.428125 0.890625 0.43125 0.9140625 0.43125 0.9140625 0.428125 0.890625 0.428125
0 0.46484375 0.76875 0.46484375 0.771875 0.48828125 0.771875 0.48828125 0.76875 0.46484375 0.76875
0 0.234375 0.671875 0.234375 0.675 0.25 0.675 0.25 0.671875 0.234375 0.671875
0 0.5859375 0.775 0.5859375 0.778125 0.59765625 0.778125 0.59765625 0.775 0.5859375 0.775
0 0.58984375 0.765625 0.58984375 0.76875 0.6171875 0.76875 0.6171875 0.765625 0.58984375 0.765625
0 0.80078125 0.0 0.80078125 0.003125 0.83203125 0.003125 0.83203125 0.0 0.80078125 0.0
0 0.89453125 0.753125 0.89453125 0.75625 0.91015625 0.75625 0.91015625 0.753125 0.89453125 0.753125
0 1.22265625 0.525 1.22265625 0.528125 1.25 0.528125 1.25 0.525 1.22265625 0.525
0 0.54296875 0.534375 0.54296875 0.5375 0.57421875 0.5375 0.57421875 0.534375 0.54296875 0.534375
0 0.125 0.365625 0.125 0.36875 0.1328125 0.36875 0.1328125 0.365625 0.125 0.365625
0 0.37109375 0.609375 0.37109375 0.6125 0.421875 0.6125 0.421875 0.609375 0.37109375 0.609375
0 0.46875 0.725 0.46875 0.728125 0.4921875 0.728125 0.4921875 0.725 0.46875 0.725
0 0.30078125 0.79375 0.30078125 0.796875 0.33203125 0.796875 0.33203125 0.79375 0.30078125 0.79375
0 0.6015625 0.534375 0.6015625 0.5375 0.61328125 0.5375 0.61328125 0.534375 0.6015625 0.534375
0 1.11328125 0.046875 1.11328125 0.05 1.140625 0.05 1.140625 0.046875 1.11328125 0.046875
0 1.09765625 0.0125 1.09765625 0.015625 1.10546875 0.015625 1.10546875 0.0125 1.09765625 0.0125
0 0.49609375 0.675 0.49609375 0.678125 0.50390625 0.678125 0.50390625 0.675 0.49609375 0.675
0 0.8125 0.359375 0.8125 0.3625 0.8359375 0.3625 0.8359375 0.359375 0.8125 0.359375
0 0.69921875 0.728125 0.69921875 0.73125 0.71875 0.73125 0.71875 0.728125 0.69921875 0.728125
0 1.06640625 0.328125 1.06640625 0.33125 1.10546875 0.33125 1.10546875 0.328125 1.06640625 0.328125
0 0.078125 0.54375 0.078125 0.546875 0.09765625 0.546875 0.09765625 0.54375 0.078125 0.54375
0 0.0 0.0 0.0 0.003125 0.02734375 0.003125 0.02734375 0.0 0.0 0.0
0 0.984375 0.034375 0.984375 0.0375 0.99609375 0.0375 0.99609375 0.034375 0.984375 0.034375
0 1.12109375 0.596875 1.12109375 0.6 1.12890625 0.6 1.12890625 0.596875 1.12109375 0.596875
0 0.44921875 0.228125 0.44921875 0.23125 0.4609375 0.23125 0.4609375 0.228125 0.44921875 0.228125
0 0.24609375 0.75625 0.24609375 0.759375 0.26171875 0.759375 0.26171875 0.75625 0.24609375 0.75625
0 0.73046875 0.259375 0.73046875 0.2625 0.7578125 0.2625 0.7578125 0.259375 0.73046875 0.259375
0 0.53515625 0.28125 0.53515625 0.284375 0.54296875 0.284375 0.54296875 0.28125 0.53515625 0.28125
0 1.0 0.675 1.0 0.678125 1.03125 0.678125 1.03125 0.675 1.0 0.675
0 0.0 0.76875 0.0 0.771875 0.015625 0.771875 0.015625 0.76875 0.0 0.76875
0 0.92578125 0.121875 0.92578125 0.125 0.93359375 0.125 0.93359375 0.121875 0.92578125 0.121875
0 0.58203125 0.015625 0.58203125 0.01875 0.59765625 0.01875 0.59765625 0.015625 0.58203125 0.015625
0 0.8359375 0.26875 0.8359375 0.271875 0.8671875 0.271875 0.8671875 0.26875 0.8359375 0.26875
0 0.15625 0.05 0.15625 0.053125 0.17578125 0.053125 0.17578125 0.05 0.15625 0.05
0 1.125 0.2875 1.125 0.290625 1.1484375 0.290625 1.1484375 0.2875 1.125 0.2875
0 0.4140625 0.10625 0.4140625 0.109375 0.44140625 0.109375 0.44140625 0.10625 0.4140625 0.10625
0 1.0546875 0.51875 1.0546875 0.521875 1.06640625 0.521875 1.06640625 0.51875 1.0546875 0.51875
0 0.57421875 0.703125 0.57421875 0.70625 0.62109375 0.70625 0.62109375 0.703125 0.57421875 0.703125
0 1.203125 0.06875 1.203125 0.071875 1.20703125 0.071875 1.20703125 0.06875 1.203125 0.06875
0 0.38671875 0.140625 0.38671875 0.14375 0.39453125 0.14375 0.39453125 0.140625 0.38671875 0.140625
0 0.75 0.390625 0.75 0.39375 0.75390625 0.39375 0.75390625 0.390625 0.75 0.390625
0 0.08203125 0.628125 0.08203125 0.63125 0.0859375 0.63125 0.0859375 0.628125 0.08203125 0.628125
0 1.12109375 0.246875 1.12109375 0.25 1.1484375 0.25 1.1484375 0.246875 1.12109375 0.246875
0 1.2421875 0.171875 1.2421875 0.175 1.25 0.175 1.25 0.171875 1.2421875 0.171875
0 0.703125 0.19375 0.703125 0.196875 0.734375 0.196875 0.734375 0.19375 0.703125 0.19375
0 0.7265625 0.3125 0.7265625 0.315625 0.7421875 0.315625 0.7421875 0.3125 0.7265625 0.3125
0 0.36328125 0.775 0.36328125 0.778125 0.37890625 0.778125 0.37890625 0.775 0.36328125 0.775
0 0.765625 0.515625 0.765625 0.51875 0.78515625 0.51875 0.78515625 0.515625 0.765625 0.515625
0 1.01171875 0.5375 1.01171875 0.540625 1.02734375 0.540625 1.02734375 0.5375 1.01171875 0.5375
0 0.11328125 0.19375 0.11328125 0.196875 0.125 0.196875 0.125 0.19375 0.11328125 0.19375
0 0.07421875 0.0125 0.07421875 0.015625 0.08203125 0.015625 0.08203125 0.0125 0.07421875 0.0125
0 0.36328125 0.303125 0.36328125 0.30625 0.40625 0.30625 0.40625 0.303125 0.36328125 0.303125
0 0.70703125 0.178125 0.70703125 0.18125 0.71875 0.18125 0.71875 0.178125 0.70703125 0.178125
0 0.2578125 0.065625 0.2578125 0.06875 0.27734375 0.06875 0.27734375 0.065625 0.2578125 0.065625
0 0.6328125 0.16875 0.6328125 0.171875 0.6640625 0.171875 0.6640625 0.16875 0.6328125 0.16875
0 0.30078125 0.0 0.30078125 0.003125 0.41015625 0.003125 0.41015625 0.0 0.30078125 0.0
0 1.0390625 0.003125 1.0390625 0.00625 1.05859375 0.00625 1.05859375 0.003125 1.0390625 0.003125
0 0.37109375 0.603125 0.37109375 0.60625 0.390625 0.60625 0.390625 0.603125 0.37109375 0.603125
0 0.62109375 0.09375 0.62109375 0.096875 0.6328125 0.096875 0.6328125 0.09375 0.62109375 0.09375
0 0.875 0.253125 0.875 0.25625 0.8984375 0.25625 0.8984375 0.253125 0.875 0.253125
0 0.765625 0.14375 0.765625 0.146875 0.78515625 0.146875 0.78515625 0.14375 0.765625 0.14375
0 0.703125 0.365625 0.703125 0.36875 0.7109375 0.36875 0.7109375 0.365625 0.703125 0.365625
0 0.5234375 0.04375 0.5234375 0.046875 0.53125 0.046875 0.53125 0.04375 0.5234375 0.04375
0 0.4375 0.4 0.4375 0.403125 0.4453125 0.403125 0.4453125 0.4 0.4375 0.4
0 1.16796875 0.690625 1.16796875 0.69375 1.1875 0.69375 1.1875 0.690625 1.16796875 0.690625
0 1.21875 0.7625 1.21875 0.765625 1.234375 0.765625 1.234375 0.7625 1.21875 0.7625
0 0.984375 0.746875 0.984375 0.75 0.99609375 0.75 0.99609375 0.746875 0.984375 0.746875
0 0.203125 0.03125 0.203125 0.034375 0.2109375 0.034375 0.2109375 0.03125 0.203125 0.03125
0 0.453125 0.453125 0.453125 0.45625 0.47265625 0.45625 0.47265625 0.453125 0.453125 0.453125
0 0.0390625 0.425 0.0390625 0.428125 0.0703125 0.428125 0.0703125 0.425 0.0390625 0.425
0 0.58984375 0.35625 0.58984375 0.359375 0.609375 0.359375 0.609375 0.35625 0.58984375 0.35625
0 1.171875 0.25625 1.171875 0.259375 1.19140625 0.259375 1.19140625 0.25625 1.171875 0.25625
0 0.58984375 0.596875 0.58984375 0.6 0.60546875 0.6 0.60546875 0.596875 0.58984375 0.596875
0 0.94140625 0.0 0.94140625 0.003125 0.96875 0.003125 0.96875 0.0 0.94140625 0.0
0 0.58203125 0.153125 0.58203125 0.15625 0.59765625 0.15625 0.59765625 0.153125 0.58203125 0.153125