0 0.8 0.49712643678160917 0.8 0.4985632183908046 0.8192307692307692 0.4985632183908046 0.8192307692307692 0.49712643678160917 0.8 0.49712643678160917
0 0.4307692307692308 0.21695402298850575 0.4307692307692308 0.21839080459770116 0.4519230769230769 0.21839080459770116 0.4519230769230769 0.21695402298850575 0.4307692307692308 0.21695402298850575
0 0.47307692307692306 0.5344827586206896 0.47307692307692306 0.5359195402298851 0.4846153846153846 0.5359195402298851 0.4846153846153846 0.5344827586206896 0.47307692307692306 0.5344827586206896
0 0.7538461538461538 0.0 0.7538461538461538 0.0014367816091954023 0.7884615384615384 0.0014367816091954023 0.7884615384615384 0.0 0.7538461538461538 0.0
0 1.198076923076923 0.6795977011494253 1.198076923076923 0.6810344827586207 1.2038461538461538 0.6810344827586207 1.2038461538461538 0.6795977011494253 1.198076923076923 0.6795977011494253
0 0.12307692307692308 0.12643678160919541 0.12307692307692308 0.1278735632183908 0.12884615384615383 0.1278735632183908 0.12884615384615383 0.12643678160919541 0.12307692307692308 0.12643678160919541
0 0.225 0.3692528735632184 0.225 0.3706896551724138 0.23461538461538461 0.3706896551724138 0.23461538461538461 0.3692528735632184 0.225 0.3692528735632184
0 0.07307692307692308 0.4942528735632184 0.07307692307692308 0.4956896551724138 0.08846153846153847 0.4956896551724138 0.08846153846153847 0.4942528735632184 0.07307692307692308 0.4942528735632184
0 1.1384615384615384 0.45977011494252873 1.1384615384615384 0.46120689655172414 1.1538461538461537 0.46120689655172414 1.1538461538461537 0.45977011494252873 1.1384615384615384 0.45977011494252873
0 0.5480769230769231 0.5589080459770115 0.5480769230769231 0.5603448275862069 0.5615384615384615 0.5603448275862069 0.5615384615384615 0.5589080459770115 0.5480769230769231 0.5589080459770115
0 0.7346153846153847 0.4324712643678161 0.7346153846153847 0.4339080459770115 0.7384615384615385 0.4339080459770115 0.7384615384615385 0.4324712643678161 0.7346153846153847 0.4324712643678161
0 1.146153846153846 0.06896551724137931 1.146153846153846 0.07040229885057471 1.1576923076923078 0.07040229885057471 1.1576923076923078 0.06896551724137931 1.146153846153846 0.06896551724137931
0 0.3153846153846154 0.37787356321839083 0.3153846153846154 0.3793103448275862 0.3192307692307692 0.3793103448275862 0.3192307692307692 0.37787356321839083 0.3153846153846154 0.37787356321839083
0 1.248076923076923 0.04885057471264368 1.248076923076923 0.05028735632183908 1.2692307692307692 0.05028735632183908 1.2692307692307692 0.04885057471264368 1.248076923076923 0.04885057471264368
0 0.3576923076923077 0.7298850574712644 0.3576923076923077 0.7313218390804598 0.38076923076923075 0.7313218390804598 0.38076923076923075 0.7298850574712644 0.3576923076923077 0.7298850574712644
0 0.43846153846153846 0.6077586206896551 0.43846153846153846 0.6091954022988506 0.4596153846153846 0.6091954022988506 0.4596153846153846 0.6077586206896551 0.43846153846153846 0.6077586206896551
0 1.1 0.7040229885057471 1.1 0.7054597701149425 1.1115384615384616 0.7054597701149425 1.1115384615384616 0.7040229885057471 1.1 0.7040229885057471
0 0.9384615384615385 0.2801724137931034 0.9384615384615385 0.28160919540229884 0.9461538461538461 0.28160919540229884 0.9461538461538461 0.2801724137931034 0.9384615384615385 0.2801724137931034
0 0.9192307692307692 0.1781609195402299 0.9192307692307692 0.17959770114942528 0.9346153846153846 0.17959770114942528 0.9346153846153846 0.1781609195402299 0.9192307692307692 0.1781609195402299
0 0.6711538461538461 0.0 0.6711538461538461 0.0014367816091954023 0.7173076923076923 0.0014367816091954023 0.7173076923076923 0.0 0.6711538461538461 0.0
0 0.5480769230769231 0.16235632183908047 0.5480769230769231 0.16379310344827586 0.5538461538461539 0.16379310344827586 0.5538461538461539 0.16235632183908047 0.5480769230769231 0.16235632183908047
0 1.2769230769230768 0.6494252873563219 1.2769230769230768 0.6508620689655172 1.2865384615384616 0.6508620689655172 1.2865384615384616 0.6494252873563219 1.2769230769230768 0.6494252873563219
0 0.7 0.6939655172413793 0.7 0.6954022988505747 0.7307692307692307 0.6954022988505747 0.7307692307692307 0.6939655172413793 0.7 0.6939655172413793
0 1.2442307692307693 0.031609195402298854 1.2442307692307693 0.033045977011494254 1.2653846153846153 0.033045977011494254 1.2653846153846153 0.031609195402298854 1.2442307692307693 0.031609195402298854
0 1.2192307692307693 0.2988505747126437 1.2192307692307693 0.30028735632183906 1.2346153846153847 0.30028735632183906 1.2346153846153847 0.2988505747126437 1.2192307692307693 0.2988505747126437
0 0.38461538461538464 0.4813218390804598 0.38461538461538464 0.4827586206896552 0.4 0.4827586206896552 0.4 0.4813218390804598 0.38461538461538464 0.4813218390804598
0 0.6961538461538461 0.13936781609195403 0.6961538461538461 0.14080459770114942 0.7173076923076923 0.14080459770114942 0.7173076923076923 0.13936781609195403 0.6961538461538461 0.13936781609195403
0 1.1307692307692307 0.26436781609195403 1.1307692307692307 0.26580459770114945 1.15 0.26580459770114945 1.15 0.26436781609195403 1.1307692307692307 0.26436781609195403
0 1.3038461538461539 0.28448275862068967 1.3038461538461539 0.2859195402298851 1.3115384615384615 0.2859195402298851 1.3115384615384615 0.28448275862068967 1.3038461538461539 0.28448275862068967
0 0.9692307692307692 0.39798850574712646 0.9692307692307692 0.3994252873563218 0.9788461538461538 0.3994252873563218 0.9788461538461538 0.39798850574712646 0.9692307692307692 0.39798850574712646
0 0.5826923076923077 0.5316091954022989 0.5826923076923077 0.5330459770114943 0.5961538461538461 0.5330459770114943 0.5961538461538461 0.5316091954022989 0.5826923076923077 0.5316091954022989
0 0.6038461538461538 0.6149425287356322 0.6038461538461538 0.6163793103448276 0.6096153846153847 0.6163793103448276 0.6096153846153847 0.6149425287356322 0.6038461538461538 0.6149425287356322
0 0.8384615384615385 0.4813218390804598 0.8384615384615385 0.4827586206896552 0.8423076923076923 0.4827586206896552 0.8423076923076923 0.4813218390804598 0.8384615384615385 0.4813218390804598
0 0.18269230769230768 0.5201149425287356 0.18269230769230768 0.521551724137931 0.19038461538461537 0.521551724137931 0.19038461538461537 0.5201149425287356 0.18269230769230768 0.5201149425287356
0 1.1557692307692307 0.015804597701149427 1.1557692307692307 0.017241379310344827 1.1673076923076924 0.017241379310344827 1.1673076923076924 0.015804597701149427 1.1557692307692307 0.015804597701149427
0 1.0115384615384615 0.5718390804597702 1.0115384615384615 0.5732758620689655 1.0173076923076922 0.5732758620689655 1.0173076923076922 0.5718390804597702 1.0115384615384615 0.5718390804597702
0 1.0769230769230769 0.21120689655172414 1.0769230769230769 0.21264367816091953 1.0884615384615384 0.21264367816091953 1.0884615384615384 0.21120689655172414 1.0769230769230769 0.21120689655172414
0 1.0788461538461538 0.40086206896551724 1.0788461538461538 0.40229885057471265 1.0884615384615384 0.40229885057471265 1.0884615384615384 0.40086206896551724 1.0788461538461538 0.40086206896551724
0 0.11153846153846154 0.08333333333333333 0.11153846153846154 0.08477011494252873 0.125 0.08477011494252873 0.125 0.08333333333333333 0.11153846153846154 0.08333333333333333
0 1.126923076923077 0.4482758620689655 1.126923076923077 0.44971264367816094 1.1384615384615384 0.44971264367816094 1.1384615384615384 0.4482758620689655 1.126923076923077 0.4482758620689655
0 0.225 0.39798850574712646 0.225 0.3994252873563218 0.23461538461538461 0.3994252873563218 0.23461538461538461 0.39798850574712646 0.225 0.39798850574712646
0 0.8057692307692308 0.5474137931034483 0.8057692307692308 0.5488505747126436 0.8192307692307692 0.5488505747126436 0.8192307692307692 0.5474137931034483 0.8057692307692308 0.5474137931034483
0 0.7384615384615385 0.6336206896551724 0.7384615384615385 0.6350574712643678 0.7442307692307693 0.6350574712643678 0.7442307692307693 0.6336206896551724 0.7384615384615385 0.6336206896551724
0 1.1846153846153846 0.34339080459770116 1.1846153846153846 0.3448275862068966 1.1961538461538461 0.3448275862068966 1.1961538461538461 0.34339080459770116 1.1846153846153846 0.34339080459770116
0 0.6942307692307692 0.6494252873563219 0.6942307692307692 0.6508620689655172 0.7076923076923077 0.6508620689655172 0.7076923076923077 0.6494252873563219 0.6942307692307692 0.6494252873563219
0 0.22884615384615384 0.5646551724137931 0.22884615384615384 0.5660919540229885 0.24423076923076922 0.5660919540229885 0.24423076923076922 0.5646551724137931 0.22884615384615384 0.5646551724137931
0 0.3211538461538462 0.3117816091954023 0.3211538461538462 0.3132183908045977 0.325 0.3132183908045977 0.325 0.3117816091954023 0.3211538461538462 0.3117816091954023
0 0.9019230769230769 0.6566091954022989 0.9019230769230769 0.6580459770114943 0.9115384615384615 0.6580459770114943 0.9115384615384615 0.6566091954022989 0.9019230769230769 0.6566091954022989
0 0.4403846153846154 0.27298850574712646 0.4403846153846154 0.2744252873563218 0.4596153846153846 0.2744252873563218 0.4596153846153846 0.27298850574712646 0.4403846153846154 0.27298850574712646
0 0.225 0.14080459770114942 0.225 0.14224137931034483 0.2403846153846154 0.14224137931034483 0.2403846153846154 0.14080459770114942 0.225 0.14080459770114942
0 0.12115384615384615 0.022988505747126436 0.12115384615384615 0.02442528735632184 0.13076923076923078 0.02442528735632184 0.13076923076923078 0.022988505747126436 0.12115384615384615 0.022988505747126436
0 0.9673076923076923 0.14367816091954022 0.9673076923076923 0.14511494252873564 0.9923076923076923 0.14511494252873564 0.9923076923076923 0.14367816091954022 0.9673076923076923 0.14367816091954022
0 0.6442307692307693 0.15086206896551724 0.6442307692307693 0.15229885057471265 0.6596153846153846 0.15229885057471265 0.6596153846153846 0.15086206896551724 0.6442307692307693 0.15086206896551724
0 0.8865384615384615 0.07471264367816093 0.8865384615384615 0.07614942528735633 0.8942307692307693 0.07614942528735633 0.8942307692307693 0.07471264367816093 0.8865384615384615 0.07471264367816093
0 0.5096153846153846 0.5086206896551724 0.5096153846153846 0.5100574712643678 0.5211538461538462 0.5100574712643678 0.5211538461538462 0.5086206896551724 0.5096153846153846 0.5086206896551724
0 0.3326923076923077 0.4224137931034483 0.3326923076923077 0.4238505747126437 0.34807692307692306 0.4238505747126437 0.34807692307692306 0.4224137931034483 0.3326923076923077 0.4224137931034483
0 1.1846153846153846 0.7227011494252874 1.1846153846153846 0.7241379310344828 1.1942307692307692 0.7241379310344828 1.1942307692307692 0.7227011494252874 1.1846153846153846 0.7227011494252874
0 1.1692307692307693 0.6522988505747126 1.1692307692307693 0.6537356321839081 1.1884615384615385 0.6537356321839081 1.1884615384615385 0.6522988505747126 1.1692307692307693 0.6522988505747126
0 1.2942307692307693 0.1968390804597701 1.2942307692307693 0.19827586206896552 1.2980769230769231 0.19827586206896552 1.2980769230769231 0.1968390804597701 1.2942307692307693 0.1968390804597701
0 0.6961538461538461 0.43103448275862066 0.6961538461538461 0.4324712643678161 0.7230769230769231 0.4324712643678161 0.7230769230769231 0.43103448275862066 0.6961538461538461 0.43103448275862066
0 0.4673076923076923 0.3692528735632184 0.4673076923076923 0.3706896551724138 0.49423076923076925 0.3706896551724138 0.49423076923076925 0.3692528735632184 0.4673076923076923 0.3692528735632184
0 0.5423076923076923 0.5890804597701149 0.5423076923076923 0.5905172413793104 0.551923076923077 0.5905172413793104 0.551923076923077 0.5890804597701149 0.5423076923076923 0.5890804597701149
0 1.25 0.041666666666666664 1.25 0.04310344827586207 1.2615384615384615 0.04310344827586207 1.2615384615384615 0.041666666666666664 1.25 0.041666666666666664
0 0.1326923076923077 0.5114942528735632 0.1326923076923077 0.5129310344827587 0.14423076923076922 0.5129310344827587 0.14423076923076922 0.5114942528735632 0.1326923076923077 0.5114942528735632
0 0.9884615384615385 0.6666666666666666 0.9884615384615385 0.6681034482758621 0.9961538461538462 0.6681034482758621 0.9961538461538462 0.6666666666666666 0.9884615384615385 0.6666666666666666
0 0.7673076923076924 0.5589080459770115 0.7673076923076924 0.5603448275862069 0.7826923076923077 0.5603448275862069 0.7826923076923077 0.5589080459770115 0.7673076923076924 0.5589080459770115
0 1.2134615384615384 0.603448275862069 1.2134615384615384 0.6048850574712644 1.228846153846154 0.6048850574712644 1.228846153846154 0.603448275862069 1.2134615384615384 0.603448275862069
0 0.9903846153846154 0.09339080459770115 0.9903846153846154 0.09482758620689655 0.9942307692307693 0.09482758620689655 0.9942307692307693 0.09339080459770115 0.9903846153846154 0.09339080459770115
0 0.5423076923076923 0.39511494252873564 0.5423076923076923 0.39655172413793105 0.551923076923077 0.39655172413793105 0.551923076923077 0.39511494252873564 0.5423076923076923 0.39511494252873564
0 1.0134615384615384 0.4583333333333333 1.0134615384615384 0.45977011494252873 1.023076923076923 0.45977011494252873 1.023076923076923 0.4583333333333333 1.0134615384615384 0.4583333333333333
0 0.8 0.639367816091954 0.8 0.6408045977011494 0.8038461538461539 0.6408045977011494 0.8038461538461539 0.639367816091954 0.8 0.639367816091954
0 1.2942307692307693 0.2442528735632184 1.2942307692307693 0.24568965517241378 1.3057692307692308 0.24568965517241378 1.3057692307692308 0.2442528735632184 1.2942307692307693 0.2442528735632184
0 1.3288461538461538 0.639367816091954 1.3288461538461538 0.6408045977011494 1.3365384615384615 0.6408045977011494 1.3365384615384615 0.639367816091954 1.3288461538461538 0.639367816091954
0 0.15384615384615385 0.6379310344827587 0.15384615384615385 0.639367816091954 0.16346153846153846 0.639367816091954 0.16346153846153846 0.6379310344827587 0.15384615384615385 0.6379310344827587
0 0.47884615384615387 0.6436781609195402 0.47884615384615387 0.6451149425287356 0.5 0.6451149425287356 0.5 0.6436781609195402 0.47884615384615387 0.6436781609195402
0 0.0019230769230769232 0.742816091954023 0.0019230769230769232 0.7442528735632183 0.015384615384615385 0.7442528735632183 0.015384615384615385 0.742816091954023 0.0019230769230769232 0.742816091954023
0 1.001923076923077 0.06609195402298851 1.001923076923077 0.06752873563218391 1.0115384615384615 0.06752873563218391 1.0115384615384615 0.06609195402298851 1.001923076923077 0.06609195402298851
0 0.25769230769230766 0.35488505747126436 0.25769230769230766 0.3563218390804598 0.27115384615384613 0.3563218390804598 0.27115384615384613 0.35488505747126436 0.25769230769230766 0.35488505747126436
0 0.775 0.29310344827586204 0.775 0.29454022988505746 0.7846153846153846 0.29454022988505746 0.7846153846153846 0.29310344827586204 0.775 0.29310344827586204
0 0.18076923076923077 0.38936781609195403 0.18076923076923077 0.39080459770114945 0.18461538461538463 0.39080459770114945 0.18461538461538463 0.38936781609195403 0.18076923076923077 0.38936781609195403
0 0.9653846153846154 0.014367816091954023 0.9653846153846154 0.015804597701149427 0.9711538461538461 0.015804597701149427 0.9711538461538461 0.014367816091954023 0.9653846153846154 0.014367816091954023
0 0.046153846153846156 0.26580459770114945 0.046153846153846156 0.2672413793103448 0.057692307692307696 0.2672413793103448 0.057692307692307696 0.26580459770114945 0.046153846153846156 0.26580459770114945
0 0.9326923076923077 0.5761494252873564 0.9326923076923077 0.5775862068965517 0.9461538461538461 0.5775862068965517 0.9461538461538461 0.5761494252873564 0.9326923076923077 0.5761494252873564
0 1.1557692307692307 0.5258620689655172 1.1557692307692307 0.5272988505747126 1.1615384615384616 0.5272988505747126 1.1615384615384616 0.5258620689655172 1.1557692307692307 0.5258620689655172
0 0.4461538461538462 0.3045977011494253 0.4461538461538462 0.30603448275862066 0.4596153846153846 0.30603448275862066 0.4596153846153846 0.3045977011494253 0.4461538461538462 0.3045977011494253
0 0.5807692307692308 0.6925287356321839 0.5807692307692308 0.6939655172413793 0.625 0.6939655172413793 0.625 0.6925287356321839 0.5807692307692308 0.6925287356321839
0 0.8961538461538462 0.5646551724137931 0.8961538461538462 0.5660919540229885 0.9115384615384615 0.5660919540229885 0.9115384615384615 0.5646551724137931 0.8961538461538462 0.5646551724137931
0 0.5211538461538462 0.4367816091954023 0.5211538461538462 0.4382183908045977 0.5384615384615384 0.4382183908045977 0.5384615384615384 0.4367816091954023 0.5211538461538462 0.4367816091954023
0 0.16346153846153846 0.6077586206896551 0.16346153846153846 0.6091954022988506 0.1673076923076923 0.6091954022988506 0.1673076923076923 0.6077586206896551 0.16346153846153846 0.6077586206896551
0 0.2865384615384615 0.06752873563218391 0.2865384615384615 0.06896551724137931 0.2980769230769231 0.06896551724137931 0.2980769230769231 0.06752873563218391 0.2865384615384615 0.06752873563218391
0 0.3403846153846154 0.25 0.3403846153846154 0.2514367816091954 0.35192307692307695 0.2514367816091954 0.35192307692307695 0.25 0.3403846153846154 0.25
0 0.14423076923076922 0.5862068965517241 0.14423076923076922 0.5876436781609196 0.15384615384615385 0.5876436781609196 0.15384615384615385 0.5862068965517241 0.14423076923076922 0.5862068965517241
0 0.8480769230769231 0.09770114942528736 0.8480769230769231 0.09913793103448276 0.8557692307692307 0.09913793103448276 0.8557692307692307 0.09770114942528736 0.8480769230769231 0.09770114942528736
0 0.7365384615384616 0.19827586206896552 0.7365384615384616 0.1997126436781609 0.7461538461538462 0.1997126436781609 0.7461538461538462 0.19827586206896552 0.7365384615384616 0.19827586206896552
0 0.7788461538461539 0.4511494252873563 0.7788461538461539 0.4525862068965517 0.7923076923076923 0.4525862068965517 0.7923076923076923 0.4511494252873563 0.7788461538461539 0.4511494252873563
0 0.8480769230769231 0.23563218390804597 0.8480769230769231 0.23706896551724138 0.8596153846153847 0.23706896551724138 0.8596153846153847 0.23563218390804597 0.8480769230769231 0.23563218390804597
0 0.27307692307692305 0.1221264367816092 0.27307692307692305 0.1235632183908046 0.2865384615384615 0.1235632183908046 0.2865384615384615 0.1221264367816092 0.27307692307692305 0.1221264367816092
0 1.2 0.21120689655172414 1.2 0.21264367816091953 1.2096153846153845 0.21264367816091953 1.2096153846153845 0.21120689655172414 1.2 0.21120689655172414
0 0.3384615384615385 0.46551724137931033 0.3384615384615385 0.46695402298850575 0.3423076923076923 0.46695402298850575 0.3423076923076923 0.46551724137931033 0.3384615384615385 0.46551724137931033
0 0.7384615384615385 0.44396551724137934 0.7384615384615385 0.4454022988505747 0.7557692307692307 0.4454022988505747 0.7557692307692307 0.44396551724137934 0.7384615384615385 0.44396551724137934
0 0.5576923076923077 0.7442528735632183 0.5576923076923077 0.7456896551724138 0.5711538461538461 0.7456896551724138 0.5711538461538461 0.7442528735632183 0.5576923076923077 0.7442528735632183
0 0.85 0.735632183908046 0.85 0.7370689655172413 0.8576923076923076 0.7370689655172413 0.8576923076923076 0.735632183908046 0.85 0.735632183908046
0 1.2230769230769232 0.4353448275862069 1.2230769230769232 0.4367816091954023 1.2384615384615385 0.4367816091954023 1.2384615384615385 0.4353448275862069 1.2230769230769232 0.4353448275862069
0 0.07692307692307693 0.7112068965517241 0.07692307692307693 0.7126436781609196 0.09615384615384616 0.7126436781609196 0.09615384615384616 0.7112068965517241 0.07692307692307693 0.7112068965517241
0 0.6365384615384615 0.6192528735632183 0.6365384615384615 0.6206896551724138 0.6538461538461539 0.6206896551724138 0.6538461538461539 0.6192528735632183 0.6365384615384615 0.6192528735632183
0 0.5846153846153846 0.08908045977011494 0.5846153846153846 0.09051724137931035 0.6 0.09051724137931035 0.6 0.08908045977011494 0.5846153846153846 0.08908045977011494
0 0.38653846153846155 0.6752873563218391 0.38653846153846155 0.6767241379310345 0.4 0.6767241379310345 0.4 0.6752873563218391 0.38653846153846155 0.6752873563218391
0 1.1423076923076922 0.6307471264367817 1.1423076923076922 0.632183908045977 1.1615384615384616 0.632183908045977 1.1615384615384616 0.6307471264367817 1.1423076923076922 0.6307471264367817
0 0.225 0.0 0.225 0.0014367816091954023 0.2903846153846154 0.0014367816091954023 0.2903846153846154 0.0 0.225 0.0
0 0.9884615384615385 0.25 0.9884615384615385 0.2514367816091954 0.9942307692307693 0.2514367816091954 0.9942307692307693 0.25 0.9884615384615385 0.25
0 0.4461538461538462 0.41810344827586204 0.4461538461538462 0.41954022988505746 0.46153846153846156 0.41954022988505746 0.46153846153846156 0.41810344827586204 0.4461538461538462 0.41810344827586204
0 0.5788461538461539 0.5431034482758621 0.5788461538461539 0.5445402298850575 0.5903846153846154 0.5445402298850575 0.5903846153846154 0.5431034482758621 0.5788461538461539 0.5431034482758621
0 0.7557692307692307 0.5704022988505747 0.7557692307692307 0.5718390804597702 0.7673076923076924 0.5718390804597702 0.7673076923076924 0.5704022988505747 0.7557692307692307 0.5704022988505747
0 1.3076923076923077 0.4468390804597701 1.3076923076923077 0.4482758620689655 1.3173076923076923 0.4482758620689655 1.3173076923076923 0.4468390804597701 1.3076923076923077 0.4468390804597701
0 1.1307692307692307 0.5172413793103449 1.1307692307692307 0.5186781609195402 1.148076923076923 0.5186781609195402 1.148076923076923 0.5172413793103449 1.1307692307692307 0.5172413793103449
0 0.8961538461538462 0.021551724137931036 0.8961538461538462 0.022988505747126436 0.9019230769230769 0.022988505747126436 0.9019230769230769 0.021551724137931036 0.8961538461538462 0.021551724137931036
0 0.6 0.3563218390804598 0.6 0.3577586206896552 0.6038461538461538 0.3577586206896552 0.6038461538461538 0.3563218390804598 0.6 0.3563218390804598
0 0.009615384615384616 0.5890804597701149 0.009615384615384616 0.5905172413793104 0.021153846153846155 0.5905172413793104 0.021153846153846155 0.5890804597701149 0.009615384615384616 0.5890804597701149
0 0.0038461538461538464 0.4942528735632184 0.0038461538461538464 0.4956896551724138 0.007692307692307693 0.4956896551724138 0.007692307692307693 0.4942528735632184 0.0038461538461538464 0.4942528735632184
0 0.18653846153846154 0.14224137931034483 0.18653846153846154 0.14367816091954022 0.19807692307692307 0.14367816091954022 0.19807692307692307 0.14224137931034483 0.18653846153846154 0.14224137931034483
0 0.8807692307692307 0.5632183908045977 0.8807692307692307 0.5646551724137931 0.8903846153846153 0.5646551724137931 0.8903846153846153 0.5632183908045977 0.8807692307692307 0.5632183908045977
0 0.35192307692307695 0.6580459770114943 0.35192307692307695 0.6594827586206896 0.3557692307692308 0.6594827586206896 0.3557692307692308 0.6580459770114943 0.35192307692307695 0.6580459770114943
0 0.525 0.35344827586206895 0.525 0.35488505747126436 0.5384615384615384 0.35488505747126436 0.5384615384615384 0.35344827586206895 0.525 0.35344827586206895
0 0.823076923076923 0.41954022988505746 0.823076923076923 0.4209770114942529 0.8288461538461539 0.4209770114942529 0.8288461538461539 0.41954022988505746 0.823076923076923 0.41954022988505746
0 0.3019230769230769 0.09051724137931035 0.3019230769230769 0.09195402298850575 0.31153846153846154 0.09195402298850575 0.31153846153846154 0.09051724137931035 0.3019230769230769 0.09051724137931035
0 0.12307692307692308 0.4540229885057471 0.12307692307692308 0.45545977011494254 0.13076923076923078 0.45545977011494254 0.13076923076923078 0.4540229885057471 0.12307692307692308 0.4540229885057471
0 0.31346153846153846 0.610632183908046 0.31346153846153846 0.6120689655172413 0.32884615384615384 0.6120689655172413 0.32884615384615384 0.610632183908046 0.31346153846153846 0.610632183908046
0 0.3326923076923077 0.16954022988505746 0.3326923076923077 0.17097701149425287 0.3423076923076923 0.17097701149425287 0.3423076923076923 0.16954022988505746 0.3326923076923077 0.16954022988505746
0 1.0 0.04597701149425287 1.0 0.04741379310344827 1.0134615384615384 0.04741379310344827 1.0134615384615384 0.04597701149425287 1.0 0.04597701149425287
0 0.7096153846153846 0.3045977011494253 0.7096153846153846 0.30603448275862066 0.7288461538461538 0.30603448275862066 0.7288461538461538 0.3045977011494253 0.7096153846153846 0.3045977011494253
0 1.2384615384615385 0.7341954022988506 1.2384615384615385 0.735632183908046 1.248076923076923 0.735632183908046 1.248076923076923 0.7341954022988506 1.2384615384615385 0.7341954022988506
0 0.6519230769230769 0.40229885057471265 0.6519230769230769 0.40373563218390807 0.6692307692307692 0.40373563218390807 0.6692307692307692 0.40229885057471265 0.6519230769230769 0.40229885057471265
0 1.021153846153846 0.1925287356321839 1.021153846153846 0.1939655172413793 1.025 0.1939655172413793 1.025 0.1925287356321839 1.021153846153846 0.1925287356321839
0 1.1442307692307692 0.007183908045977011 1.1442307692307692 0.008620689655172414 1.1557692307692307 0.008620689655172414 1.1557692307692307 0.007183908045977011 1.1442307692307692 0.007183908045977011
0 0.07692307692307693 0.05028735632183908 0.07692307692307693 0.05172413793103448 0.08461538461538462 0.05172413793103448 0.08461538461538462 0.05028735632183908 0.07692307692307693 0.05028735632183908