0 0.078125 0.50625 0.078125 0.509375 0.08984375 0.509375 0.08984375 0.50625 0.078125 0.50625
0 0.2734375 0.45625 0.2734375 0.459375 0.28125 0.459375 0.28125 0.45625 0.2734375 0.45625
0 0.11328125 0.78125 0.11328125 0.784375 0.1796875 0.784375 0.1796875 0.78125 0.11328125 0.78125
0 0.23046875 0.10625 0.23046875 0.109375 0.24609375 0.109375 0.24609375 0.10625 0.23046875 0.10625
0 1.1796875 0.621875 1.1796875 0.625 1.19921875 0.625 1.19921875 0.621875 1.1796875 0.621875
0 1.2265625 0.184375 1.2265625 0.1875 1.2421875 0.1875 1.2421875 0.184375 1.2265625 0.184375
0 0.96875 0.671875 0.96875 0.675 1.00390625 0.675 1.00390625 0.671875 0.96875 0.671875
0 0.34375 0.73125 0.34375 0.734375 0.4375 0.734375 0.4375 0.73125 0.34375 0.73125
0 1.00390625 0.65625 1.00390625 0.659375 1.0234375 0.659375 1.0234375 0.65625 1.00390625 0.65625
0 1.1171875 0.309375 1.1171875 0.3125 1.140625 0.3125 1.140625 0.309375 1.1171875 0.309375
0 0.2109375 0.784375 0.2109375 0.7875 0.24609375 0.7875 0.24609375 0.784375 0.2109375 0.784375
0 0.984375 0.028125 0.984375 0.03125 0.99609375 0.03125 0.99609375 0.028125 0.984375 0.028125
0 1.0390625 0.359375 1.0390625 0.3625 1.078125 0.3625 1.078125 0.359375 1.0390625 0.359375
0 0.34375 0.68125 0.34375 0.684375 0.39453125 0.684375 0.39453125 0.68125 0.34375 0.68125
0 0.29296875 0.640625 0.29296875 0.64375 0.359375 0.64375 0.359375 0.640625 0.29296875 0.640625
0 0.36328125 0.39375 0.36328125 0.396875 0.375 0.396875 0.375 0.39375 0.36328125 0.39375
0 0.26171875 0.69375 0.26171875 0.696875 0.29296875 0.696875 0.29296875 0.69375 0.26171875 0.69375
0 0.1484375 0.69375 0.1484375 0.696875 0.16015625 0.696875 0.16015625 0.69375 0.1484375 0.69375
0 0.89453125 0.4875 0.89453125 0.490625 0.91015625 0.490625 0.91015625 0.4875 0.89453125 0.4875
0 0.125 0.74375 0.125 0.746875 0.15234375 0.746875 0.15234375 0.74375 0.125 0.74375
0 0.49609375 0.528125 0.49609375 0.53125 0.55859375 0.53125 0.55859375 0.528125 0.49609375 0.528125
0 0.8046875 0.6375 0.8046875 0.640625 0.82421875 0.640625 0.82421875 0.6375 0.8046875 0.6375
0 0.484375 0.39375 0.484375 0.396875 0.5 0.396875 0.5 0.39375 0.484375 0.39375
0 0.58984375 0.525 0.58984375 0.528125 0.609375 0.528125 0.609375 0.525 0.58984375 0.525
0 0.19921875 0.559375 0.19921875 0.5625 0.2109375 0.5625 0.2109375 0.559375 0.19921875 0.559375
0 0.42578125 0.45 0.42578125 0.453125 0.45703125 0.453125 0.45703125 0.45 0.42578125 0.45
0 0.7265625 0.396875 0.7265625 0.4 0.765625 0.4 0.765625 0.396875 0.7265625 0.396875
0 0.90625 0.63125 0.90625 0.634375 0.921875 0.634375 0.921875 0.63125 0.90625 0.63125
0 0.7421875 0.771875 0.7421875 0.775 0.7734375 0.775 0.7734375 0.771875 0.7421875 0.771875
0 0.23828125 0.709375 0.23828125 0.7125 0.25 0.7125 0.25 0.709375 0.23828125 0.709375
0 0.23046875 0.659375 0.23046875 0.6625 0.24609375 0.6625 0.24609375 0.659375 0.23046875 0.659375
0 0.3671875 0.453125 0.3671875 0.45625 0.375 0.45625 0.375 0.453125 0.3671875 0.453125
0 0.14453125 0.25625 0.14453125 0.259375 0.171875 0.259375 0.171875 0.25625 0.14453125 0.25625