0 0.7730769230769231 0.11494252873563218 0.7730769230769231 0.11637931034482758 0.7807692307692308 0.11637931034482758 0.7807692307692308 0.11494252873563218 0.7730769230769231 0.11494252873563218
0 1.1 0.5416666666666666 1.1 0.5431034482758621 1.1076923076923078 0.5431034482758621 1.1076923076923078 0.5416666666666666 1.1 0.5416666666666666
0 0.8211538461538461 0.15948275862068967 0.8211538461538461 0.16091954022988506 0.8307692307692308 0.16091954022988506 0.8307692307692308 0.15948275862068967 0.8211538461538461 0.15948275862068967
0 0.057692307692307696 0.21982758620689655 0.057692307692307696 0.22126436781609196 0.06346153846153846 0.22126436781609196 0.06346153846153846 0.21982758620689655 0.057692307692307696 0.21982758620689655
0 1.301923076923077 0.4827586206896552 1.301923076923077 0.48419540229885055 1.3192307692307692 0.48419540229885055 1.3192307692307692 0.4827586206896552 1.301923076923077 0.4827586206896552
0 0.019230769230769232 0.1997126436781609 0.019230769230769232 0.20114942528735633 0.032692307692307694 0.20114942528735633 0.032692307692307694 0.1997126436781609 0.019230769230769232 0.1997126436781609
0 1.1865384615384615 0.3261494252873563 1.1865384615384615 0.3275862068965517 1.1903846153846154 0.3275862068965517 1.1903846153846154 0.3261494252873563 1.1865384615384615 0.3261494252873563
0 0.5038461538461538 0.14511494252873564 0.5038461538461538 0.14655172413793102 0.5230769230769231 0.14655172413793102 0.5230769230769231 0.14511494252873564 0.5038461538461538 0.14511494252873564
0 0.3173076923076923 0.3031609195402299 0.3173076923076923 0.3045977011494253 0.33653846153846156 0.3045977011494253 0.33653846153846156 0.3031609195402299 0.3173076923076923 0.3031609195402299
0 0.8326923076923077 0.5431034482758621 0.8326923076923077 0.5445402298850575 0.8365384615384616 0.5445402298850575 0.8365384615384616 0.5431034482758621 0.8326923076923077 0.5431034482758621
0 0.46923076923076923 0.27873563218390807 0.46923076923076923 0.2801724137931034 0.4846153846153846 0.2801724137931034 0.4846153846153846 0.27873563218390807 0.46923076923076923 0.27873563218390807
0 0.8634615384615385 0.0 0.8634615384615385 0.0014367816091954023 0.9211538461538461 0.0014367816091954023 0.9211538461538461 0.0 0.8634615384615385 0.0
0 0.975 0.6867816091954023 0.975 0.6882183908045977 0.9807692307692307 0.6882183908045977 0.9807692307692307 0.6867816091954023 0.975 0.6867816091954023
0 0.676923076923077 0.3132183908045977 0.676923076923077 0.3146551724137931 0.6923076923076923 0.3146551724137931 0.6923076923076923 0.3132183908045977 0.676923076923077 0.3132183908045977
0 1.3288461538461538 0.25 1.3288461538461538 0.2514367816091954 1.3384615384615384 0.2514367816091954 1.3384615384615384 0.25 1.3288461538461538 0.25
0 1.1076923076923078 0.4224137931034483 1.1076923076923078 0.4238505747126437 1.123076923076923 0.4238505747126437 1.123076923076923 0.4224137931034483 1.1076923076923078 0.4224137931034483
0 0.575 0.028735632183908046 0.575 0.03017241379310345 0.5846153846153846 0.03017241379310345 0.5846153846153846 0.028735632183908046 0.575 0.028735632183908046
0 1.1384615384615384 0.21551724137931033 1.1384615384615384 0.21695402298850575 1.1538461538461537 0.21695402298850575 1.1538461538461537 0.21551724137931033 1.1384615384615384 0.21551724137931033
0 0.225 0.24281609195402298 0.225 0.2442528735632184 0.2403846153846154 0.2442528735632184 0.2403846153846154 0.24281609195402298 0.225 0.24281609195402298
0 0.4634615384615385 0.6566091954022989 0.4634615384615385 0.6580459770114943 0.47692307692307695 0.6580459770114943 0.47692307692307695 0.6566091954022989 0.4634615384615385 0.6566091954022989
0 1.3 0.03879310344827586 1.3 0.040229885057471264 1.3057692307692308 0.040229885057471264 1.3057692307692308 0.03879310344827586 1.3 0.03879310344827586
0 1.2692307692307692 0.5014367816091954 1.2692307692307692 0.5028735632183908 1.2826923076923078 0.5028735632183908 1.2826923076923078 0.5014367816091954 1.2692307692307692 0.5014367816091954
0 1.0403846153846155 0.5962643678160919 1.0403846153846155 0.5977011494252874 1.0480769230769231 0.5977011494252874 1.0480769230769231 0.5962643678160919 1.0403846153846155 0.5962643678160919
0 0.4576923076923077 0.7155172413793104 0.4576923076923077 0.7169540229885057 0.475 0.7169540229885057 0.475 0.7155172413793104 0.4576923076923077 0.7155172413793104
0 0.8403846153846154 0.5948275862068966 0.8403846153846154 0.5962643678160919 0.8576923076923076 0.5962643678160919 0.8576923076923076 0.5948275862068966 0.8403846153846154 0.5948275862068966
0 0.8519230769230769 0.5603448275862069 0.8519230769230769 0.5617816091954023 0.8673076923076923 0.5617816091954023 0.8673076923076923 0.5603448275862069 0.8519230769230769 0.5603448275862069
0 0.08846153846153847 0.6436781609195402 0.08846153846153847 0.6451149425287356 0.1 0.6451149425287356 0.1 0.6436781609195402 0.08846153846153847 0.6436781609195402
0 0.5288461538461539 0.6767241379310345 0.5288461538461539 0.6781609195402298 0.5615384615384615 0.6781609195402298 0.5615384615384615 0.6767241379310345 0.5288461538461539 0.6767241379310345
0 0.5307692307692308 0.7126436781609196 0.5307692307692308 0.7140804597701149 0.5461538461538461 0.7140804597701149 0.5461538461538461 0.7126436781609196 0.5307692307692308 0.7126436781609196
0 0.4846153846153846 0.17959770114942528 0.4846153846153846 0.1810344827586207 0.525 0.1810344827586207 0.525 0.17959770114942528 0.4846153846153846 0.17959770114942528
0 0.47884615384615387 0.4942528735632184 0.47884615384615387 0.4956896551724138 0.48846153846153845 0.4956896551724138 0.48846153846153845 0.4942528735632184 0.47884615384615387 0.4942528735632184
0 0.9423076923076923 0.40804597701149425 0.9423076923076923 0.40948275862068967 0.9519230769230769 0.40948275862068967 0.9519230769230769 0.40804597701149425 0.9423076923076923 0.40804597701149425
0 1.301923076923077 0.09051724137931035 1.301923076923077 0.09195402298850575 1.323076923076923 0.09195402298850575 1.323076923076923 0.09051724137931035 1.301923076923077 0.09051724137931035
0 0.7461538461538462 0.5933908045977011 0.7461538461538462 0.5948275862068966 0.7615384615384615 0.5948275862068966 0.7615384615384615 0.5933908045977011 0.7461538461538462 0.5933908045977011
0 0.09038461538461538 0.14798850574712644 0.09038461538461538 0.14942528735632185 0.1 0.14942528735632185 0.1 0.14798850574712644 0.09038461538461538 0.14798850574712644
0 0.5903846153846154 0.022988505747126436 0.5903846153846154 0.02442528735632184 0.5942307692307692 0.02442528735632184 0.5942307692307692 0.022988505747126436 0.5903846153846154 0.022988505747126436
0 0.3576923076923077 0.39511494252873564 0.3576923076923077 0.39655172413793105 0.375 0.39655172413793105 0.375 0.39511494252873564 0.3576923076923077 0.39511494252873564
0 1.271153846153846 0.5574712643678161 1.271153846153846 0.5589080459770115 1.2846153846153847 0.5589080459770115 1.2846153846153847 0.5574712643678161 1.271153846153846 0.5574712643678161
0 0.9711538461538461 0.4482758620689655 0.9711538461538461 0.44971264367816094 0.9903846153846154 0.44971264367816094 0.9903846153846154 0.4482758620689655 0.9711538461538461 0.4482758620689655
0 1.3346153846153845 0.05028735632183908 1.3346153846153845 0.05172413793103448 1.3384615384615384 0.05172413793103448 1.3384615384615384 0.05028735632183908 1.3346153846153845 0.05028735632183908
0 0.6442307692307693 0.5387931034482759 0.6442307692307693 0.5402298850574713 0.65 0.5402298850574713 0.65 0.5387931034482759 0.6442307692307693 0.5387931034482759
0 1.1423076923076922 0.617816091954023 1.1423076923076922 0.6192528735632183 1.146153846153846 0.6192528735632183 1.146153846153846 0.617816091954023 1.1423076923076922 0.617816091954023
0 1.1346153846153846 0.19540229885057472 1.1346153846153846 0.1968390804597701 1.1442307692307692 0.1968390804597701 1.1442307692307692 0.19540229885057472 1.1346153846153846 0.19540229885057472
0 0.3730769230769231 0.39798850574712646 0.3730769230769231 0.3994252873563218 0.38461538461538464 0.3994252873563218 0.38461538461538464 0.39798850574712646 0.3730769230769231 0.39798850574712646
0 1.3 0.031609195402298854 1.3 0.033045977011494254 1.3076923076923077 0.033045977011494254 1.3076923076923077 0.031609195402298854 1.3 0.031609195402298854
0 0.698076923076923 0.5488505747126436 0.698076923076923 0.5502873563218391 0.7076923076923077 0.5502873563218391 0.7076923076923077 0.5488505747126436 0.698076923076923 0.5488505747126436
0 0.4115384615384615 0.49712643678160917 0.4115384615384615 0.4985632183908046 0.4307692307692308 0.4985632183908046 0.4307692307692308 0.49712643678160917 0.4115384615384615 0.49712643678160917
0 0.48653846153846153 0.0 0.48653846153846153 0.0014367816091954023 0.5288461538461539 0.0014367816091954023 0.5288461538461539 0.0 0.48653846153846153 0.0
0 0.08461538461538462 0.41522988505747127 0.08461538461538462 0.4166666666666667 0.10384615384615385 0.4166666666666667 0.10384615384615385 0.41522988505747127 0.08461538461538462 0.41522988505747127
0 0.5365384615384615 0.29454022988505746 0.5365384615384615 0.2959770114942529 0.55 0.2959770114942529 0.55 0.29454022988505746 0.5365384615384615 0.29454022988505746
0 1.2903846153846155 0.5158045977011494 1.2903846153846155 0.5172413793103449 1.3096153846153846 0.5172413793103449 1.3096153846153846 0.5158045977011494 1.2903846153846155 0.5158045977011494
0 0.5115384615384615 0.1221264367816092 0.5115384615384615 0.1235632183908046 0.5346153846153846 0.1235632183908046 0.5346153846153846 0.1221264367816092 0.5115384615384615 0.1221264367816092
0 0.85 0.3620689655172414 0.85 0.3635057471264368 0.8576923076923076 0.3635057471264368 0.8576923076923076 0.3620689655172414 0.85 0.3620689655172414
0 0.06923076923076923 0.3204022988505747 0.06923076923076923 0.3218390804597701 0.07307692307692308 0.3218390804597701 0.07307692307692308 0.3204022988505747 0.06923076923076923 0.3204022988505747
0 0.6538461538461539 0.382183908045977 0.6538461538461539 0.38362068965517243 0.6692307692307692 0.38362068965517243 0.6692307692307692 0.382183908045977 0.6538461538461539 0.382183908045977
0 0.6596153846153846 0.7370689655172413 0.6596153846153846 0.7385057471264368 0.6653846153846154 0.7385057471264368 0.6653846153846154 0.7370689655172413 0.6596153846153846 0.7370689655172413
0 1.25 0.20114942528735633 1.25 0.2025862068965517 1.2673076923076922 0.2025862068965517 1.2673076923076922 0.20114942528735633 1.25 0.20114942528735633
0 0.9903846153846154 0.1882183908045977 0.9903846153846154 0.1896551724137931 1.001923076923077 0.1896551724137931 1.001923076923077 0.1882183908045977 0.9903846153846154 0.1882183908045977
0 0.75 0.28160919540229884 0.75 0.28304597701149425 0.7596153846153846 0.28304597701149425 0.7596153846153846 0.28160919540229884 0.75 0.28160919540229884
0 0.9807692307692307 0.07758620689655173 0.9807692307692307 0.07902298850574713 0.9942307692307693 0.07902298850574713 0.9942307692307693 0.07758620689655173 0.9807692307692307 0.07758620689655173
0 1.025 0.21120689655172414 1.025 0.21264367816091953 1.0365384615384616 0.21264367816091953 1.0365384615384616 0.21120689655172414 1.025 0.21120689655172414
0 0.49038461538461536 0.6594827586206896 0.49038461538461536 0.6609195402298851 0.5038461538461538 0.6609195402298851 0.5038461538461538 0.6594827586206896 0.49038461538461536 0.6594827586206896
0 1.2057692307692307 0.04454022988505747 1.2057692307692307 0.04597701149425287 1.2192307692307693 0.04597701149425287 1.2192307692307693 0.04454022988505747 1.2057692307692307 0.04454022988505747
0 0.10192307692307692 0.5775862068965517 0.10192307692307692 0.5790229885057471 0.11730769230769231 0.5790229885057471 0.11730769230769231 0.5775862068965517 0.10192307692307692 0.5775862068965517
0 0.4846153846153846 0.4511494252873563 0.4846153846153846 0.4525862068965517 0.49038461538461536 0.4525862068965517 0.49038461538461536 0.4511494252873563 0.4846153846153846 0.4511494252873563
0 0.8865384615384615 0.4525862068965517 0.8865384615384615 0.4540229885057471 0.8942307692307693 0.4540229885057471 0.8942307692307693 0.4525862068965517 0.8865384615384615 0.4525862068965517
0 1.15 0.4295977011494253 1.15 0.43103448275862066 1.1653846153846155 0.43103448275862066 1.1653846153846155 0.4295977011494253 1.15 0.4295977011494253
0 0.5692307692307692 0.34913793103448276 0.5692307692307692 0.3505747126436782 0.5846153846153846 0.3505747126436782 0.5846153846153846 0.34913793103448276 0.5692307692307692 0.34913793103448276
0 0.5961538461538461 0.4813218390804598 0.5961538461538461 0.4827586206896552 0.6 0.4827586206896552 0.6 0.4813218390804598 0.5961538461538461 0.4813218390804598
0 0.16923076923076924 0.5617816091954023 0.16923076923076924 0.5632183908045977 0.18076923076923077 0.5632183908045977 0.18076923076923077 0.5617816091954023 0.16923076923076924 0.5617816091954023
0 0.025 0.6451149425287356 0.025 0.646551724137931 0.03076923076923077 0.646551724137931 0.03076923076923077 0.6451149425287356 0.025 0.6451149425287356
0 1.0961538461538463 0.16522988505747127 1.0961538461538463 0.16666666666666666 1.1 0.16666666666666666 1.1 0.16522988505747127 1.0961538461538463 0.16522988505747127
0 0.1576923076923077 0.008620689655172414 0.1576923076923077 0.010057471264367816 0.17884615384615385 0.010057471264367816 0.17884615384615385 0.008620689655172414 0.1576923076923077 0.008620689655172414
0 0.046153846153846156 0.7155172413793104 0.046153846153846156 0.7169540229885057 0.05961538461538462 0.7169540229885057 0.05961538461538462 0.7155172413793104 0.046153846153846156 0.7155172413793104
0 0.7134615384615385 0.4267241379310345 0.7134615384615385 0.4281609195402299 0.7269230769230769 0.4281609195402299 0.7269230769230769 0.4267241379310345 0.7134615384615385 0.4267241379310345
0 0.19230769230769232 0.6422413793103449 0.19230769230769232 0.6436781609195402 0.2 0.6436781609195402 0.2 0.6422413793103449 0.19230769230769232 0.6422413793103449
0 1.3038461538461539 0.28448275862068967 1.3038461538461539 0.2859195402298851 1.3115384615384615 0.2859195402298851 1.3115384615384615 0.28448275862068967 1.3038461538461539 0.28448275862068967
0 1.0923076923076922 0.35344827586206895 1.0923076923076922 0.35488505747126436 1.0961538461538463 0.35488505747126436 1.0961538461538463 0.35344827586206895 1.0923076923076922 0.35344827586206895
0 0.5634615384615385 0.3175287356321839 0.5634615384615385 0.31896551724137934 0.5826923076923077 0.31896551724137934 0.5826923076923077 0.3175287356321839 0.5634615384615385 0.3175287356321839
0 0.6673076923076923 0.6709770114942529 0.6673076923076923 0.6724137931034483 0.6730769230769231 0.6724137931034483 0.6730769230769231 0.6709770114942529 0.6673076923076923 0.6709770114942529
0 0.6538461538461539 0.5646551724137931 0.6538461538461539 0.5660919540229885 0.6615384615384615 0.5660919540229885 0.6615384615384615 0.5646551724137931 0.6538461538461539 0.5646551724137931
0 0.475 0.5 0.475 0.5014367816091954 0.4807692307692308 0.5014367816091954 0.4807692307692308 0.5 0.475 0.5
0 1.2769230769230768 0.03735632183908046 1.2769230769230768 0.03879310344827586 1.3134615384615385 0.03879310344827586 1.3134615384615385 0.03735632183908046 1.2769230769230768 0.03735632183908046
0 0.8730769230769231 0.27155172413793105 0.8730769230769231 0.27298850574712646 0.9019230769230769 0.27298850574712646 0.9019230769230769 0.27155172413793105 0.8730769230769231 0.27155172413793105
0 0.6576923076923077 0.5632183908045977 0.6576923076923077 0.5646551724137931 0.6634615384615384 0.5646551724137931 0.6634615384615384 0.5632183908045977 0.6576923076923077 0.5632183908045977
0 0.07692307692307693 0.5330459770114943 0.07692307692307693 0.5344827586206896 0.09230769230769231 0.5344827586206896 0.09230769230769231 0.5330459770114943 0.07692307692307693 0.5330459770114943
0 1.146153846153846 0.2514367816091954 1.146153846153846 0.25287356321839083 1.1519230769230768 0.25287356321839083 1.1519230769230768 0.2514367816091954 1.146153846153846 0.2514367816091954
0 1.0557692307692308 0.34339080459770116 1.0557692307692308 0.3448275862068966 1.0692307692307692 0.3448275862068966 1.0692307692307692 0.34339080459770116 1.0557692307692308 0.34339080459770116
0 0.12884615384615383 0.7255747126436781 0.12884615384615383 0.7270114942528736 0.1346153846153846 0.7270114942528736 0.1346153846153846 0.7255747126436781 0.12884615384615383 0.7255747126436781
0 1.1653846153846155 0.4267241379310345 1.1653846153846155 0.4281609195402299 1.1730769230769231 0.4281609195402299 1.1730769230769231 0.4267241379310345 1.1653846153846155 0.4267241379310345
0 0.7980769230769231 0.4813218390804598 0.7980769230769231 0.4827586206896552 0.8134615384615385 0.4827586206896552 0.8134615384615385 0.4813218390804598 0.7980769230769231 0.4813218390804598
0 0.5230769230769231 0.22701149425287356 0.5230769230769231 0.22844827586206898 0.5269230769230769 0.22844827586206898 0.5269230769230769 0.22701149425287356 0.5230769230769231 0.22701149425287356
0 0.25 0.7341954022988506 0.25 0.735632183908046 0.26153846153846155 0.735632183908046 0.26153846153846155 0.7341954022988506 0.25 0.7341954022988506
0 1.0788461538461538 0.08477011494252873 1.0788461538461538 0.08620689655172414 1.0903846153846153 0.08620689655172414 1.0903846153846153 0.08477011494252873 1.0788461538461538 0.08477011494252873
0 0.7865384615384615 0.21982758620689655 0.7865384615384615 0.22126436781609196 0.7903846153846154 0.22126436781609196 0.7903846153846154 0.21982758620689655 0.7865384615384615 0.21982758620689655
0 1.2980769230769231 0.6048850574712644 1.2980769230769231 0.6063218390804598 1.3153846153846154 0.6063218390804598 1.3153846153846154 0.6048850574712644 1.2980769230769231 0.6048850574712644
0 0.8980769230769231 0.06752873563218391 0.8980769230769231 0.06896551724137931 0.9134615384615384 0.06896551724137931 0.9134615384615384 0.06752873563218391 0.8980769230769231 0.06752873563218391
0 0.6288461538461538 0.09482758620689655 0.6288461538461538 0.09626436781609195 0.6326923076923077 0.09626436781609195 0.6326923076923077 0.09482758620689655 0.6288461538461538 0.09482758620689655
0 1.2326923076923078 0.5890804597701149 1.2326923076923078 0.5905172413793104 1.2384615384615385 0.5905172413793104 1.2384615384615385 0.5890804597701149 1.2326923076923078 0.5890804597701149
0 1.2 0.46120689655172414 1.2 0.46264367816091956 1.2211538461538463 0.46264367816091956 1.2211538461538463 0.46120689655172414 1.2 0.46120689655172414
0 1.1711538461538462 0.24856321839080459 1.1711538461538462 0.25 1.1788461538461539 0.25 1.1788461538461539 0.24856321839080459 1.1711538461538462 0.24856321839080459
0 0.5076923076923077 0.6623563218390804 0.5076923076923077 0.6637931034482759 0.5173076923076924 0.6637931034482759 0.5173076923076924 0.6623563218390804 0.5076923076923077 0.6623563218390804
0 0.3403846153846154 0.35344827586206895 0.3403846153846154 0.35488505747126436 0.34615384615384615 0.35488505747126436 0.34615384615384615 0.35344827586206895 0.3403846153846154 0.35344827586206895
0 1.2846153846153847 0.47270114942528735 1.2846153846153847 0.47413793103448276 1.3 0.47413793103448276 1.3 0.47270114942528735 1.2846153846153847 0.47270114942528735
0 1.2038461538461538 0.6163793103448276 1.2038461538461538 0.617816091954023 1.2115384615384615 0.617816091954023 1.2115384615384615 0.6163793103448276 1.2038461538461538 0.6163793103448276
0 1.1903846153846154 0.33764367816091956 1.1903846153846154 0.3390804597701149 1.2038461538461538 0.3390804597701149 1.2038461538461538 0.33764367816091956 1.1903846153846154 0.33764367816091956
0 0.6211538461538462 0.13936781609195403 0.6211538461538462 0.14080459770114942 0.6307692307692307 0.14080459770114942 0.6307692307692307 0.13936781609195403 0.6211538461538462 0.13936781609195403
0 0.9461538461538461 0.6594827586206896 0.9461538461538461 0.6609195402298851 0.9538461538461539 0.6609195402298851 0.9538461538461539 0.6594827586206896 0.9461538461538461 0.6594827586206896
0 0.4346153846153846 0.23850574712643677 0.4346153846153846 0.23994252873563218 0.4519230769230769 0.23994252873563218 0.4519230769230769 0.23850574712643677 0.4346153846153846 0.23850574712643677
0 1.1538461538461537 0.5172413793103449 1.1538461538461537 0.5186781609195402 1.1634615384615385 0.5186781609195402 1.1634615384615385 0.5172413793103449 1.1538461538461537 0.5172413793103449
0 0.36538461538461536 0.5172413793103449 0.36538461538461536 0.5186781609195402 0.375 0.5186781609195402 0.375 0.5172413793103449 0.36538461538461536 0.5172413793103449
0 1.2076923076923076 0.1752873563218391 1.2076923076923076 0.17672413793103448 1.2115384615384615 0.17672413793103448 1.2115384615384615 0.1752873563218391 1.2076923076923076 0.1752873563218391
0 0.675 0.0 0.675 0.0014367816091954023 0.7269230769230769 0.0014367816091954023 0.7269230769230769 0.0 0.675 0.0
0 0.6134615384615385 0.08620689655172414 0.6134615384615385 0.08764367816091954 0.6192307692307693 0.08764367816091954 0.6192307692307693 0.08620689655172414 0.6134615384615385 0.08620689655172414
0 0.3 0.41379310344827586 0.3 0.41522988505747127 0.325 0.41522988505747127 0.325 0.41379310344827586 0.3 0.41379310344827586
0 1.3211538461538461 0.16522988505747127 1.3211538461538461 0.16666666666666666 1.3346153846153845 0.16666666666666666 1.3346153846153845 0.16522988505747127 1.3211538461538461 0.16522988505747127
0 0.0 0.0 0.0 0.0014367816091954023 0.04807692307692308 0.0014367816091954023 0.04807692307692308 0.0 0.0 0.0
0 0.375 0.05172413793103448 0.375 0.05316091954022988 0.38846153846153847 0.05316091954022988 0.38846153846153847 0.05172413793103448 0.375 0.05172413793103448
0 0.17115384615384616 0.3232758620689655 0.17115384615384616 0.32471264367816094 0.17884615384615385 0.32471264367816094 0.17884615384615385 0.3232758620689655 0.17115384615384616 0.3232758620689655
0 0.7538461538461538 0.04741379310344827 0.7538461538461538 0.04885057471264368 0.7942307692307692 0.04885057471264368 0.7942307692307692 0.04741379310344827 0.7538461538461538 0.04741379310344827
0 0.5403846153846154 0.0 0.5403846153846154 0.0014367816091954023 0.5769230769230769 0.0014367816091954023 0.5769230769230769 0.0 0.5403846153846154 0.0
0 0.4423076923076923 0.46264367816091956 0.4423076923076923 0.4640804597701149 0.4576923076923077 0.4640804597701149 0.4576923076923077 0.46264367816091956 0.4423076923076923 0.46264367816091956
0 0.25961538461538464 0.011494252873563218 0.25961538461538464 0.01293103448275862 0.2826923076923077 0.01293103448275862 0.2826923076923077 0.011494252873563218 0.25961538461538464 0.011494252873563218
0 1.2903846153846155 0.34339080459770116 1.2903846153846155 0.3448275862068966 1.2961538461538462 0.3448275862068966 1.2961538461538462 0.34339080459770116 1.2903846153846155 0.34339080459770116
0 0.3384615384615385 0.5287356321839081 0.3384615384615385 0.5301724137931034 0.3557692307692308 0.5301724137931034 0.3557692307692308 0.5287356321839081 0.3384615384615385 0.5287356321839081
0 0.7115384615384616 0.1206896551724138 0.7115384615384616 0.1221264367816092 0.7288461538461538 0.1221264367816092 0.7288461538461538 0.1206896551724138 0.7115384615384616 0.1206896551724138