0 0.6615384615384615 0.0014367816091954023 0.6615384615384615 0.0028735632183908046 0.676923076923077 0.0028735632183908046 0.676923076923077 0.0014367816091954023 0.6615384615384615 0.0014367816091954023
0 1.1615384615384616 0.20833333333333334 1.1615384615384616 0.20977011494252873 1.1711538461538462 0.20977011494252873 1.1711538461538462 0.20833333333333334 1.1615384615384616 0.20833333333333334
0 1.1346153846153846 0.2959770114942529 1.1346153846153846 0.2974137931034483 1.1519230769230768 0.2974137931034483 1.1519230769230768 0.2959770114942529 1.1346153846153846 0.2959770114942529
0 1.146153846153846 0.38362068965517243 1.146153846153846 0.3850574712643678 1.1730769230769231 0.3850574712643678 1.1730769230769231 0.38362068965517243 1.146153846153846 0.38362068965517243
0 0.1576923076923077 0.3290229885057471 0.1576923076923077 0.33045977011494254 0.17307692307692307 0.33045977011494254 0.17307692307692307 0.3290229885057471 0.1576923076923077 0.3290229885057471
0 0.6096153846153847 0.2543103448275862 0.6096153846153847 0.2557471264367816 0.6134615384615385 0.2557471264367816 0.6134615384615385 0.2543103448275862 0.6096153846153847 0.2543103448275862
0 0.5019230769230769 0.34770114942528735 0.5019230769230769 0.34913793103448276 0.525 0.34913793103448276 0.525 0.34770114942528735 0.5019230769230769 0.34770114942528735
0 0.925 0.041666666666666664 0.925 0.04310344827586207 0.948076923076923 0.04310344827586207 0.948076923076923 0.041666666666666664 0.925 0.041666666666666664
0 0.6596153846153846 0.6853448275862069 0.6596153846153846 0.6867816091954023 0.6730769230769231 0.6867816091954023 0.6730769230769231 0.6853448275862069 0.6596153846153846 0.6853448275862069
0 0.8461538461538461 0.6077586206896551 0.8461538461538461 0.6091954022988506 0.8730769230769231 0.6091954022988506 0.8730769230769231 0.6077586206896551 0.8461538461538461 0.6077586206896551
0 0.015384615384615385 0.6307471264367817 0.015384615384615385 0.632183908045977 0.03461538461538462 0.632183908045977 0.03461538461538462 0.6307471264367817 0.015384615384615385 0.6307471264367817
0 1.3288461538461538 0.7083333333333334 1.3288461538461538 0.7097701149425287 1.3365384615384615 0.7097701149425287 1.3365384615384615 0.7083333333333334 1.3288461538461538 0.7083333333333334
0 0.9634615384615385 0.06752873563218391 0.9634615384615385 0.06896551724137931 0.9884615384615385 0.06896551724137931 0.9884615384615385 0.06752873563218391 0.9634615384615385 0.06752873563218391
0 0.25576923076923075 0.3922413793103448 0.25576923076923075 0.3936781609195402 0.26346153846153847 0.3936781609195402 0.26346153846153847 0.3922413793103448 0.25576923076923075 0.3922413793103448
0 0.19230769230769232 0.24568965517241378 0.19230769230769232 0.2471264367816092 0.19615384615384615 0.2471264367816092 0.19615384615384615 0.24568965517241378 0.19230769230769232 0.24568965517241378
0 0.29615384615384616 0.7140804597701149 0.29615384615384616 0.7155172413793104 0.2980769230769231 0.7155172413793104 0.2980769230769231 0.7140804597701149 0.29615384615384616 0.7140804597701149
0 0.5826923076923077 0.0 0.5826923076923077 0.0014367816091954023 0.675 0.0014367816091954023 0.675 0.0 0.5826923076923077 0.0
0 0.926923076923077 0.23706896551724138 0.926923076923077 0.23850574712643677 0.9461538461538461 0.23850574712643677 0.9461538461538461 0.23706896551724138 0.926923076923077 0.23706896551724138
0 1.0826923076923076 0.5057471264367817 1.0826923076923076 0.507183908045977 1.0884615384615384 0.507183908045977 1.0884615384615384 0.5057471264367817 1.0826923076923076 0.5057471264367817
0 0.6076923076923076 0.5287356321839081 0.6076923076923076 0.5301724137931034 0.6211538461538462 0.5301724137931034 0.6211538461538462 0.5287356321839081 0.6076923076923076 0.5287356321839081
0 0.3596153846153846 0.4468390804597701 0.3596153846153846 0.4482758620689655 0.36923076923076925 0.4482758620689655 0.36923076923076925 0.4468390804597701 0.3596153846153846 0.4468390804597701
0 1.2 0.5028735632183908 1.2 0.5043103448275862 1.2134615384615384 0.5043103448275862 1.2134615384615384 0.5028735632183908 1.2 0.5028735632183908
0 0.05576923076923077 0.6939655172413793 0.05576923076923077 0.6954022988505747 0.06346153846153846 0.6954022988505747 0.06346153846153846 0.6939655172413793 0.05576923076923077 0.6939655172413793
0 1.2173076923076922 0.125 1.2173076923076922 0.12643678160919541 1.2884615384615385 0.12643678160919541 1.2884615384615385 0.125 1.2173076923076922 0.125
0 0.38269230769230766 0.44396551724137934 0.38269230769230766 0.4454022988505747 0.39807692307692305 0.4454022988505747 0.39807692307692305 0.44396551724137934 0.38269230769230766 0.44396551724137934
0 0.275 0.29454022988505746 0.275 0.2959770114942529 0.27692307692307694 0.2959770114942529 0.27692307692307694 0.29454022988505746 0.275 0.29454022988505746
0 0.057692307692307696 0.6695402298850575 0.057692307692307696 0.6709770114942529 0.075 0.6709770114942529 0.075 0.6695402298850575 0.057692307692307696 0.6695402298850575
0 0.28846153846153844 0.7370689655172413 0.28846153846153844 0.7385057471264368 0.31153846153846154 0.7385057471264368 0.31153846153846154 0.7370689655172413 0.28846153846153844 0.7370689655172413
0 1.2423076923076923 0.7227011494252874 1.2423076923076923 0.7241379310344828 1.2461538461538462 0.7241379310344828 1.2461538461538462 0.7227011494252874 1.2423076923076923 0.7227011494252874
0 0.8346153846153846 0.22413793103448276 0.8346153846153846 0.22557471264367815 0.8423076923076923 0.22557471264367815 0.8423076923076923 0.22413793103448276 0.8346153846153846 0.22413793103448276
0 1.0403846153846155 0.16235632183908047 1.0403846153846155 0.16379310344827586 1.0442307692307693 0.16379310344827586 1.0442307692307693 0.16235632183908047 1.0403846153846155 0.16235632183908047
0 0.95 0.6968390804597702 0.95 0.6982758620689655 0.9538461538461539 0.6982758620689655 0.9538461538461539 0.6968390804597702 0.95 0.6968390804597702
0 0.4346153846153846 0.23706896551724138 0.4346153846153846 0.23850574712643677 0.43846153846153846 0.23850574712643677 0.43846153846153846 0.23706896551724138 0.4346153846153846 0.23706896551724138
0 0.47692307692307695 0.632183908045977 0.47692307692307695 0.6336206896551724 0.4807692307692308 0.6336206896551724 0.4807692307692308 0.632183908045977 0.47692307692307695 0.632183908045977
0 0.14423076923076922 0.1724137931034483 0.14423076923076922 0.17385057471264367 0.16923076923076924 0.17385057471264367 0.16923076923076924 0.1724137931034483 0.14423076923076922 0.1724137931034483
0 1.2076923076923076 0.3864942528735632 1.2076923076923076 0.3879310344827586 1.2230769230769232 0.3879310344827586 1.2230769230769232 0.3864942528735632 1.2076923076923076 0.3864942528735632
0 1.3192307692307692 0.040229885057471264 1.3192307692307692 0.041666666666666664 1.325 0.041666666666666664 1.325 0.040229885057471264 1.3192307692307692 0.040229885057471264
0 0.4980769230769231 0.12643678160919541 0.4980769230769231 0.1278735632183908 0.5153846153846153 0.1278735632183908 0.5153846153846153 0.12643678160919541 0.4980769230769231 0.12643678160919541
0 0.5961538461538461 0.2988505747126437 0.5961538461538461 0.30028735632183906 0.6 0.30028735632183906 0.6 0.2988505747126437 0.5961538461538461 0.2988505747126437
0 0.375 0.6968390804597702 0.375 0.6982758620689655 0.3769230769230769 0.6982758620689655 0.3769230769230769 0.6968390804597702 0.375 0.6968390804597702
0 0.01730769230769231 0.6810344827586207 0.01730769230769231 0.6824712643678161 0.03076923076923077 0.6824712643678161 0.03076923076923077 0.6810344827586207 0.01730769230769231 0.6810344827586207
0 1.1192307692307693 0.6307471264367817 1.1192307692307693 0.632183908045977 1.1326923076923077 0.632183908045977 1.1326923076923077 0.6307471264367817 1.1192307692307693 0.6307471264367817
0 0.05961538461538462 0.20114942528735633 0.05961538461538462 0.2025862068965517 0.075 0.2025862068965517 0.075 0.20114942528735633 0.05961538461538462 0.20114942528735633
0 0.7307692307692307 0.15086206896551724 0.7307692307692307 0.15229885057471265 0.7346153846153847 0.15229885057471265 0.7346153846153847 0.15086206896551724 0.7307692307692307 0.15086206896551724
0 0.046153846153846156 0.0 0.046153846153846156 0.0014367816091954023 0.07307692307692308 0.0014367816091954023 0.07307692307692308 0.0 0.046153846153846156 0.0
0 1.0576923076923077 0.03735632183908046 1.0576923076923077 0.03879310344827586 1.0692307692307692 0.03879310344827586 1.0692307692307692 0.03735632183908046 1.0576923076923077 0.03735632183908046
0 1.1173076923076923 0.3505747126436782 1.1173076923076923 0.35201149425287354 1.1288461538461538 0.35201149425287354 1.1288461538461538 0.3505747126436782 1.1173076923076923 0.3505747126436782
0 1.1403846153846153 0.7385057471264368 1.1403846153846153 0.7399425287356322 1.1596153846153847 0.7399425287356322 1.1596153846153847 0.7385057471264368 1.1403846153846153 0.7385057471264368
0 1.228846153846154 0.3290229885057471 1.228846153846154 0.33045977011494254 1.2326923076923078 0.33045977011494254 1.2326923076923078 0.3290229885057471 1.228846153846154 0.3290229885057471
0 0.6884615384615385 0.17959770114942528 0.6884615384615385 0.1810344827586207 0.6923076923076923 0.1810344827586207 0.6923076923076923 0.17959770114942528 0.6884615384615385 0.17959770114942528
0 1.1346153846153846 0.2801724137931034 1.1346153846153846 0.28160919540229884 1.146153846153846 0.28160919540229884 1.146153846153846 0.2801724137931034 1.1346153846153846 0.2801724137931034
0 0.17115384615384616 0.03879310344827586 0.17115384615384616 0.040229885057471264 0.18076923076923077 0.040229885057471264 0.18076923076923077 0.03879310344827586 0.17115384615384616 0.03879310344827586
0 0.3403846153846154 0.3635057471264368 0.3403846153846154 0.3649425287356322 0.3596153846153846 0.3649425287356322 0.3596153846153846 0.3635057471264368 0.3403846153846154 0.3635057471264368
0 0.5596153846153846 0.3232758620689655 0.5596153846153846 0.32471264367816094 0.5653846153846154 0.32471264367816094 0.5653846153846154 0.3232758620689655 0.5596153846153846 0.3232758620689655
0 1.2980769230769231 0.04741379310344827 1.2980769230769231 0.04885057471264368 1.3038461538461539 0.04885057471264368 1.3038461538461539 0.04741379310344827 1.2980769230769231 0.04741379310344827
0 0.8057692307692308 0.46695402298850575 0.8057692307692308 0.46839080459770116 0.8115384615384615 0.46839080459770116 0.8115384615384615 0.46695402298850575 0.8057692307692308 0.46695402298850575
0 0.075 0.2614942528735632 0.075 0.2629310344827586 0.08653846153846154 0.2629310344827586 0.08653846153846154 0.2614942528735632 0.075 0.2614942528735632
0 0.5 0.20833333333333334 0.5 0.20977011494252873 0.5211538461538462 0.20977011494252873 0.5211538461538462 0.20833333333333334 0.5 0.20833333333333334
0 0.5384615384615384 0.010057471264367816 0.5384615384615384 0.011494252873563218 0.5615384615384615 0.011494252873563218 0.5615384615384615 0.010057471264367816 0.5384615384615384 0.010057471264367816
0 1.0576923076923077 0.45689655172413796 1.0576923076923077 0.4583333333333333 1.0788461538461538 0.4583333333333333 1.0788461538461538 0.45689655172413796 1.0576923076923077 0.45689655172413796
0 0.06346153846153846 0.5258620689655172 0.06346153846153846 0.5272988505747126 0.07884615384615384 0.5272988505747126 0.07884615384615384 0.5258620689655172 0.06346153846153846 0.5258620689655172
0 1.2346153846153847 0.32471264367816094 1.2346153846153847 0.3261494252873563 1.2384615384615385 0.3261494252873563 1.2384615384615385 0.32471264367816094 1.2346153846153847 0.32471264367816094