0 0.7384615384615385 0.4511494252873563 0.7384615384615385 0.4525862068965517 0.7557692307692307 0.4525862068965517 0.7557692307692307 0.4511494252873563 0.7384615384615385 0.4511494252873563
0 1.3076923076923077 0.027298850574712645 1.3076923076923077 0.028735632183908046 1.3269230769230769 0.028735632183908046 1.3269230769230769 0.027298850574712645 1.3076923076923077 0.027298850574712645
0 0.17115384615384616 0.0 0.17115384615384616 0.0014367816091954023 0.2076923076923077 0.0014367816091954023 0.2076923076923077 0.0 0.17115384615384616 0.0
0 0.7769230769230769 0.5359195402298851 0.7769230769230769 0.5373563218390804 0.7923076923076923 0.5373563218390804 0.7923076923076923 0.5359195402298851 0.7769230769230769 0.5359195402298851
0 0.12884615384615383 0.6637931034482759 0.12884615384615383 0.6652298850574713 0.14807692307692308 0.6652298850574713 0.14807692307692308 0.6637931034482759 0.12884615384615383 0.6637931034482759
0 0.5480769230769231 0.008620689655172414 0.5480769230769231 0.010057471264367816 0.551923076923077 0.010057471264367816 0.551923076923077 0.008620689655172414 0.5480769230769231 0.008620689655172414
0 0.25384615384615383 0.7183908045977011 0.25384615384615383 0.7198275862068966 0.25961538461538464 0.7198275862068966 0.25961538461538464 0.7183908045977011 0.25384615384615383 0.7183908045977011
0 0.9173076923076923 0.3620689655172414 0.9173076923076923 0.3635057471264368 0.9307692307692308 0.3635057471264368 0.9307692307692308 0.3620689655172414 0.9173076923076923 0.3620689655172414
0 0.6461538461538462 0.2859195402298851 0.6461538461538462 0.28735632183908044 0.65 0.28735632183908044 0.65 0.2859195402298851 0.6461538461538462 0.2859195402298851
0 0.5596153846153846 0.0 0.5596153846153846 0.0014367816091954023 0.6192307692307693 0.0014367816091954023 0.6192307692307693 0.0 0.5596153846153846 0.0
0 1.051923076923077 0.1235632183908046 1.051923076923077 0.125 1.0673076923076923 0.125 1.0673076923076923 0.1235632183908046 1.051923076923077 0.1235632183908046
0 0.8346153846153846 0.5761494252873564 0.8346153846153846 0.5775862068965517 0.8461538461538461 0.5775862068965517 0.8461538461538461 0.5761494252873564 0.8346153846153846 0.5761494252873564
0 0.9096153846153846 0.6551724137931034 0.9096153846153846 0.6566091954022989 0.925 0.6566091954022989 0.925 0.6551724137931034 0.9096153846153846 0.6551724137931034
0 0.6173076923076923 0.07183908045977011 0.6173076923076923 0.07327586206896551 0.625 0.07327586206896551 0.625 0.07183908045977011 0.6173076923076923 0.07183908045977011
0 0.04230769230769231 0.014367816091954023 0.04230769230769231 0.015804597701149427 0.046153846153846156 0.015804597701149427 0.046153846153846156 0.014367816091954023 0.04230769230769231 0.014367816091954023
0 1.073076923076923 0.11206896551724138 1.073076923076923 0.11350574712643678 1.0788461538461538 0.11350574712643678 1.0788461538461538 0.11206896551724138 1.073076923076923 0.11206896551724138
0 0.6384615384615384 0.05603448275862069 0.6384615384615384 0.05747126436781609 0.65 0.05747126436781609 0.65 0.05603448275862069 0.6384615384615384 0.05603448275862069
0 0.03076923076923077 0.7083333333333334 0.03076923076923077 0.7097701149425287 0.038461538461538464 0.7097701149425287 0.038461538461538464 0.7083333333333334 0.03076923076923077 0.7083333333333334
0 0.19038461538461537 0.05172413793103448 0.19038461538461537 0.05316091954022988 0.19807692307692307 0.05316091954022988 0.19807692307692307 0.05172413793103448 0.19038461538461537 0.05172413793103448
0 0.6442307692307693 0.3850574712643678 0.6442307692307693 0.3864942528735632 0.6480769230769231 0.3864942528735632 0.6480769230769231 0.3850574712643678 0.6442307692307693 0.3850574712643678
0 0.7019230769230769 0.37212643678160917 0.7019230769230769 0.3735632183908046 0.7134615384615385 0.3735632183908046 0.7134615384615385 0.37212643678160917 0.7019230769230769 0.37212643678160917
0 0.5326923076923077 0.257183908045977 0.5326923076923077 0.25862068965517243 0.5576923076923077 0.25862068965517243 0.5576923076923077 0.257183908045977 0.5326923076923077 0.257183908045977
0 1.1692307692307693 0.1853448275862069 1.1692307692307693 0.1867816091954023 1.1923076923076923 0.1867816091954023 1.1923076923076923 0.1853448275862069 1.1692307692307693 0.1853448275862069
0 0.9115384615384615 0.36063218390804597 0.9115384615384615 0.3620689655172414 0.9288461538461539 0.3620689655172414 0.9288461538461539 0.36063218390804597 0.9115384615384615 0.36063218390804597
0 0.7153846153846154 0.10632183908045977 0.7153846153846154 0.10775862068965517 0.7326923076923076 0.10775862068965517 0.7326923076923076 0.10632183908045977 0.7153846153846154 0.10632183908045977
0 0.46153846153846156 0.6307471264367817 0.46153846153846156 0.632183908045977 0.47307692307692306 0.632183908045977 0.47307692307692306 0.6307471264367817 0.46153846153846156 0.6307471264367817
0 1.1076923076923078 0.09770114942528736 1.1076923076923078 0.09913793103448276 1.1096153846153847 0.09913793103448276 1.1096153846153847 0.09770114942528736 1.1076923076923078 0.09770114942528736
0 1.0 0.41522988505747127 1.0 0.4166666666666667 1.0115384615384615 0.4166666666666667 1.0115384615384615 0.41522988505747127 1.0 0.41522988505747127
0 0.9519230769230769 0.27586206896551724 0.9519230769230769 0.27729885057471265 0.9730769230769231 0.27729885057471265 0.9730769230769231 0.27586206896551724 0.9519230769230769 0.27586206896551724
0 0.6173076923076923 0.5114942528735632 0.6173076923076923 0.5129310344827587 0.6230769230769231 0.5129310344827587 0.6230769230769231 0.5114942528735632 0.6173076923076923 0.5114942528735632
0 0.9519230769230769 0.49137931034482757 0.9519230769230769 0.492816091954023 0.9576923076923077 0.492816091954023 0.9576923076923077 0.49137931034482757 0.9519230769230769 0.49137931034482757
0 0.19038461538461537 0.1235632183908046 0.19038461538461537 0.125 0.19615384615384615 0.125 0.19615384615384615 0.1235632183908046 0.19038461538461537 0.1235632183908046
0 0.35 0.16235632183908047 0.35 0.16379310344827586 0.35192307692307695 0.16379310344827586 0.35192307692307695 0.16235632183908047 0.35 0.16235632183908047
0 0.3019230769230769 0.5804597701149425 0.3019230769230769 0.5818965517241379 0.3038461538461538 0.5818965517241379 0.3038461538461538 0.5804597701149425 0.3019230769230769 0.5804597701149425
0 0.06153846153846154 0.07614942528735633 0.06153846153846154 0.07758620689655173 0.06346153846153846 0.07758620689655173 0.06346153846153846 0.07614942528735633 0.06153846153846154 0.07614942528735633
0 1.2173076923076922 0.5675287356321839 1.2173076923076922 0.5689655172413793 1.225 0.5689655172413793 1.225 0.5675287356321839 1.2173076923076922 0.5675287356321839
0 0.6730769230769231 0.4640804597701149 0.6730769230769231 0.46551724137931033 0.676923076923077 0.46551724137931033 0.676923076923077 0.4640804597701149 0.6730769230769231 0.4640804597701149
0 0.49423076923076925 0.022988505747126436 0.49423076923076925 0.02442528735632184 0.5192307692307693 0.02442528735632184 0.5192307692307693 0.022988505747126436 0.49423076923076925 0.022988505747126436
0 0.6615384615384615 0.27298850574712646 0.6615384615384615 0.2744252873563218 0.676923076923077 0.2744252873563218 0.676923076923077 0.27298850574712646 0.6615384615384615 0.27298850574712646
0 0.11923076923076924 0.1997126436781609 0.11923076923076924 0.20114942528735633 0.13076923076923078 0.20114942528735633 0.13076923076923078 0.1997126436781609 0.11923076923076924 0.1997126436781609
0 0.5365384615384615 0.5574712643678161 0.5365384615384615 0.5589080459770115 0.5480769230769231 0.5589080459770115 0.5480769230769231 0.5574712643678161 0.5365384615384615 0.5574712643678161
0 0.2153846153846154 0.47701149425287354 0.2153846153846154 0.47844827586206895 0.24423076923076922 0.47844827586206895 0.24423076923076922 0.47701149425287354 0.2153846153846154 0.47701149425287354
0 0.41346153846153844 0.005747126436781609 0.41346153846153844 0.007183908045977011 0.4153846153846154 0.007183908045977011 0.4153846153846154 0.005747126436781609 0.41346153846153844 0.005747126436781609
0 0.9519230769230769 0.4295977011494253 0.9519230769230769 0.43103448275862066 0.9596153846153846 0.43103448275862066 0.9596153846153846 0.4295977011494253 0.9519230769230769 0.4295977011494253
0 1.2307692307692308 0.29310344827586204 1.2307692307692308 0.29454022988505746 1.2423076923076923 0.29454022988505746 1.2423076923076923 0.29310344827586204 1.2307692307692308 0.29310344827586204
0 0.9115384615384615 0.4942528735632184 0.9115384615384615 0.4956896551724138 0.9326923076923077 0.4956896551724138 0.9326923076923077 0.4942528735632184 0.9115384615384615 0.4942528735632184
0 0.6807692307692308 0.19540229885057472 0.6807692307692308 0.1968390804597701 0.6961538461538461 0.1968390804597701 0.6961538461538461 0.19540229885057472 0.6807692307692308 0.19540229885057472
0 0.8826923076923077 0.6925287356321839 0.8826923076923077 0.6939655172413793 0.8942307692307693 0.6939655172413793 0.8942307692307693 0.6925287356321839 0.8826923076923077 0.6925287356321839
0 1.0769230769230769 0.16522988505747127 1.0769230769230769 0.16666666666666666 1.0942307692307693 0.16666666666666666 1.0942307692307693 0.16522988505747127 1.0769230769230769 0.16522988505747127
0 0.9134615384615384 0.7054597701149425 0.9134615384615384 0.7068965517241379 0.9384615384615385 0.7068965517241379 0.9384615384615385 0.7054597701149425 0.9134615384615384 0.7054597701149425
0 0.3269230769230769 0.0 0.3269230769230769 0.0014367816091954023 0.3730769230769231 0.0014367816091954023 0.3730769230769231 0.0 0.3269230769230769 0.0
0 0.025 0.07902298850574713 0.025 0.08045977011494253 0.03653846153846154 0.08045977011494253 0.03653846153846154 0.07902298850574713 0.025 0.07902298850574713
0 1.0865384615384615 0.5905172413793104 1.0865384615384615 0.5919540229885057 1.0961538461538463 0.5919540229885057 1.0961538461538463 0.5905172413793104 1.0865384615384615 0.5905172413793104
0 0.6788461538461539 0.21264367816091953 0.6788461538461539 0.21408045977011494 0.6903846153846154 0.21408045977011494 0.6903846153846154 0.21264367816091953 0.6788461538461539 0.21264367816091953
0 0.14807692307692308 0.0014367816091954023 0.14807692307692308 0.0028735632183908046 0.16538461538461538 0.0028735632183908046 0.16538461538461538 0.0014367816091954023 0.14807692307692308 0.0014367816091954023
0 0.7673076923076924 0.7126436781609196 0.7673076923076924 0.7140804597701149 0.7692307692307693 0.7140804597701149 0.7692307692307693 0.7126436781609196 0.7673076923076924 0.7126436781609196
0 1.273076923076923 0.2686781609195402 1.273076923076923 0.27011494252873564 1.2865384615384616 0.27011494252873564 1.2865384615384616 0.2686781609195402 1.273076923076923 0.2686781609195402
0 0.8596153846153847 0.3290229885057471 0.8596153846153847 0.33045977011494254 0.8711538461538462 0.33045977011494254 0.8711538461538462 0.3290229885057471 0.8596153846153847 0.3290229885057471
0 0.35192307692307695 0.08764367816091954 0.35192307692307695 0.08908045977011494 0.35384615384615387 0.08908045977011494 0.35384615384615387 0.08764367816091954 0.35192307692307695 0.08764367816091954
0 1.3365384615384615 0.28448275862068967 1.3365384615384615 0.2859195402298851 1.3384615384615384 0.2859195402298851 1.3384615384615384 0.28448275862068967 1.3365384615384615 0.28448275862068967
0 0.6711538461538461 0.4956896551724138 0.6711538461538461 0.49712643678160917 0.6884615384615385 0.49712643678160917 0.6884615384615385 0.4956896551724138 0.6711538461538461 0.4956896551724138
0 0.7442307692307693 0.43103448275862066 0.7442307692307693 0.4324712643678161 0.75 0.4324712643678161 0.75 0.43103448275862066 0.7442307692307693 0.43103448275862066
0 0.9057692307692308 0.6436781609195402 0.9057692307692308 0.6451149425287356 0.9173076923076923 0.6451149425287356 0.9173076923076923 0.6436781609195402 0.9057692307692308 0.6436781609195402
0 1.021153846153846 0.33477011494252873 1.021153846153846 0.33620689655172414 1.0365384615384616 0.33620689655172414 1.0365384615384616 0.33477011494252873 1.021153846153846 0.33477011494252873
0 1.2192307692307693 0.21408045977011494 1.2192307692307693 0.21551724137931033 1.2307692307692308 0.21551724137931033 1.2307692307692308 0.21408045977011494 1.2192307692307693 0.21408045977011494
0 0.85 0.06896551724137931 0.85 0.07040229885057471 0.8576923076923076 0.07040229885057471 0.8576923076923076 0.06896551724137931 0.85 0.06896551724137931
0 0.3057692307692308 0.5158045977011494 0.3057692307692308 0.5172413793103449 0.3192307692307692 0.5172413793103449 0.3192307692307692 0.5158045977011494 0.3057692307692308 0.5158045977011494
0 0.6807692307692308 0.2471264367816092 0.6807692307692308 0.24856321839080459 0.6923076923076923 0.24856321839080459 0.6923076923076923 0.2471264367816092 0.6807692307692308 0.2471264367816092
0 0.9307692307692308 0.5761494252873564 0.9307692307692308 0.5775862068965517 0.948076923076923 0.5775862068965517 0.948076923076923 0.5761494252873564 0.9307692307692308 0.5761494252873564
0 1.225 0.5775862068965517 1.225 0.5790229885057471 1.2403846153846154 0.5790229885057471 1.2403846153846154 0.5775862068965517 1.225 0.5775862068965517
0 0.5096153846153846 0.0 0.5096153846153846 0.0014367816091954023 0.5403846153846154 0.0014367816091954023 0.5403846153846154 0.0 0.5096153846153846 0.0
0 0.875 0.3103448275862069 0.875 0.3117816091954023 0.8923076923076924 0.3117816091954023 0.8923076923076924 0.3103448275862069 0.875 0.3103448275862069
0 1.3096153846153846 0.3218390804597701 1.3096153846153846 0.3232758620689655 1.3211538461538461 0.3232758620689655 1.3211538461538461 0.3218390804597701 1.3096153846153846 0.3218390804597701
0 0.028846153846153848 0.2557471264367816 0.028846153846153848 0.257183908045977 0.04038461538461539 0.257183908045977 0.04038461538461539 0.2557471264367816 0.028846153846153848 0.2557471264367816
0 0.37115384615384617 0.05603448275862069 0.37115384615384617 0.05747126436781609 0.3903846153846154 0.05747126436781609 0.3903846153846154 0.05603448275862069 0.37115384615384617 0.05603448275862069
0 0.8826923076923077 0.07471264367816093 0.8826923076923077 0.07614942528735633 0.8942307692307693 0.07614942528735633 0.8942307692307693 0.07471264367816093 0.8826923076923077 0.07471264367816093
0 0.7384615384615385 0.6336206896551724 0.7384615384615385 0.6350574712643678 0.7403846153846154 0.6350574712643678 0.7403846153846154 0.6336206896551724 0.7384615384615385 0.6336206896551724
0 1.3365384615384615 0.7126436781609196 1.3365384615384615 0.7140804597701149 1.3384615384615384 0.7140804597701149 1.3384615384615384 0.7126436781609196 1.3365384615384615 0.7126436781609196
0 1.2057692307692307 0.1278735632183908 1.2057692307692307 0.12931034482758622 1.2230769230769232 0.12931034482758622 1.2230769230769232 0.1278735632183908 1.2057692307692307 0.1278735632183908
0 0.046153846153846156 0.02586206896551724 0.046153846153846156 0.027298850574712645 0.07115384615384615 0.027298850574712645 0.07115384615384615 0.02586206896551724 0.046153846153846156 0.02586206896551724
0 0.22115384615384615 0.6824712643678161 0.22115384615384615 0.6839080459770115 0.2230769230769231 0.6839080459770115 0.2230769230769231 0.6824712643678161 0.22115384615384615 0.6824712643678161
0 0.04038461538461539 0.5474137931034483 0.04038461538461539 0.5488505747126436 0.046153846153846156 0.5488505747126436 0.046153846153846156 0.5474137931034483 0.04038461538461539 0.5474137931034483
0 0.20576923076923076 0.507183908045977 0.20576923076923076 0.5086206896551724 0.2076923076923077 0.5086206896551724 0.2076923076923077 0.507183908045977 0.20576923076923076 0.507183908045977
0 0.3942307692307692 0.3390804597701149 0.3942307692307692 0.34051724137931033 0.39615384615384613 0.34051724137931033 0.39615384615384613 0.3390804597701149 0.3942307692307692 0.3390804597701149
0 1.0288461538461537 0.15804597701149425 1.0288461538461537 0.15948275862068967 1.0442307692307693 0.15948275862068967 1.0442307692307693 0.15804597701149425 1.0288461538461537 0.15804597701149425
0 0.7346153846153847 0.6364942528735632 0.7346153846153847 0.6379310344827587 0.7519230769230769 0.6379310344827587 0.7519230769230769 0.6364942528735632 0.7346153846153847 0.6364942528735632
0 0.051923076923076926 0.09339080459770115 0.051923076923076926 0.09482758620689655 0.05961538461538462 0.09482758620689655 0.05961538461538462 0.09339080459770115 0.051923076923076926 0.09339080459770115
0 0.29423076923076924 0.3577586206896552 0.29423076923076924 0.35919540229885055 0.3076923076923077 0.35919540229885055 0.3076923076923077 0.3577586206896552 0.29423076923076924 0.3577586206896552
0 0.801923076923077 0.05172413793103448 0.801923076923077 0.05316091954022988 0.8115384615384615 0.05316091954022988 0.8115384615384615 0.05172413793103448 0.801923076923077 0.05172413793103448
0 1.323076923076923 0.21551724137931033 1.323076923076923 0.21695402298850575 1.3384615384615384 0.21695402298850575 1.3384615384615384 0.21551724137931033 1.323076923076923 0.21551724137931033
0 0.3730769230769231 0.39511494252873564 0.3730769230769231 0.39655172413793105 0.3769230769230769 0.39655172413793105 0.3769230769230769 0.39511494252873564 0.3730769230769231 0.39511494252873564
0 0.24423076923076922 0.1221264367816092 0.24423076923076922 0.1235632183908046 0.2653846153846154 0.1235632183908046 0.2653846153846154 0.1221264367816092 0.24423076923076922 0.1221264367816092
0 0.6673076923076923 0.3132183908045977 0.6673076923076923 0.3146551724137931 0.6730769230769231 0.3146551724137931 0.6730769230769231 0.3132183908045977 0.6673076923076923 0.3132183908045977
0 0.3038461538461538 0.34339080459770116 0.3038461538461538 0.3448275862068966 0.3173076923076923 0.3448275862068966 0.3173076923076923 0.34339080459770116 0.3038461538461538 0.34339080459770116
0 1.1076923076923078 0.1968390804597701 1.1076923076923078 0.19827586206896552 1.1173076923076923 0.19827586206896552 1.1173076923076923 0.1968390804597701 1.1076923076923078 0.1968390804597701
0 0.7307692307692307 0.2514367816091954 0.7307692307692307 0.25287356321839083 0.7365384615384616 0.25287356321839083 0.7365384615384616 0.2514367816091954 0.7307692307692307 0.2514367816091954
0 0.27884615384615385 0.2514367816091954 0.27884615384615385 0.25287356321839083 0.28076923076923077 0.25287356321839083 0.28076923076923077 0.2514367816091954 0.27884615384615385 0.2514367816091954
0 0.22884615384615384 0.027298850574712645 0.22884615384615384 0.028735632183908046 0.23461538461538461 0.028735632183908046 0.23461538461538461 0.027298850574712645 0.22884615384615384 0.027298850574712645
0 1.0461538461538462 0.3505747126436782 1.0461538461538462 0.35201149425287354 1.0538461538461539 0.35201149425287354 1.0538461538461539 0.3505747126436782 1.0461538461538462 0.3505747126436782
0 0.4403846153846154 0.0 0.4403846153846154 0.0014367816091954023 0.47884615384615387 0.0014367816091954023 0.47884615384615387 0.0 0.4403846153846154 0.0
0 0.19038461538461537 0.0028735632183908046 0.19038461538461537 0.004310344827586207 0.20961538461538462 0.004310344827586207 0.20961538461538462 0.0028735632183908046 0.19038461538461537 0.0028735632183908046
0 0.1076923076923077 0.05172413793103448 0.1076923076923077 0.05316091954022988 0.125 0.05316091954022988 0.125 0.05172413793103448 0.1076923076923077 0.05172413793103448
0 0.1423076923076923 0.34339080459770116 0.1423076923076923 0.3448275862068966 0.14807692307692308 0.3448275862068966 0.14807692307692308 0.34339080459770116 0.1423076923076923 0.34339080459770116
0 0.8153846153846154 0.14511494252873564 0.8153846153846154 0.14655172413793102 0.8173076923076923 0.14655172413793102 0.8173076923076923 0.14511494252873564 0.8153846153846154 0.14511494252873564
0 0.525 0.6221264367816092 0.525 0.6235632183908046 0.5461538461538461 0.6235632183908046 0.5461538461538461 0.6221264367816092 0.525 0.6221264367816092
0 1.3 0.6120689655172413 1.3 0.6135057471264368 1.3269230769230769 0.6135057471264368 1.3269230769230769 0.6120689655172413 1.3 0.6120689655172413
0 0.5865384615384616 0.603448275862069 0.5865384615384616 0.6048850574712644 0.5961538461538461 0.6048850574712644 0.5961538461538461 0.603448275862069 0.5865384615384616 0.603448275862069
0 1.2038461538461538 0.6379310344827587 1.2038461538461538 0.639367816091954 1.2076923076923076 0.639367816091954 1.2076923076923076 0.6379310344827587 1.2038461538461538 0.6379310344827587
0 0.19423076923076923 0.5416666666666666 0.19423076923076923 0.5431034482758621 0.21346153846153845 0.5431034482758621 0.21346153846153845 0.5416666666666666 0.19423076923076923 0.5416666666666666
0 0.41923076923076924 0.7413793103448276 0.41923076923076924 0.742816091954023 0.4307692307692308 0.742816091954023 0.4307692307692308 0.7413793103448276 0.41923076923076924 0.7413793103448276
0 0.5942307692307692 0.010057471264367816 0.5942307692307692 0.011494252873563218 0.6038461538461538 0.011494252873563218 0.6038461538461538 0.010057471264367816 0.5942307692307692 0.010057471264367816
0 0.85 0.2916666666666667 0.85 0.29310344827586204 0.8615384615384616 0.29310344827586204 0.8615384615384616 0.2916666666666667 0.85 0.2916666666666667
0 0.11730769230769231 0.0 0.11730769230769231 0.0014367816091954023 0.14423076923076922 0.0014367816091954023 0.14423076923076922 0.0 0.11730769230769231 0.0
0 0.24807692307692308 0.38362068965517243 0.24807692307692308 0.3850574712643678 0.25961538461538464 0.3850574712643678 0.25961538461538464 0.38362068965517243 0.24807692307692308 0.38362068965517243
0 0.011538461538461539 0.23706896551724138 0.011538461538461539 0.23850574712643677 0.023076923076923078 0.23850574712643677 0.023076923076923078 0.23706896551724138 0.011538461538461539 0.23706896551724138
0 1.3173076923076923 0.28160919540229884 1.3173076923076923 0.28304597701149425 1.3307692307692307 0.28304597701149425 1.3307692307692307 0.28160919540229884 1.3173076923076923 0.28160919540229884
0 0.9653846153846154 0.6508620689655172 0.9653846153846154 0.6522988505747126 0.9730769230769231 0.6522988505747126 0.9730769230769231 0.6508620689655172 0.9653846153846154 0.6508620689655172
0 1.3096153846153846 0.1235632183908046 1.3096153846153846 0.125 1.3173076923076923 0.125 1.3173076923076923 0.1235632183908046 1.3096153846153846 0.1235632183908046
0 1.1365384615384615 0.21695402298850575 1.1365384615384615 0.21839080459770116 1.1423076923076922 0.21839080459770116 1.1423076923076922 0.21695402298850575 1.1365384615384615 0.21695402298850575
0 0.5634615384615385 0.5129310344827587 0.5634615384615385 0.514367816091954 0.5692307692307692 0.514367816091954 0.5692307692307692 0.5129310344827587 0.5634615384615385 0.5129310344827587
0 1.3057692307692308 0.4511494252873563 1.3057692307692308 0.4525862068965517 1.3173076923076923 0.4525862068965517 1.3173076923076923 0.4511494252873563 1.3057692307692308 0.4511494252873563
0 0.5115384615384615 0.3635057471264368 0.5115384615384615 0.3649425287356322 0.5211538461538462 0.3649425287356322 0.5211538461538462 0.3635057471264368 0.5115384615384615 0.3635057471264368
0 0.10384615384615385 0.033045977011494254 0.10384615384615385 0.034482758620689655 0.11346153846153846 0.034482758620689655 0.11346153846153846 0.033045977011494254 0.10384615384615385 0.033045977011494254
0 1.1730769230769231 0.035919540229885055 1.1730769230769231 0.03735632183908046 1.1826923076923077 0.03735632183908046 1.1826923076923077 0.035919540229885055 1.1730769230769231 0.035919540229885055
0 0.10384615384615385 0.27298850574712646 0.10384615384615385 0.2744252873563218 0.11923076923076924 0.2744252873563218 0.11923076923076924 0.27298850574712646 0.10384615384615385 0.27298850574712646
0 0.4673076923076923 0.034482758620689655 0.4673076923076923 0.035919540229885055 0.47692307692307695 0.035919540229885055 0.47692307692307695 0.034482758620689655 0.4673076923076923 0.034482758620689655
0 0.5480769230769231 0.20977011494252873 0.5480769230769231 0.21120689655172414 0.5596153846153846 0.21120689655172414 0.5596153846153846 0.20977011494252873 0.5480769230769231 0.20977011494252873
0 1.2384615384615385 0.632183908045977 1.2384615384615385 0.6336206896551724 1.25 0.6336206896551724 1.25 0.632183908045977 1.2384615384615385 0.632183908045977
0 0.5653846153846154 0.6508620689655172 0.5653846153846154 0.6522988505747126 0.5807692307692308 0.6522988505747126 0.5807692307692308 0.6508620689655172 0.5653846153846154 0.6508620689655172
0 0.7557692307692307 0.1724137931034483 0.7557692307692307 0.17385057471264367 0.7596153846153846 0.17385057471264367 0.7596153846153846 0.1724137931034483 0.7557692307692307 0.1724137931034483
0 0.021153846153846155 0.4238505747126437 0.021153846153846155 0.42528735632183906 0.023076923076923078 0.42528735632183906 0.023076923076923078 0.4238505747126437 0.021153846153846155 0.4238505747126437
0 0.026923076923076925 0.27155172413793105 0.026923076923076925 0.27298850574712646 0.03076923076923077 0.27298850574712646 0.03076923076923077 0.27155172413793105 0.026923076923076925 0.27155172413793105
0 0.9807692307692307 0.47844827586206895 0.9807692307692307 0.47988505747126436 1.0096153846153846 0.47988505747126436 1.0096153846153846 0.47844827586206895 0.9807692307692307 0.47844827586206895
0 1.1557692307692307 0.10919540229885058 1.1557692307692307 0.11063218390804598 1.1711538461538462 0.11063218390804598 1.1711538461538462 0.10919540229885058 1.1557692307692307 0.10919540229885058
0 0.475 0.34051724137931033 0.475 0.34195402298850575 0.49230769230769234 0.34195402298850575 0.49230769230769234 0.34051724137931033 0.475 0.34051724137931033
0 0.8576923076923076 0.7169540229885057 0.8576923076923076 0.7183908045977011 0.8673076923076923 0.7183908045977011 0.8673076923076923 0.7169540229885057 0.8576923076923076 0.7169540229885057
0 0.5923076923076923 0.6436781609195402 0.5923076923076923 0.6451149425287356 0.6115384615384616 0.6451149425287356 0.6115384615384616 0.6436781609195402 0.5923076923076923 0.6436781609195402
0 0.2903846153846154 0.08045977011494253 0.2903846153846154 0.08189655172413793 0.2923076923076923 0.08189655172413793 0.2923076923076923 0.08045977011494253 0.2903846153846154 0.08045977011494253
0 0.6153846153846154 0.014367816091954023 0.6153846153846154 0.015804597701149427 0.6230769230769231 0.015804597701149427 0.6230769230769231 0.014367816091954023 0.6153846153846154 0.014367816091954023
0 1.2326923076923078 0.1853448275862069 1.2326923076923078 0.1867816091954023 1.2442307692307693 0.1867816091954023 1.2442307692307693 0.1853448275862069 1.2326923076923078 0.1853448275862069