0 0.698076923076923 0.3620689655172414 0.698076923076923 0.3635057471264368 0.7076923076923077 0.3635057471264368 0.7076923076923077 0.3620689655172414 0.698076923076923 0.3620689655172414
0 0.20192307692307693 0.21839080459770116 0.20192307692307693 0.21982758620689655 0.20576923076923076 0.21982758620689655 0.20576923076923076 0.21839080459770116 0.20192307692307693 0.21839080459770116
0 0.225 0.5905172413793104 0.225 0.5919540229885057 0.23461538461538461 0.5919540229885057 0.23461538461538461 0.5905172413793104 0.225 0.5905172413793104
0 0.35192307692307695 0.6810344827586207 0.35192307692307695 0.6824712643678161 0.3557692307692308 0.6824712643678161 0.3557692307692308 0.6810344827586207 0.35192307692307695 0.6810344827586207
0 0.5384615384615384 0.5962643678160919 0.5384615384615384 0.5977011494252874 0.5461538461538461 0.5977011494252874 0.5461538461538461 0.5962643678160919 0.5384615384615384 0.5962643678160919
0 0.49038461538461536 0.15517241379310345 0.49038461538461536 0.15660919540229884 0.4980769230769231 0.15660919540229884 0.4980769230769231 0.15517241379310345 0.49038461538461536 0.15517241379310345
0 0.6884615384615385 0.603448275862069 0.6884615384615385 0.6048850574712644 0.698076923076923 0.6048850574712644 0.698076923076923 0.603448275862069 0.6884615384615385 0.603448275862069
0 0.9230769230769231 0.3793103448275862 0.9230769230769231 0.3807471264367816 0.926923076923077 0.3807471264367816 0.926923076923077 0.3793103448275862 0.9230769230769231 0.3793103448275862
0 0.05576923076923077 0.5488505747126436 0.05576923076923077 0.5502873563218391 0.07115384615384615 0.5502873563218391 0.07115384615384615 0.5488505747126436 0.05576923076923077 0.5488505747126436
0 0.9076923076923077 0.5057471264367817 0.9076923076923077 0.507183908045977 0.9211538461538461 0.507183908045977 0.9211538461538461 0.5057471264367817 0.9076923076923077 0.5057471264367817
0 0.36538461538461536 0.5201149425287356 0.36538461538461536 0.521551724137931 0.375 0.521551724137931 0.375 0.5201149425287356 0.36538461538461536 0.5201149425287356
0 0.9692307692307692 0.1278735632183908 0.9692307692307692 0.12931034482758622 0.9826923076923076 0.12931034482758622 0.9826923076923076 0.1278735632183908 0.9692307692307692 0.1278735632183908
0 1.05 0.4425287356321839 1.05 0.44396551724137934 1.0769230769230769 0.44396551724137934 1.0769230769230769 0.4425287356321839 1.05 0.4425287356321839
0 1.0403846153846155 0.5 1.0403846153846155 0.5014367816091954 1.0461538461538462 0.5014367816091954 1.0461538461538462 0.5 1.0403846153846155 0.5
0 0.6634615384615384 0.6652298850574713 0.6634615384615384 0.6666666666666666 0.6865384615384615 0.6666666666666666 0.6865384615384615 0.6652298850574713 0.6634615384615384 0.6652298850574713
0 0.10192307692307692 0.6264367816091954 0.10192307692307692 0.6278735632183908 0.10961538461538461 0.6278735632183908 0.10961538461538461 0.6264367816091954 0.10192307692307692 0.6264367816091954
0 0.9230769230769231 0.02586206896551724 0.9230769230769231 0.027298850574712645 0.926923076923077 0.027298850574712645 0.926923076923077 0.02586206896551724 0.9230769230769231 0.02586206896551724
0 0.17115384615384616 0.005747126436781609 0.17115384615384616 0.007183908045977011 0.17884615384615385 0.007183908045977011 0.17884615384615385 0.005747126436781609 0.17115384615384616 0.005747126436781609
0 0.5846153846153846 0.10488505747126436 0.5846153846153846 0.10632183908045977 0.5903846153846154 0.10632183908045977 0.5903846153846154 0.10488505747126436 0.5846153846153846 0.10488505747126436
0 0.4115384615384615 0.6795977011494253 0.4115384615384615 0.6810344827586207 0.425 0.6810344827586207 0.425 0.6795977011494253 0.4115384615384615 0.6795977011494253
0 0.1423076923076923 0.3807471264367816 0.1423076923076923 0.382183908045977 0.1519230769230769 0.382183908045977 0.1519230769230769 0.3807471264367816 0.1423076923076923 0.3807471264367816
0 0.6442307692307693 0.5517241379310345 0.6442307692307693 0.5531609195402298 0.6557692307692308 0.5531609195402298 0.6557692307692308 0.5517241379310345 0.6442307692307693 0.5517241379310345
0 1.0403846153846155 0.15086206896551724 1.0403846153846155 0.15229885057471265 1.0692307692307692 0.15229885057471265 1.0692307692307692 0.15086206896551724 1.0403846153846155 0.15086206896551724
0 1.001923076923077 0.5474137931034483 1.001923076923077 0.5488505747126436 1.0134615384615384 0.5488505747126436 1.0134615384615384 0.5474137931034483 1.001923076923077 0.5474137931034483
0 0.9288461538461539 0.3017241379310345 0.9288461538461539 0.3031609195402299 0.9326923076923077 0.3031609195402299 0.9326923076923077 0.3017241379310345 0.9288461538461539 0.3017241379310345
0 0.9961538461538462 0.5229885057471264 0.9961538461538462 0.5244252873563219 1.0 0.5244252873563219 1.0 0.5229885057471264 0.9961538461538462 0.5229885057471264
0 1.3326923076923076 0.14224137931034483 1.3326923076923076 0.14367816091954022 1.3365384615384615 0.14367816091954022 1.3365384615384615 0.14224137931034483 1.3326923076923076 0.14224137931034483
0 0.6442307692307693 0.2629310344827586 0.6442307692307693 0.26436781609195403 0.6576923076923077 0.26436781609195403 0.6576923076923077 0.2629310344827586 0.6442307692307693 0.2629310344827586
0 1.146153846153846 0.21695402298850575 1.146153846153846 0.21839080459770116 1.1557692307692307 0.21839080459770116 1.1557692307692307 0.21695402298850575 1.146153846153846 0.21695402298850575
0 1.3057692307692308 0.6954022988505747 1.3057692307692308 0.6968390804597702 1.3346153846153845 0.6968390804597702 1.3346153846153845 0.6954022988505747 1.3057692307692308 0.6954022988505747
0 0.2076923076923077 0.23850574712643677 0.2076923076923077 0.23994252873563218 0.21153846153846154 0.23994252873563218 0.21153846153846154 0.23850574712643677 0.2076923076923077 0.23850574712643677
0 1.2692307692307692 0.514367816091954 1.2692307692307692 0.5158045977011494 1.275 0.5158045977011494 1.275 0.514367816091954 1.2692307692307692 0.514367816091954
0 0.19807692307692307 0.3864942528735632 0.19807692307692307 0.3879310344827586 0.20576923076923076 0.3879310344827586 0.20576923076923076 0.3864942528735632 0.19807692307692307 0.3864942528735632
0 0.5615384615384615 0.6795977011494253 0.5615384615384615 0.6810344827586207 0.5807692307692308 0.6810344827586207 0.5807692307692308 0.6795977011494253 0.5615384615384615 0.6795977011494253
0 0.028846153846153848 0.4324712643678161 0.028846153846153848 0.4339080459770115 0.04038461538461539 0.4339080459770115 0.04038461538461539 0.4324712643678161 0.028846153846153848 0.4324712643678161
0 0.8288461538461539 0.017241379310344827 0.8288461538461539 0.01867816091954023 0.8442307692307692 0.01867816091954023 0.8442307692307692 0.017241379310344827 0.8288461538461539 0.017241379310344827
0 0.8865384615384615 0.04597701149425287 0.8865384615384615 0.04741379310344827 0.9096153846153846 0.04741379310344827 0.9096153846153846 0.04597701149425287 0.8865384615384615 0.04597701149425287
0 0.9076923076923077 0.7270114942528736 0.9076923076923077 0.728448275862069 0.9326923076923077 0.728448275862069 0.9326923076923077 0.7270114942528736 0.9076923076923077 0.7270114942528736
0 0.6826923076923077 0.2025862068965517 0.6826923076923077 0.20402298850574713 0.6961538461538461 0.20402298850574713 0.6961538461538461 0.2025862068965517 0.6826923076923077 0.2025862068965517
0 0.25 0.5114942528735632 0.25 0.5129310344827587 0.25384615384615383 0.5129310344827587 0.25384615384615383 0.5114942528735632 0.25 0.5114942528735632
0 0.7057692307692308 0.5876436781609196 0.7057692307692308 0.5890804597701149 0.7134615384615385 0.5890804597701149 0.7134615384615385 0.5876436781609196 0.7057692307692308 0.5876436781609196
0 0.6884615384615385 0.7011494252873564 0.6884615384615385 0.7025862068965517 0.7 0.7025862068965517 0.7 0.7011494252873564 0.6884615384615385 0.7011494252873564
0 0.6019230769230769 0.07471264367816093 0.6019230769230769 0.07614942528735633 0.6057692307692307 0.07614942528735633 0.6057692307692307 0.07471264367816093 0.6019230769230769 0.07471264367816093
0 1.1115384615384616 0.017241379310344827 1.1115384615384616 0.01867816091954023 1.1173076923076923 0.01867816091954023 1.1173076923076923 0.017241379310344827 1.1115384615384616 0.017241379310344827
0 0.24423076923076922 0.632183908045977 0.24423076923076922 0.6336206896551724 0.25384615384615383 0.6336206896551724 0.25384615384615383 0.632183908045977 0.24423076923076922 0.632183908045977
0 1.1076923076923078 0.48563218390804597 1.1076923076923078 0.4870689655172414 1.1134615384615385 0.4870689655172414 1.1134615384615385 0.48563218390804597 1.1076923076923078 0.48563218390804597
0 1.0384615384615385 0.7169540229885057 1.0384615384615385 0.7183908045977011 1.05 0.7183908045977011 1.05 0.7169540229885057 1.0384615384615385 0.7169540229885057
0 0.15 0.610632183908046 0.15 0.6120689655172413 0.15384615384615385 0.6120689655172413 0.15384615384615385 0.610632183908046 0.15 0.610632183908046
0 0.8615384615384616 0.015804597701149427 0.8615384615384616 0.017241379310344827 0.8730769230769231 0.017241379310344827 0.8730769230769231 0.015804597701149427 0.8615384615384616 0.015804597701149427
0 0.5153846153846153 0.2744252873563218 0.5153846153846153 0.27586206896551724 0.5269230769230769 0.27586206896551724 0.5269230769230769 0.2744252873563218 0.5153846153846153 0.2744252873563218
0 0.8288461538461539 0.32471264367816094 0.8288461538461539 0.3261494252873563 0.8461538461538461 0.3261494252873563 0.8461538461538461 0.32471264367816094 0.8288461538461539 0.32471264367816094
0 0.4634615384615385 0.20402298850574713 0.4634615384615385 0.20545977011494254 0.47115384615384615 0.20545977011494254 0.47115384615384615 0.20402298850574713 0.4634615384615385 0.20402298850574713
0 0.11346153846153846 0.15229885057471265 0.11346153846153846 0.15373563218390804 0.11730769230769231 0.15373563218390804 0.11730769230769231 0.15229885057471265 0.11346153846153846 0.15229885057471265
0 0.875 0.0 0.875 0.0014367816091954023 0.9211538461538461 0.0014367816091954023 0.9211538461538461 0.0 0.875 0.0
0 0.9903846153846154 0.40660919540229884 0.9903846153846154 0.40804597701149425 0.9980769230769231 0.40804597701149425 0.9980769230769231 0.40660919540229884 0.9903846153846154 0.40660919540229884
0 0.20961538461538462 0.5014367816091954 0.20961538461538462 0.5028735632183908 0.2230769230769231 0.5028735632183908 0.2230769230769231 0.5014367816091954 0.20961538461538462 0.5014367816091954
0 0.8634615384615385 0.35201149425287354 0.8634615384615385 0.35344827586206895 0.8788461538461538 0.35344827586206895 0.8788461538461538 0.35201149425287354 0.8634615384615385 0.35201149425287354
0 0.8403846153846154 0.6307471264367817 0.8403846153846154 0.632183908045977 0.8865384615384615 0.632183908045977 0.8865384615384615 0.6307471264367817 0.8403846153846154 0.6307471264367817
0 0.015384615384615385 0.3692528735632184 0.015384615384615385 0.3706896551724138 0.019230769230769232 0.3706896551724138 0.019230769230769232 0.3692528735632184 0.015384615384615385 0.3692528735632184
0 1.301923076923077 0.21408045977011494 1.301923076923077 0.21551724137931033 1.3134615384615385 0.21551724137931033 1.3134615384615385 0.21408045977011494 1.301923076923077 0.21408045977011494
0 1.1557692307692307 0.0028735632183908046 1.1557692307692307 0.004310344827586207 1.1653846153846155 0.004310344827586207 1.1653846153846155 0.0028735632183908046 1.1557692307692307 0.0028735632183908046
0 0.06923076923076923 0.7011494252873564 0.06923076923076923 0.7025862068965517 0.08269230769230769 0.7025862068965517 0.08269230769230769 0.7011494252873564 0.06923076923076923 0.7011494252873564
0 0.775 0.07758620689655173 0.775 0.07902298850574713 0.7961538461538461 0.07902298850574713 0.7961538461538461 0.07758620689655173 0.775 0.07758620689655173
0 1.2769230769230768 0.0603448275862069 1.2769230769230768 0.0617816091954023 1.2884615384615385 0.0617816091954023 1.2884615384615385 0.0603448275862069 1.2769230769230768 0.0603448275862069
0 0.4653846153846154 0.3635057471264368 0.4653846153846154 0.3649425287356322 0.4846153846153846 0.3649425287356322 0.4846153846153846 0.3635057471264368 0.4653846153846154 0.3635057471264368
0 0.6076923076923076 0.632183908045977 0.6076923076923076 0.6336206896551724 0.6153846153846154 0.6336206896551724 0.6153846153846154 0.632183908045977 0.6076923076923076 0.632183908045977
0 0.12692307692307692 0.2916666666666667 0.12692307692307692 0.29310344827586204 0.1346153846153846 0.29310344827586204 0.1346153846153846 0.2916666666666667 0.12692307692307692 0.2916666666666667
0 0.47884615384615387 0.47701149425287354 0.47884615384615387 0.47844827586206895 0.49423076923076925 0.47844827586206895 0.49423076923076925 0.47701149425287354 0.47884615384615387 0.47701149425287354
0 0.8711538461538462 0.7298850574712644 0.8711538461538462 0.7313218390804598 0.8769230769230769 0.7313218390804598 0.8769230769230769 0.7298850574712644 0.8711538461538462 0.7298850574712644
0 0.7192307692307692 0.17097701149425287 0.7192307692307692 0.1724137931034483 0.7230769230769231 0.1724137931034483 0.7230769230769231 0.17097701149425287 0.7192307692307692 0.17097701149425287
0 0.2673076923076923 0.08045977011494253 0.2673076923076923 0.08189655172413793 0.27115384615384613 0.08189655172413793 0.27115384615384613 0.08045977011494253 0.2673076923076923 0.08045977011494253
0 0.5673076923076923 0.7341954022988506 0.5673076923076923 0.735632183908046 0.5884615384615385 0.735632183908046 0.5884615384615385 0.7341954022988506 0.5673076923076923 0.7341954022988506
0 1.0538461538461539 0.29454022988505746 1.0538461538461539 0.2959770114942529 1.073076923076923 0.2959770114942529 1.073076923076923 0.29454022988505746 1.0538461538461539 0.29454022988505746
0 0.3230769230769231 0.5948275862068966 0.3230769230769231 0.5962643678160919 0.33076923076923076 0.5962643678160919 0.33076923076923076 0.5948275862068966 0.3230769230769231 0.5948275862068966
0 0.175 0.014367816091954023 0.175 0.015804597701149427 0.18653846153846154 0.015804597701149427 0.18653846153846154 0.014367816091954023 0.175 0.014367816091954023
0 0.6730769230769231 0.7083333333333334 0.6730769230769231 0.7097701149425287 0.6807692307692308 0.7097701149425287 0.6807692307692308 0.7083333333333334 0.6730769230769231 0.7083333333333334
0 0.8211538461538461 0.7011494252873564 0.8211538461538461 0.7025862068965517 0.8269230769230769 0.7025862068965517 0.8269230769230769 0.7011494252873564 0.8211538461538461 0.7011494252873564
0 0.5269230769230769 0.5933908045977011 0.5269230769230769 0.5948275862068966 0.5365384615384615 0.5948275862068966 0.5365384615384615 0.5933908045977011 0.5269230769230769 0.5933908045977011
0 0.2 0.46839080459770116 0.2 0.4698275862068966 0.22115384615384615 0.4698275862068966 0.22115384615384615 0.46839080459770116 0.2 0.46839080459770116
0 0.75 0.5962643678160919 0.75 0.5977011494252874 0.7615384615384615 0.5977011494252874 0.7615384615384615 0.5962643678160919 0.75 0.5962643678160919
0 0.10192307692307692 0.5646551724137931 0.10192307692307692 0.5660919540229885 0.10961538461538461 0.5660919540229885 0.10961538461538461 0.5646551724137931 0.10192307692307692 0.5646551724137931
0 0.4403846153846154 0.02442528735632184 0.4403846153846154 0.02586206896551724 0.4461538461538462 0.02586206896551724 0.4461538461538462 0.02442528735632184 0.4403846153846154 0.02442528735632184
0 0.007692307692307693 0.3505747126436782 0.007692307692307693 0.35201149425287354 0.011538461538461539 0.35201149425287354 0.011538461538461539 0.3505747126436782 0.007692307692307693 0.3505747126436782
0 1.0134615384615384 0.6408045977011494 1.0134615384615384 0.6422413793103449 1.023076923076923 0.6422413793103449 1.023076923076923 0.6408045977011494 1.0134615384615384 0.6408045977011494
0 0.7692307692307693 0.15804597701149425 0.7692307692307693 0.15948275862068967 0.775 0.15948275862068967 0.775 0.15804597701149425 0.7692307692307693 0.15804597701149425
0 0.051923076923076926 0.5545977011494253 0.051923076923076926 0.5560344827586207 0.0673076923076923 0.5560344827586207 0.0673076923076923 0.5545977011494253 0.051923076923076926 0.5545977011494253
0 1.323076923076923 0.2988505747126437 1.323076923076923 0.30028735632183906 1.3384615384615384 0.30028735632183906 1.3384615384615384 0.2988505747126437 1.323076923076923 0.2988505747126437
0 1.1519230769230768 0.632183908045977 1.1519230769230768 0.6336206896551724 1.1634615384615385 0.6336206896551724 1.1634615384615385 0.632183908045977 1.1519230769230768 0.632183908045977
0 0.5903846153846154 0.20545977011494254 0.5903846153846154 0.20689655172413793 0.6 0.20689655172413793 0.6 0.20545977011494254 0.5903846153846154 0.20545977011494254
0 0.03461538461538462 0.0 0.03461538461538462 0.0014367816091954023 0.07307692307692308 0.0014367816091954023 0.07307692307692308 0.0 0.03461538461538462 0.0
0 1.1288461538461538 0.5790229885057471 1.1288461538461538 0.5804597701149425 1.1346153846153846 0.5804597701149425 1.1346153846153846 0.5790229885057471 1.1288461538461538 0.5790229885057471
0 0.9288461538461539 0.31896551724137934 0.9288461538461539 0.3204022988505747 0.9403846153846154 0.3204022988505747 0.9403846153846154 0.31896551724137934 0.9288461538461539 0.31896551724137934
0 1.0884615384615384 0.47126436781609193 1.0884615384615384 0.47270114942528735 1.1 0.47270114942528735 1.1 0.47126436781609193 1.0884615384615384 0.47126436781609193
0 0.6480769230769231 0.3735632183908046 0.6480769230769231 0.375 0.6596153846153846 0.375 0.6596153846153846 0.3735632183908046 0.6480769230769231 0.3735632183908046
0 1.2807692307692307 0.3017241379310345 1.2807692307692307 0.3031609195402299 1.2923076923076924 0.3031609195402299 1.2923076923076924 0.3017241379310345 1.2807692307692307 0.3017241379310345
0 0.25576923076923075 0.728448275862069 0.25576923076923075 0.7298850574712644 0.26346153846153847 0.7298850574712644 0.26346153846153847 0.728448275862069 0.25576923076923075 0.728448275862069
0 0.6692307692307692 0.35344827586206895 0.6692307692307692 0.35488505747126436 0.6865384615384615 0.35488505747126436 0.6865384615384615 0.35344827586206895 0.6692307692307692 0.35344827586206895
0 0.5615384615384615 0.15948275862068967 0.5615384615384615 0.16091954022988506 0.5788461538461539 0.16091954022988506 0.5788461538461539 0.15948275862068967 0.5615384615384615 0.15948275862068967
0 0.7269230769230769 0.3031609195402299 0.7269230769230769 0.3045977011494253 0.7307692307692307 0.3045977011494253 0.7307692307692307 0.3031609195402299 0.7269230769230769 0.3031609195402299
0 1.0365384615384616 0.4525862068965517 1.0365384615384616 0.4540229885057471 1.0423076923076924 0.4540229885057471 1.0423076923076924 0.4525862068965517 1.0365384615384616 0.4525862068965517
0 0.7307692307692307 0.5589080459770115 0.7307692307692307 0.5603448275862069 0.7384615384615385 0.5603448275862069 0.7384615384615385 0.5589080459770115 0.7307692307692307 0.5589080459770115
0 0.2326923076923077 0.6135057471264368 0.2326923076923077 0.6149425287356322 0.2423076923076923 0.6149425287356322 0.2423076923076923 0.6135057471264368 0.2326923076923077 0.6135057471264368
0 0.09807692307692308 0.15804597701149425 0.09807692307692308 0.15948275862068967 0.11153846153846154 0.15948275862068967 0.11153846153846154 0.15804597701149425 0.09807692307692308 0.15804597701149425
0 1.2865384615384616 0.6494252873563219 1.2865384615384616 0.6508620689655172 1.3 0.6508620689655172 1.3 0.6494252873563219 1.2865384615384616 0.6494252873563219
0 0.7884615384615384 0.3620689655172414 0.7884615384615384 0.3635057471264368 0.7923076923076923 0.3635057471264368 0.7923076923076923 0.3620689655172414 0.7884615384615384 0.3620689655172414
0 0.5211538461538462 0.4985632183908046 0.5211538461538462 0.5 0.5307692307692308 0.5 0.5307692307692308 0.4985632183908046 0.5211538461538462 0.4985632183908046
0 0.7173076923076923 0.5617816091954023 0.7173076923076923 0.5632183908045977 0.7269230769230769 0.5632183908045977 0.7269230769230769 0.5617816091954023 0.7173076923076923 0.5617816091954023
0 0.2230769230769231 0.40229885057471265 0.2230769230769231 0.40373563218390807 0.22884615384615384 0.40373563218390807 0.22884615384615384 0.40229885057471265 0.2230769230769231 0.40229885057471265
0 0.6903846153846154 0.3807471264367816 0.6903846153846154 0.382183908045977 0.7038461538461539 0.382183908045977 0.7038461538461539 0.3807471264367816 0.6903846153846154 0.3807471264367816
0 0.45384615384615384 0.44971264367816094 0.45384615384615384 0.4511494252873563 0.4596153846153846 0.4511494252873563 0.4596153846153846 0.44971264367816094 0.45384615384615384 0.44971264367816094
0 0.3211538461538462 0.5028735632183908 0.3211538461538462 0.5043103448275862 0.32884615384615384 0.5043103448275862 0.32884615384615384 0.5028735632183908 0.3211538461538462 0.5028735632183908
0 1.3192307692307692 0.5129310344827587 1.3192307692307692 0.514367816091954 1.3384615384615384 0.514367816091954 1.3384615384615384 0.5129310344827587 1.3192307692307692 0.5129310344827587
0 0.16153846153846155 0.6925287356321839 0.16153846153846155 0.6939655172413793 0.17115384615384616 0.6939655172413793 0.17115384615384616 0.6925287356321839 0.16153846153846155 0.6925287356321839
0 0.36153846153846153 0.24856321839080459 0.36153846153846153 0.25 0.375 0.25 0.375 0.24856321839080459 0.36153846153846153 0.24856321839080459
0 0.18653846153846154 0.06896551724137931 0.18653846153846154 0.07040229885057471 0.19230769230769232 0.07040229885057471 0.19230769230769232 0.06896551724137931 0.18653846153846154 0.06896551724137931
0 0.026923076923076925 0.12931034482758622 0.026923076923076925 0.1307471264367816 0.04230769230769231 0.1307471264367816 0.04230769230769231 0.12931034482758622 0.026923076923076925 0.12931034482758622
0 0.7230769230769231 0.09195402298850575 0.7230769230769231 0.09339080459770115 0.7269230769230769 0.09339080459770115 0.7269230769230769 0.09195402298850575 0.7230769230769231 0.09195402298850575
0 0.16346153846153846 0.1810344827586207 0.16346153846153846 0.1824712643678161 0.17115384615384616 0.1824712643678161 0.17115384615384616 0.1810344827586207 0.16346153846153846 0.1810344827586207
0 0.16153846153846155 0.3089080459770115 0.16153846153846155 0.3103448275862069 0.17692307692307693 0.3103448275862069 0.17692307692307693 0.3089080459770115 0.16153846153846155 0.3089080459770115
0 0.40576923076923077 0.22988505747126436 0.40576923076923077 0.23132183908045978 0.41923076923076924 0.23132183908045978 0.41923076923076924 0.22988505747126436 0.40576923076923077 0.22988505747126436
0 0.9980769230769231 0.07040229885057471 0.9980769230769231 0.07183908045977011 1.0153846153846153 0.07183908045977011 1.0153846153846153 0.07040229885057471 0.9980769230769231 0.07040229885057471
0 0.17115384615384616 0.03735632183908046 0.17115384615384616 0.03879310344827586 0.18461538461538463 0.03879310344827586 0.18461538461538463 0.03735632183908046 0.17115384615384616 0.03735632183908046
0 1.023076923076923 0.11781609195402298 1.023076923076923 0.11925287356321838 1.0365384615384616 0.11925287356321838 1.0365384615384616 0.11781609195402298 1.023076923076923 0.11781609195402298
0 0.5980769230769231 0.639367816091954 0.5980769230769231 0.6408045977011494 0.6134615384615385 0.6408045977011494 0.6134615384615385 0.639367816091954 0.5980769230769231 0.639367816091954
0 0.08846153846153847 0.40948275862068967 0.08846153846153847 0.4109195402298851 0.09615384615384616 0.4109195402298851 0.09615384615384616 0.40948275862068967 0.08846153846153847 0.40948275862068967
0 1.2038461538461538 0.4454022988505747 1.2038461538461538 0.4468390804597701 1.2230769230769232 0.4468390804597701 1.2230769230769232 0.4454022988505747 1.2038461538461538 0.4454022988505747
0 0.85 0.4870689655172414 0.85 0.4885057471264368 0.8615384615384616 0.4885057471264368 0.8615384615384616 0.4870689655172414 0.85 0.4870689655172414
0 0.225 0.19540229885057472 0.225 0.1968390804597701 0.22884615384615384 0.1968390804597701 0.22884615384615384 0.19540229885057472 0.225 0.19540229885057472
0 0.975 0.07614942528735633 0.975 0.07758620689655173 0.9903846153846154 0.07758620689655173 0.9903846153846154 0.07614942528735633 0.975 0.07614942528735633
0 0.5096153846153846 0.13649425287356323 0.5096153846153846 0.13793103448275862 0.5192307692307693 0.13793103448275862 0.5192307692307693 0.13649425287356323 0.5096153846153846 0.13649425287356323
0 0.38076923076923075 0.05890804597701149 0.38076923076923075 0.0603448275862069 0.40576923076923077 0.0603448275862069 0.40576923076923077 0.05890804597701149 0.38076923076923075 0.05890804597701149
0 0.7346153846153847 0.008620689655172414 0.7346153846153847 0.010057471264367816 0.7423076923076923 0.010057471264367816 0.7423076923076923 0.008620689655172414 0.7346153846153847 0.008620689655172414
0 0.21923076923076923 0.13793103448275862 0.21923076923076923 0.13936781609195403 0.23076923076923078 0.13936781609195403 0.23076923076923078 0.13793103448275862 0.21923076923076923 0.13793103448275862
0 0.4115384615384615 0.6695402298850575 0.4115384615384615 0.6709770114942529 0.425 0.6709770114942529 0.425 0.6695402298850575 0.4115384615384615 0.6695402298850575
0 0.47692307692307695 0.6479885057471264 0.47692307692307695 0.6494252873563219 0.4846153846153846 0.6494252873563219 0.4846153846153846 0.6479885057471264 0.47692307692307695 0.6479885057471264
0 1.2961538461538462 0.5201149425287356 1.2961538461538462 0.521551724137931 1.3096153846153846 0.521551724137931 1.3096153846153846 0.5201149425287356 1.2961538461538462 0.5201149425287356
0 0.13076923076923078 0.4482758620689655 0.13076923076923078 0.44971264367816094 0.15 0.44971264367816094 0.15 0.4482758620689655 0.13076923076923078 0.4482758620689655
0 0.32884615384615384 0.008620689655172414 0.32884615384615384 0.010057471264367816 0.34615384615384615 0.010057471264367816 0.34615384615384615 0.008620689655172414 0.32884615384615384 0.008620689655172414
0 0.9115384615384615 0.28160919540229884 0.9115384615384615 0.28304597701149425 0.9230769230769231 0.28304597701149425 0.9230769230769231 0.28160919540229884 0.9115384615384615 0.28160919540229884
0 1.3057692307692308 0.6508620689655172 1.3057692307692308 0.6522988505747126 1.3115384615384615 0.6522988505747126 1.3115384615384615 0.6508620689655172 1.3057692307692308 0.6508620689655172
0 1.0807692307692307 0.7313218390804598 1.0807692307692307 0.7327586206896551 1.101923076923077 0.7327586206896551 1.101923076923077 0.7313218390804598 1.0807692307692307 0.7313218390804598