0 0.26153846153846155 0.0 0.26153846153846155 0.002881844380403458 0.31153846153846154 0.002881844380403458 0.31153846153846154 0.0 0.26153846153846155 0.0
0 0.12692307692307692 0.5360230547550432 0.12692307692307692 0.5389048991354467 0.13846153846153847 0.5389048991354467 0.13846153846153847 0.5360230547550432 0.12692307692307692 0.5360230547550432
0 0.3384615384615385 0.2737752161383285 0.3384615384615385 0.276657060518732 0.36153846153846153 0.276657060518732 0.36153846153846153 0.2737752161383285 0.3384615384615385 0.2737752161383285
0 0.5923076923076923 0.723342939481268 0.5923076923076923 0.7262247838616714 0.6115384615384616 0.7262247838616714 0.6115384615384616 0.723342939481268 0.5923076923076923 0.723342939481268
0 0.36538461538461536 0.34293948126801155 0.36538461538461536 0.345821325648415 0.3769230769230769 0.345821325648415 0.3769230769230769 0.34293948126801155 0.36538461538461536 0.34293948126801155
0 1.0423076923076924 0.654178674351585 1.0423076923076924 0.6570605187319885 1.05 0.6570605187319885 1.05 0.654178674351585 1.0423076923076924 0.654178674351585
0 0.18076923076923077 0.6397694524495677 0.18076923076923077 0.6426512968299711 0.19615384615384615 0.6426512968299711 0.19615384615384615 0.6397694524495677 0.18076923076923077 0.6397694524495677
0 1.15 0.4755043227665706 1.15 0.4783861671469741 1.1692307692307693 0.4783861671469741 1.1692307692307693 0.4755043227665706 1.15 0.4755043227665706
0 0.926923076923077 0.27953890489913547 0.926923076923077 0.2824207492795389 0.9461538461538461 0.2824207492795389 0.9461538461538461 0.27953890489913547 0.926923076923077 0.27953890489913547
0 0.7615384615384615 0.27953890489913547 0.7615384615384615 0.2824207492795389 0.7769230769230769 0.2824207492795389 0.7769230769230769 0.27953890489913547 0.7615384615384615 0.27953890489913547
0 0.49230769230769234 0.002881844380403458 0.49230769230769234 0.005763688760806916 0.5230769230769231 0.005763688760806916 0.5230769230769231 0.002881844380403458 0.49230769230769234 0.002881844380403458
0 0.3038461538461538 0.14121037463976946 0.3038461538461538 0.1440922190201729 0.3192307692307692 0.1440922190201729 0.3192307692307692 0.14121037463976946 0.3038461538461538 0.14121037463976946
0 0.6346153846153846 0.39481268011527376 0.6346153846153846 0.3976945244956772 0.6576923076923077 0.3976945244956772 0.6576923076923077 0.39481268011527376 0.6346153846153846 0.39481268011527376
0 0.9115384615384615 0.12968299711815562 0.9115384615384615 0.13256484149855907 0.9230769230769231 0.13256484149855907 0.9230769230769231 0.12968299711815562 0.9115384615384615 0.12968299711815562
0 0.7192307692307692 0.49855907780979825 0.7192307692307692 0.5014409221902018 0.75 0.5014409221902018 0.75 0.49855907780979825 0.7192307692307692 0.49855907780979825
0 0.9692307692307692 0.31988472622478387 0.9692307692307692 0.3227665706051873 0.9769230769230769 0.3227665706051873 0.9769230769230769 0.31988472622478387 0.9692307692307692 0.31988472622478387
0 0.3346153846153846 0.1585014409221902 0.3346153846153846 0.16138328530259366 0.3423076923076923 0.16138328530259366 0.3423076923076923 0.1585014409221902 0.3346153846153846 0.1585014409221902
0 0.5576923076923077 0.4409221902017291 0.5576923076923077 0.4438040345821326 0.5846153846153846 0.4438040345821326 0.5846153846153846 0.4409221902017291 0.5576923076923077 0.4409221902017291
0 0.7884615384615384 0.3515850144092219 0.7884615384615384 0.35446685878962536 0.8076923076923077 0.35446685878962536 0.8076923076923077 0.3515850144092219 0.7884615384615384 0.3515850144092219
0 0.4230769230769231 0.553314121037464 0.4230769230769231 0.5561959654178674 0.4461538461538462 0.5561959654178674 0.4461538461538462 0.553314121037464 0.4230769230769231 0.553314121037464
0 0.36153846153846153 0.6455331412103746 0.36153846153846153 0.6484149855907781 0.38461538461538464 0.6484149855907781 0.38461538461538464 0.6455331412103746 0.36153846153846153 0.6455331412103746
0 0.06538461538461539 0.4034582132564842 0.06538461538461539 0.40634005763688763 0.09230769230769231 0.40634005763688763 0.09230769230769231 0.4034582132564842 0.06538461538461539 0.4034582132564842
0 1.2076923076923076 0.22478386167146974 1.2076923076923076 0.2276657060518732 1.226923076923077 0.2276657060518732 1.226923076923077 0.22478386167146974 1.2076923076923076 0.22478386167146974
0 1.3192307692307692 0.03170028818443804 1.3192307692307692 0.0345821325648415 1.3307692307692307 0.0345821325648415 1.3307692307692307 0.03170028818443804 1.3192307692307692 0.03170028818443804
0 1.023076923076923 0.5129682997118156 1.023076923076923 0.515850144092219 1.0461538461538462 0.515850144092219 1.0461538461538462 0.5129682997118156 1.023076923076923 0.5129682997118156
0 0.09615384615384616 0.6829971181556196 0.09615384615384616 0.6858789625360231 0.12307692307692308 0.6858789625360231 0.12307692307692308 0.6829971181556196 0.09615384615384616 0.6829971181556196
0 1.1153846153846154 0.5821325648414986 1.1153846153846154 0.5850144092219021 1.1346153846153846 0.5850144092219021 1.1346153846153846 0.5821325648414986 1.1153846153846154 0.5821325648414986
0 0.13846153846153847 0.2219020172910663 0.13846153846153847 0.22478386167146974 0.14615384615384616 0.22478386167146974 0.14615384615384616 0.2219020172910663 0.13846153846153847 0.2219020172910663
0 1.2576923076923077 0.5850144092219021 1.2576923076923077 0.5878962536023055 1.273076923076923 0.5878962536023055 1.273076923076923 0.5850144092219021 1.2576923076923077 0.5850144092219021
0 1.15 0.25936599423631124 1.15 0.2622478386167147 1.1576923076923078 0.2622478386167147 1.1576923076923078 0.25936599423631124 1.15 0.25936599423631124
0 0.8076923076923077 0.12103746397694524 0.8076923076923077 0.1239193083573487 0.823076923076923 0.1239193083573487 0.823076923076923 0.12103746397694524 0.8076923076923077 0.12103746397694524
0 0.5076923076923077 0.3112391930835735 0.5076923076923077 0.31412103746397696 0.5307692307692308 0.31412103746397696 0.5307692307692308 0.3112391930835735 0.5076923076923077 0.3112391930835735
0 0.3038461538461538 0.6512968299711815 0.3038461538461538 0.654178674351585 0.3384615384615385 0.654178674351585 0.3384615384615385 0.6512968299711815 0.3038461538461538 0.6512968299711815
0 1.2884615384615385 0.4668587896253602 1.2884615384615385 0.4697406340057637 1.3153846153846154 0.4697406340057637 1.3153846153846154 0.4668587896253602 1.2884615384615385 0.4668587896253602
0 0.1076923076923077 0.4899135446685879 0.1076923076923077 0.49279538904899134 0.11538461538461539 0.49279538904899134 0.11538461538461539 0.4899135446685879 0.1076923076923077 0.4899135446685879
0 0.13846153846153847 0.14121037463976946 0.13846153846153847 0.1440922190201729 0.16538461538461538 0.1440922190201729 0.16538461538461538 0.14121037463976946 0.13846153846153847 0.14121037463976946
0 1.1961538461538461 0.4322766570605187 1.1961538461538461 0.43515850144092216 1.2153846153846153 0.43515850144092216 1.2153846153846153 0.4322766570605187 1.1961538461538461 0.4322766570605187
0 1.0692307692307692 0.08645533141210375 1.0692307692307692 0.0893371757925072 1.103846153846154 0.0893371757925072 1.103846153846154 0.08645533141210375 1.0692307692307692 0.08645533141210375
0 0.5346153846153846 0.4553314121037464 0.5346153846153846 0.45821325648414984 0.5576923076923077 0.45821325648414984 0.5576923076923077 0.4553314121037464 0.5346153846153846 0.4553314121037464
0 1.1807692307692308 0.5014409221902018 1.1807692307692308 0.5043227665706052 1.1923076923076923 0.5043227665706052 1.1923076923076923 0.5014409221902018 1.1807692307692308 0.5014409221902018
0 0.3076923076923077 0.043227665706051875 0.3076923076923077 0.04610951008645533 0.3346153846153846 0.04610951008645533 0.3346153846153846 0.043227665706051875 0.3076923076923077 0.043227665706051875
0 0.8346153846153846 0.6167146974063401 0.8346153846153846 0.6195965417867435 0.8653846153846154 0.6195965417867435 0.8653846153846154 0.6167146974063401 0.8346153846153846 0.6167146974063401
0 1.2615384615384615 0.01729106628242075 1.2615384615384615 0.020172910662824207 1.2653846153846153 0.020172910662824207 1.2653846153846153 0.01729106628242075 1.2615384615384615 0.01729106628242075
0 0.8730769230769231 0.31412103746397696 0.8730769230769231 0.3170028818443804 0.8846153846153846 0.3170028818443804 0.8846153846153846 0.31412103746397696 0.8730769230769231 0.31412103746397696
0 1.2769230769230768 0.69164265129683 1.2769230769230768 0.6945244956772334 1.2923076923076924 0.6945244956772334 1.2923076923076924 0.69164265129683 1.2769230769230768 0.69164265129683
0 0.8115384615384615 0.07204610951008646 0.8115384615384615 0.07492795389048991 0.8384615384615385 0.07492795389048991 0.8384615384615385 0.07204610951008646 0.8115384615384615 0.07204610951008646
0 0.4461538461538462 0.5331412103746398 0.4461538461538462 0.5360230547550432 0.4576923076923077 0.5360230547550432 0.4576923076923077 0.5331412103746398 0.4461538461538462 0.5331412103746398
0 0.7115384615384616 0.2968299711815562 0.7115384615384616 0.29971181556195964 0.7269230769230769 0.29971181556195964 0.7269230769230769 0.2968299711815562 0.7115384615384616 0.2968299711815562
0 0.2692307692307692 0.38904899135446686 0.2692307692307692 0.3919308357348703 0.2846153846153846 0.3919308357348703 0.2846153846153846 0.38904899135446686 0.2692307692307692 0.38904899135446686
0 0.21923076923076923 0.12680115273775217 0.21923076923076923 0.12968299711815562 0.22692307692307692 0.12968299711815562 0.22692307692307692 0.12680115273775217 0.21923076923076923 0.12680115273775217
0 0.06923076923076923 0.6570605187319885 0.06923076923076923 0.659942363112392 0.07692307692307693 0.659942363112392 0.07692307692307693 0.6570605187319885 0.06923076923076923 0.6570605187319885
0 0.8192307692307692 0.01729106628242075 0.8192307692307692 0.020172910662824207 0.85 0.020172910662824207 0.85 0.01729106628242075 0.8192307692307692 0.01729106628242075
0 0.9192307692307692 0.41786743515850144 0.9192307692307692 0.4207492795389049 0.9461538461538461 0.4207492795389049 0.9461538461538461 0.41786743515850144 0.9192307692307692 0.41786743515850144
0 0.85 0.19596541786743515 0.85 0.1988472622478386 0.8615384615384616 0.1988472622478386 0.8615384615384616 0.19596541786743515 0.85 0.19596541786743515
0 1.273076923076923 0.13256484149855907 1.273076923076923 0.13544668587896252 1.2846153846153847 0.13544668587896252 1.2846153846153847 0.13256484149855907 1.273076923076923 0.13256484149855907
0 0.28076923076923077 0.3314121037463977 0.28076923076923077 0.33429394812680113 0.29615384615384616 0.33429394812680113 0.29615384615384616 0.3314121037463977 0.28076923076923077 0.3314121037463977
0 1.1153846153846154 0.5706051873198847 1.1153846153846154 0.5734870317002881 1.123076923076923 0.5734870317002881 1.123076923076923 0.5706051873198847 1.1153846153846154 0.5706051873198847
0 0.4461538461538462 0.37752161383285304 0.4461538461538462 0.3804034582132565 0.4653846153846154 0.3804034582132565 0.4653846153846154 0.37752161383285304 0.4461538461538462 0.37752161383285304
0 1.0576923076923077 0.35446685878962536 1.0576923076923077 0.3573487031700288 1.0615384615384615 0.3573487031700288 1.0615384615384615 0.35446685878962536 1.0576923076923077 0.35446685878962536
0 0.8423076923076923 0.7204610951008645 0.8423076923076923 0.723342939481268 0.8692307692307693 0.723342939481268 0.8692307692307693 0.7204610951008645 0.8423076923076923 0.7204610951008645
0 0.7269230769230769 0.11239193083573487 0.7269230769230769 0.11527377521613832 0.75 0.11527377521613832 0.75 0.11239193083573487 0.7269230769230769 0.11239193083573487
0 0.3923076923076923 0.5590778097982709 0.3923076923076923 0.5619596541786743 0.40384615384615385 0.5619596541786743 0.40384615384615385 0.5590778097982709 0.3923076923076923 0.5590778097982709
0 0.25769230769230766 0.13544668587896252 0.25769230769230766 0.138328530259366 0.27307692307692305 0.138328530259366 0.27307692307692305 0.13544668587896252 0.25769230769230766 0.13544668587896252
0 0.4153846153846154 0.48703170028818443 0.4153846153846154 0.4899135446685879 0.4346153846153846 0.4899135446685879 0.4346153846153846 0.48703170028818443 0.4153846153846154 0.48703170028818443
0 0.7769230769230769 0.7348703170028819 0.7769230769230769 0.7377521613832853 0.7884615384615384 0.7377521613832853 0.7884615384615384 0.7348703170028819 0.7769230769230769 0.7348703170028819
0 0.1576923076923077 0.2017291066282421 0.1576923076923077 0.20461095100864554 0.17307692307692307 0.20461095100864554 0.17307692307692307 0.2017291066282421 0.1576923076923077 0.2017291066282421
0 0.573076923076923 0.005763688760806916 0.573076923076923 0.008645533141210375 0.5884615384615385 0.008645533141210375 0.5884615384615385 0.005763688760806916 0.573076923076923 0.005763688760806916
0 0.9384615384615385 0.38328530259365995 0.9384615384615385 0.3861671469740634 0.9576923076923077 0.3861671469740634 0.9576923076923077 0.38328530259365995 0.9384615384615385 0.38328530259365995
0 0.31153846153846154 0.276657060518732 0.31153846153846154 0.27953890489913547 0.3230769230769231 0.27953890489913547 0.3230769230769231 0.276657060518732 0.31153846153846154 0.276657060518732
0 0.2692307692307692 0.1786743515850144 0.2692307692307692 0.18155619596541786 0.2846153846153846 0.18155619596541786 0.2846153846153846 0.1786743515850144 0.2692307692307692 0.1786743515850144
0 0.10384615384615385 0.654178674351585 0.10384615384615385 0.6570605187319885 0.11538461538461539 0.6570605187319885 0.11538461538461539 0.654178674351585 0.10384615384615385 0.654178674351585
0 0.9192307692307692 0.4697406340057637 0.9192307692307692 0.47262247838616717 0.9461538461538461 0.47262247838616717 0.9461538461538461 0.4697406340057637 0.9192307692307692 0.4697406340057637
0 0.5038461538461538 0.21613832853025935 0.5038461538461538 0.21902017291066284 0.5192307692307693 0.21902017291066284 0.5192307692307693 0.21613832853025935 0.5038461538461538 0.21613832853025935
0 0.4115384615384615 0.05187319884726225 0.4115384615384615 0.05475504322766571 0.4269230769230769 0.05475504322766571 0.4269230769230769 0.05187319884726225 0.4115384615384615 0.05187319884726225
0 0.6615384615384615 0.40057636887608067 0.6615384615384615 0.4034582132564842 0.6692307692307692 0.4034582132564842 0.6692307692307692 0.40057636887608067 0.6615384615384615 0.40057636887608067
0 0.2 0.138328530259366 0.2 0.14121037463976946 0.2230769230769231 0.14121037463976946 0.2230769230769231 0.138328530259366 0.2 0.138328530259366
0 0.9692307692307692 0.11815561959654179 0.9692307692307692 0.12103746397694524 0.9884615384615385 0.12103746397694524 0.9884615384615385 0.11815561959654179 0.9692307692307692 0.11815561959654179
0 0.05 0.5706051873198847 0.05 0.5734870317002881 0.057692307692307696 0.5734870317002881 0.057692307692307696 0.5706051873198847 0.05 0.5706051873198847
0 1.1846153846153846 0.13544668587896252 1.1846153846153846 0.138328530259366 1.2 0.138328530259366 1.2 0.13544668587896252 1.1846153846153846 0.13544668587896252
0 1.1115384615384616 0.6253602305475504 1.1115384615384616 0.6282420749279539 1.1346153846153846 0.6282420749279539 1.1346153846153846 0.6253602305475504 1.1115384615384616 0.6253602305475504