0 0.041015625 0.284375 0.041015625 0.2859375 0.05078125 0.2859375 0.05078125 0.284375 0.041015625 0.284375
0 0.296875 0.5609375 0.296875 0.5625 0.30078125 0.5625 0.30078125 0.5609375 0.296875 0.5609375
0 0.853515625 0.0515625 0.853515625 0.053125 0.8828125 0.053125 0.8828125 0.0515625 0.853515625 0.0515625
0 1.146484375 0.34375 1.146484375 0.3453125 1.19140625 0.3453125 1.19140625 0.34375 1.146484375 0.34375
0 0.244140625 0.1359375 0.244140625 0.1375 0.25 0.1375 0.25 0.1359375 0.244140625 0.1359375
0 0.44921875 0.496875 0.44921875 0.4984375 0.45703125 0.4984375 0.45703125 0.496875 0.44921875 0.496875
0 0.244140625 0.1859375 0.244140625 0.1875 0.248046875 0.1875 0.248046875 0.1859375 0.244140625 0.1859375
0 1.00390625 0.35625 1.00390625 0.3578125 1.025390625 0.3578125 1.025390625 0.35625 1.00390625 0.35625
0 0.74609375 0.2203125 0.74609375 0.221875 0.75 0.221875 0.75 0.2203125 0.74609375 0.2203125
0 0.50390625 0.7140625 0.50390625 0.715625 0.52734375 0.715625 0.52734375 0.7140625 0.50390625 0.7140625
0 0.970703125 0.24375 0.970703125 0.2453125 0.978515625 0.2453125 0.978515625 0.24375 0.970703125 0.24375
0 0.0234375 0.421875 0.0234375 0.4234375 0.02734375 0.4234375 0.02734375 0.421875 0.0234375 0.421875
0 1.205078125 0.3890625 1.205078125 0.390625 1.216796875 0.390625 1.216796875 0.3890625 1.205078125 0.3890625
0 0.087890625 0.5546875 0.087890625 0.55625 0.111328125 0.55625 0.111328125 0.5546875 0.087890625 0.5546875
0 0.62890625 0.45625 0.62890625 0.4578125 0.642578125 0.4578125 0.642578125 0.45625 0.62890625 0.45625
0 0.619140625 0.2703125 0.619140625 0.271875 0.626953125 0.271875 0.626953125 0.2703125 0.619140625 0.2703125
0 0.8671875 0.753125 0.8671875 0.7546875 0.896484375 0.7546875 0.896484375 0.753125 0.8671875 0.753125
0 0.6171875 0.6484375 0.6171875 0.65 0.642578125 0.65 0.642578125 0.6484375 0.6171875 0.6484375
0 0.21484375 0.08125 0.21484375 0.0828125 0.24609375 0.0828125 0.24609375 0.08125 0.21484375 0.08125
0 0.23046875 0.4109375 0.23046875 0.4125 0.240234375 0.4125 0.240234375 0.4109375 0.23046875 0.4109375
0 0.171875 0.775 0.171875 0.7765625 0.17578125 0.7765625 0.17578125 0.775 0.171875 0.775
0 0.8125 0.175 0.8125 0.1765625 0.84375 0.1765625 0.84375 0.175 0.8125 0.175