0 0.03076923076923077 0.2672413793103448 0.03076923076923077 0.2686781609195402 0.046153846153846156 0.2686781609195402 0.046153846153846156 0.2672413793103448 0.03076923076923077 0.2672413793103448
0 0.9961538461538462 0.6307471264367817 0.9961538461538462 0.632183908045977 1.0096153846153846 0.632183908045977 1.0096153846153846 0.6307471264367817 0.9961538461538462 0.6307471264367817
0 1.0846153846153845 0.30028735632183906 1.0846153846153845 0.3017241379310345 1.1 0.3017241379310345 1.1 0.30028735632183906 1.0846153846153845 0.30028735632183906
0 1.2346153846153847 0.005747126436781609 1.2346153846153847 0.007183908045977011 1.2557692307692307 0.007183908045977011 1.2557692307692307 0.005747126436781609 1.2346153846153847 0.005747126436781609
0 0.6538461538461539 0.5387931034482759 0.6538461538461539 0.5402298850574713 0.6653846153846154 0.5402298850574713 0.6653846153846154 0.5387931034482759 0.6538461538461539 0.5387931034482759
0 0.0019230769230769232 0.7327586206896551 0.0019230769230769232 0.7341954022988506 0.01730769230769231 0.7341954022988506 0.01730769230769231 0.7327586206896551 0.0019230769230769232 0.7327586206896551
0 0.47692307692307695 0.29310344827586204 0.47692307692307695 0.29454022988505746 0.49038461538461536 0.29454022988505746 0.49038461538461536 0.29310344827586204 0.47692307692307695 0.29310344827586204
0 0.8615384615384616 0.3448275862068966 0.8615384615384616 0.34626436781609193 0.8653846153846154 0.34626436781609193 0.8653846153846154 0.3448275862068966 0.8615384615384616 0.3448275862068966
0 1.2115384615384615 0.1853448275862069 1.2115384615384615 0.1867816091954023 1.2365384615384616 0.1867816091954023 1.2365384615384616 0.1853448275862069 1.2115384615384615 0.1853448275862069
0 0.676923076923077 0.5086206896551724 0.676923076923077 0.5100574712643678 0.6846153846153846 0.5100574712643678 0.6846153846153846 0.5086206896551724 0.676923076923077 0.5086206896551724
0 0.3903846153846154 0.008620689655172414 0.3903846153846154 0.010057471264367816 0.40576923076923077 0.010057471264367816 0.40576923076923077 0.008620689655172414 0.3903846153846154 0.008620689655172414
0 0.8057692307692308 0.6896551724137931 0.8057692307692308 0.6910919540229885 0.8211538461538461 0.6910919540229885 0.8211538461538461 0.6896551724137931 0.8057692307692308 0.6896551724137931
0 0.5769230769230769 0.6695402298850575 0.5769230769230769 0.6709770114942529 0.5884615384615385 0.6709770114942529 0.5884615384615385 0.6695402298850575 0.5769230769230769 0.6695402298850575
0 0.23653846153846153 0.07471264367816093 0.23653846153846153 0.07614942528735633 0.2403846153846154 0.07614942528735633 0.2403846153846154 0.07471264367816093 0.23653846153846153 0.07471264367816093
0 0.09615384615384616 0.7183908045977011 0.09615384615384616 0.7198275862068966 0.1076923076923077 0.7198275862068966 0.1076923076923077 0.7183908045977011 0.09615384615384616 0.7183908045977011
0 0.7038461538461539 0.5747126436781609 0.7038461538461539 0.5761494252873564 0.7134615384615385 0.5761494252873564 0.7134615384615385 0.5747126436781609 0.7038461538461539 0.5747126436781609
0 0.49230769230769234 0.13649425287356323 0.49230769230769234 0.13793103448275862 0.5019230769230769 0.13793103448275862 0.5019230769230769 0.13649425287356323 0.49230769230769234 0.13649425287356323
0 1.0173076923076922 0.1925287356321839 1.0173076923076922 0.1939655172413793 1.025 0.1939655172413793 1.025 0.1925287356321839 1.0173076923076922 0.1925287356321839
0 0.4519230769230769 0.1910919540229885 0.4519230769230769 0.1925287356321839 0.46153846153846156 0.1925287356321839 0.46153846153846156 0.1910919540229885 0.4519230769230769 0.1910919540229885
0 1.1115384615384616 0.5689655172413793 1.1115384615384616 0.5704022988505747 1.1192307692307693 0.5704022988505747 1.1192307692307693 0.5689655172413793 1.1115384615384616 0.5689655172413793
0 0.9230769230769231 0.4885057471264368 0.9230769230769231 0.4899425287356322 0.9346153846153846 0.4899425287356322 0.9346153846153846 0.4885057471264368 0.9230769230769231 0.4885057471264368
0 0.625 0.45977011494252873 0.625 0.46120689655172414 0.6480769230769231 0.46120689655172414 0.6480769230769231 0.45977011494252873 0.625 0.45977011494252873
0 0.6173076923076923 0.2543103448275862 0.6173076923076923 0.2557471264367816 0.6346153846153846 0.2557471264367816 0.6346153846153846 0.2543103448275862 0.6173076923076923 0.2543103448275862
0 1.3211538461538461 0.5833333333333334 1.3211538461538461 0.5847701149425287 1.3365384615384615 0.5847701149425287 1.3365384615384615 0.5833333333333334 1.3211538461538461 0.5833333333333334
0 0.07692307692307693 0.7370689655172413 0.07692307692307693 0.7385057471264368 0.08653846153846154 0.7385057471264368 0.08653846153846154 0.7370689655172413 0.07692307692307693 0.7370689655172413
0 1.1865384615384615 0.07183908045977011 1.1865384615384615 0.07327586206896551 1.2 0.07327586206896551 1.2 0.07183908045977011 1.1865384615384615 0.07183908045977011
0 0.26153846153846155 0.5775862068965517 0.26153846153846155 0.5790229885057471 0.29615384615384616 0.5790229885057471 0.29615384615384616 0.5775862068965517 0.26153846153846155 0.5775862068965517
0 0.7326923076923076 0.3333333333333333 0.7326923076923076 0.33477011494252873 0.7442307692307693 0.33477011494252873 0.7442307692307693 0.3333333333333333 0.7326923076923076 0.3333333333333333
0 1.2634615384615384 0.10488505747126436 1.2634615384615384 0.10632183908045977 1.2692307692307692 0.10632183908045977 1.2692307692307692 0.10488505747126436 1.2634615384615384 0.10488505747126436
0 0.125 0.7140804597701149 0.125 0.7155172413793104 0.12884615384615383 0.7155172413793104 0.12884615384615383 0.7140804597701149 0.125 0.7140804597701149
0 0.5807692307692308 0.6839080459770115 0.5807692307692308 0.6853448275862069 0.5942307692307692 0.6853448275862069 0.5942307692307692 0.6839080459770115 0.5807692307692308 0.6839080459770115
0 1.1384615384615384 0.2744252873563218 1.1384615384615384 0.27586206896551724 1.1442307692307692 0.27586206896551724 1.1442307692307692 0.2744252873563218 1.1384615384615384 0.2744252873563218
0 0.7538461538461538 0.20833333333333334 0.7538461538461538 0.20977011494252873 0.7769230769230769 0.20977011494252873 0.7769230769230769 0.20833333333333334 0.7538461538461538 0.20833333333333334
0 1.271153846153846 0.6364942528735632 1.271153846153846 0.6379310344827587 1.2807692307692307 0.6379310344827587 1.2807692307692307 0.6364942528735632 1.271153846153846 0.6364942528735632
0 0.2826923076923077 0.05316091954022988 0.2826923076923077 0.05459770114942529 0.3019230769230769 0.05459770114942529 0.3019230769230769 0.05316091954022988 0.2826923076923077 0.05316091954022988
0 1.2673076923076922 0.5114942528735632 1.2673076923076922 0.5129310344827587 1.2826923076923078 0.5129310344827587 1.2826923076923078 0.5114942528735632 1.2673076923076922 0.5114942528735632
0 0.3403846153846154 0.3620689655172414 0.3403846153846154 0.3635057471264368 0.35192307692307695 0.3635057471264368 0.35192307692307695 0.3620689655172414 0.3403846153846154 0.3620689655172414
0 0.6346153846153846 0.7327586206896551 0.6346153846153846 0.7341954022988506 0.6480769230769231 0.7341954022988506 0.6480769230769231 0.7327586206896551 0.6346153846153846 0.7327586206896551
0 0.9403846153846154 0.5387931034482759 0.9403846153846154 0.5402298850574713 0.9519230769230769 0.5402298850574713 0.9519230769230769 0.5387931034482759 0.9403846153846154 0.5387931034482759
0 0.8903846153846153 0.22270114942528735 0.8903846153846153 0.22413793103448276 0.8961538461538462 0.22413793103448276 0.8961538461538462 0.22270114942528735 0.8903846153846153 0.22270114942528735
0 0.03653846153846154 0.01293103448275862 0.03653846153846154 0.014367816091954023 0.046153846153846156 0.014367816091954023 0.046153846153846156 0.01293103448275862 0.03653846153846154 0.01293103448275862
0 0.45576923076923076 0.5890804597701149 0.45576923076923076 0.5905172413793104 0.475 0.5905172413793104 0.475 0.5890804597701149 0.45576923076923076 0.5890804597701149
0 0.7884615384615384 0.40948275862068967 0.7884615384615384 0.4109195402298851 0.7980769230769231 0.4109195402298851 0.7980769230769231 0.40948275862068967 0.7884615384615384 0.40948275862068967
0 0.5096153846153846 0.40229885057471265 0.5096153846153846 0.40373563218390807 0.5211538461538462 0.40373563218390807 0.5211538461538462 0.40229885057471265 0.5096153846153846 0.40229885057471265
0 1.2769230769230768 0.35488505747126436 1.2769230769230768 0.3563218390804598 1.2903846153846155 0.3563218390804598 1.2903846153846155 0.35488505747126436 1.2769230769230768 0.35488505747126436
0 0.6403846153846153 0.4166666666666667 0.6403846153846153 0.41810344827586204 0.6653846153846154 0.41810344827586204 0.6653846153846154 0.4166666666666667 0.6403846153846153 0.4166666666666667
0 0.25576923076923075 0.3850574712643678 0.25576923076923075 0.3864942528735632 0.275 0.3864942528735632 0.275 0.3850574712643678 0.25576923076923075 0.3850574712643678
0 1.2038461538461538 0.5301724137931034 1.2038461538461538 0.5316091954022989 1.2115384615384615 0.5316091954022989 1.2115384615384615 0.5301724137931034 1.2038461538461538 0.5301724137931034
0 0.5423076923076923 0.04454022988505747 0.5423076923076923 0.04597701149425287 0.5461538461538461 0.04597701149425287 0.5461538461538461 0.04454022988505747 0.5423076923076923 0.04454022988505747
0 1.2653846153846153 0.020114942528735632 1.2653846153846153 0.021551724137931036 1.2807692307692307 0.021551724137931036 1.2807692307692307 0.020114942528735632 1.2653846153846153 0.020114942528735632
0 1.0557692307692308 0.521551724137931 1.0557692307692308 0.5229885057471264 1.0884615384615384 0.5229885057471264 1.0884615384615384 0.521551724137931 1.0557692307692308 0.521551724137931
0 0.2923076923076923 0.2859195402298851 0.2923076923076923 0.28735632183908044 0.3 0.28735632183908044 0.3 0.2859195402298851 0.2923076923076923 0.2859195402298851
0 0.325 0.5258620689655172 0.325 0.5272988505747126 0.3403846153846154 0.5272988505747126 0.3403846153846154 0.5258620689655172 0.325 0.5258620689655172
0 0.4519230769230769 0.2916666666666667 0.4519230769230769 0.29310344827586204 0.4596153846153846 0.29310344827586204 0.4596153846153846 0.2916666666666667 0.4519230769230769 0.2916666666666667
0 0.2173076923076923 0.6379310344827587 0.2173076923076923 0.639367816091954 0.23076923076923078 0.639367816091954 0.23076923076923078 0.6379310344827587 0.2173076923076923 0.6379310344827587
0 1.103846153846154 0.2514367816091954 1.103846153846154 0.25287356321839083 1.126923076923077 0.25287356321839083 1.126923076923077 0.2514367816091954 1.103846153846154 0.2514367816091954
0 1.0884615384615384 0.46839080459770116 1.0884615384615384 0.4698275862068966 1.1173076923076923 0.4698275862068966 1.1173076923076923 0.46839080459770116 1.0884615384615384 0.46839080459770116
0 0.8653846153846154 0.17097701149425287 0.8653846153846154 0.1724137931034483 0.8769230769230769 0.1724137931034483 0.8769230769230769 0.17097701149425287 0.8653846153846154 0.17097701149425287
0 0.09807692307692308 0.2801724137931034 0.09807692307692308 0.28160919540229884 0.12115384615384615 0.28160919540229884 0.12115384615384615 0.2801724137931034 0.09807692307692308 0.2801724137931034
0 0.07307692307692308 0.1867816091954023 0.07307692307692308 0.1882183908045977 0.08653846153846154 0.1882183908045977 0.08653846153846154 0.1867816091954023 0.07307692307692308 0.1867816091954023
0 0.04038461538461539 0.7399425287356322 0.04038461538461539 0.7413793103448276 0.04230769230769231 0.7413793103448276 0.04230769230769231 0.7399425287356322 0.04038461538461539 0.7399425287356322
0 1.2076923076923076 0.3706896551724138 1.2076923076923076 0.37212643678160917 1.2134615384615384 0.37212643678160917 1.2134615384615384 0.3706896551724138 1.2076923076923076 0.3706896551724138
0 1.2019230769230769 0.22270114942528735 1.2019230769230769 0.22413793103448276 1.2192307692307693 0.22413793103448276 1.2192307692307693 0.22270114942528735 1.2019230769230769 0.22270114942528735
0 0.7076923076923077 0.6709770114942529 0.7076923076923077 0.6724137931034483 0.7192307692307692 0.6724137931034483 0.7192307692307692 0.6709770114942529 0.7076923076923077 0.6709770114942529
0 0.85 0.3146551724137931 0.85 0.3160919540229885 0.8653846153846154 0.3160919540229885 0.8653846153846154 0.3146551724137931 0.85 0.3146551724137931
0 0.45384615384615384 0.1824712643678161 0.45384615384615384 0.1839080459770115 0.4634615384615385 0.1839080459770115 0.4634615384615385 0.1824712643678161 0.45384615384615384 0.1824712643678161
0 0.7826923076923077 0.16235632183908047 0.7826923076923077 0.16379310344827586 0.7942307692307692 0.16379310344827586 0.7942307692307692 0.16235632183908047 0.7826923076923077 0.16235632183908047
0 0.18461538461538463 0.20689655172413793 0.18461538461538463 0.20833333333333334 0.2076923076923077 0.20833333333333334 0.2076923076923077 0.20689655172413793 0.18461538461538463 0.20689655172413793
0 0.4826923076923077 0.2916666666666667 0.4826923076923077 0.29310344827586204 0.49038461538461536 0.29310344827586204 0.49038461538461536 0.2916666666666667 0.4826923076923077 0.2916666666666667
0 1.248076923076923 0.5129310344827587 1.248076923076923 0.514367816091954 1.2596153846153846 0.514367816091954 1.2596153846153846 0.5129310344827587 1.248076923076923 0.5129310344827587
0 0.06346153846153846 0.07758620689655173 0.06346153846153846 0.07902298850574713 0.08269230769230769 0.07902298850574713 0.08269230769230769 0.07758620689655173 0.06346153846153846 0.07758620689655173
0 0.21153846153846154 0.35488505747126436 0.21153846153846154 0.3563218390804598 0.2153846153846154 0.3563218390804598 0.2153846153846154 0.35488505747126436 0.21153846153846154 0.35488505747126436
0 0.6384615384615384 0.40086206896551724 0.6384615384615384 0.40229885057471265 0.6576923076923077 0.40229885057471265 0.6576923076923077 0.40086206896551724 0.6384615384615384 0.40086206896551724
0 1.0615384615384615 0.3333333333333333 1.0615384615384615 0.33477011494252873 1.075 0.33477011494252873 1.075 0.3333333333333333 1.0615384615384615 0.3333333333333333
0 0.4326923076923077 0.39080459770114945 0.4326923076923077 0.3922413793103448 0.4403846153846154 0.3922413793103448 0.4403846153846154 0.39080459770114945 0.4326923076923077 0.39080459770114945
0 0.698076923076923 0.0 0.698076923076923 0.0014367816091954023 0.7461538461538462 0.0014367816091954023 0.7461538461538462 0.0 0.698076923076923 0.0
0 1.1942307692307692 0.5991379310344828 1.1942307692307692 0.6005747126436781 1.225 0.6005747126436781 1.225 0.5991379310344828 1.1942307692307692 0.5991379310344828
0 0.13653846153846153 0.47413793103448276 0.13653846153846153 0.4755747126436782 0.15 0.4755747126436782 0.15 0.47413793103448276 0.13653846153846153 0.47413793103448276
0 1.2153846153846153 0.6695402298850575 1.2153846153846153 0.6709770114942529 1.228846153846154 0.6709770114942529 1.228846153846154 0.6695402298850575 1.2153846153846153 0.6695402298850575
0 1.1096153846153847 0.3160919540229885 1.1096153846153847 0.3175287356321839 1.1326923076923077 0.3175287356321839 1.1326923076923077 0.3160919540229885 1.1096153846153847 0.3160919540229885
0 0.6134615384615385 0.5818965517241379 0.6134615384615385 0.5833333333333334 0.6288461538461538 0.5833333333333334 0.6288461538461538 0.5818965517241379 0.6134615384615385 0.5818965517241379
0 0.27307692307692305 0.23419540229885058 0.27307692307692305 0.23563218390804597 0.27884615384615385 0.23563218390804597 0.27884615384615385 0.23419540229885058 0.27307692307692305 0.23419540229885058
0 1.1365384615384615 0.5158045977011494 1.1365384615384615 0.5172413793103449 1.1423076923076922 0.5172413793103449 1.1423076923076922 0.5158045977011494 1.1365384615384615 0.5158045977011494
0 0.24807692307692308 0.0 0.24807692307692308 0.0014367816091954023 0.2923076923076923 0.0014367816091954023 0.2923076923076923 0.0 0.24807692307692308 0.0
0 1.0 0.1278735632183908 1.0 0.12931034482758622 1.0038461538461538 0.12931034482758622 1.0038461538461538 0.1278735632183908 1.0 0.1278735632183908
0 1.1576923076923078 0.09626436781609195 1.1576923076923078 0.09770114942528736 1.1692307692307693 0.09770114942528736 1.1692307692307693 0.09626436781609195 1.1576923076923078 0.09626436781609195
0 1.1442307692307692 0.05747126436781609 1.1442307692307692 0.05890804597701149 1.176923076923077 0.05890804597701149 1.176923076923077 0.05747126436781609 1.1442307692307692 0.05747126436781609
0 1.125 0.09195402298850575 1.125 0.09339080459770115 1.1346153846153846 0.09339080459770115 1.1346153846153846 0.09195402298850575 1.125 0.09195402298850575
0 1.1673076923076924 0.49137931034482757 1.1673076923076924 0.492816091954023 1.1903846153846154 0.492816091954023 1.1903846153846154 0.49137931034482757 1.1673076923076924 0.49137931034482757
0 1.0173076923076922 0.21408045977011494 1.0173076923076922 0.21551724137931033 1.023076923076923 0.21551724137931033 1.023076923076923 0.21408045977011494 1.0173076923076922 0.21408045977011494
0 0.12692307692307692 0.7083333333333334 0.12692307692307692 0.7097701149425287 0.13653846153846153 0.7097701149425287 0.13653846153846153 0.7083333333333334 0.12692307692307692 0.7083333333333334
0 0.11153846153846154 0.0 0.11153846153846154 0.0014367816091954023 0.1596153846153846 0.0014367816091954023 0.1596153846153846 0.0 0.11153846153846154 0.0
0 0.5461538461538461 0.6422413793103449 0.5461538461538461 0.6436781609195402 0.5903846153846154 0.6436781609195402 0.5903846153846154 0.6422413793103449 0.5461538461538461 0.6422413793103449
0 0.625 0.004310344827586207 0.625 0.005747126436781609 0.6326923076923077 0.005747126436781609 0.6326923076923077 0.004310344827586207 0.625 0.004310344827586207
0 0.5038461538461538 0.11063218390804598 0.5038461538461538 0.11206896551724138 0.5115384615384615 0.11206896551724138 0.5115384615384615 0.11063218390804598 0.5038461538461538 0.11063218390804598
0 0.11923076923076924 0.15517241379310345 0.11923076923076924 0.15660919540229884 0.13076923076923078 0.15660919540229884 0.13076923076923078 0.15517241379310345 0.11923076923076924 0.15517241379310345
0 1.3134615384615385 0.6997126436781609 1.3134615384615385 0.7011494252873564 1.323076923076923 0.7011494252873564 1.323076923076923 0.6997126436781609 1.3134615384615385 0.6997126436781609
0 0.2653846153846154 0.28448275862068967 0.2653846153846154 0.2859195402298851 0.275 0.2859195402298851 0.275 0.28448275862068967 0.2653846153846154 0.28448275862068967
0 0.6192307692307693 0.17672413793103448 0.6192307692307693 0.1781609195402299 0.625 0.1781609195402299 0.625 0.17672413793103448 0.6192307692307693 0.17672413793103448
0 0.5057692307692307 0.34339080459770116 0.5057692307692307 0.3448275862068966 0.5153846153846153 0.3448275862068966 0.5153846153846153 0.34339080459770116 0.5057692307692307 0.34339080459770116
0 0.6057692307692307 0.14798850574712644 0.6057692307692307 0.14942528735632185 0.625 0.14942528735632185 0.625 0.14798850574712644 0.6057692307692307 0.14798850574712644
0 0.5057692307692307 0.14224137931034483 0.5057692307692307 0.14367816091954022 0.5173076923076924 0.14367816091954022 0.5173076923076924 0.14224137931034483 0.5057692307692307 0.14224137931034483
0 0.9826923076923076 0.3793103448275862 0.9826923076923076 0.3807471264367816 0.9942307692307693 0.3807471264367816 0.9942307692307693 0.3793103448275862 0.9826923076923076 0.3793103448275862
0 1.0923076923076922 0.2686781609195402 1.0923076923076922 0.27011494252873564 1.103846153846154 0.27011494252873564 1.103846153846154 0.2686781609195402 1.0923076923076922 0.2686781609195402
0 0.13653846153846153 0.33764367816091956 0.13653846153846153 0.3390804597701149 0.16153846153846155 0.3390804597701149 0.16153846153846155 0.33764367816091956 0.13653846153846153 0.33764367816091956
0 1.1384615384615384 0.02442528735632184 1.1384615384615384 0.02586206896551724 1.1596153846153847 0.02586206896551724 1.1596153846153847 0.02442528735632184 1.1384615384615384 0.02442528735632184
0 0.2403846153846154 0.6795977011494253 0.2403846153846154 0.6810344827586207 0.275 0.6810344827586207 0.275 0.6795977011494253 0.2403846153846154 0.6795977011494253
0 0.6730769230769231 0.4382183908045977 0.6730769230769231 0.4396551724137931 0.6865384615384615 0.4396551724137931 0.6865384615384615 0.4382183908045977 0.6730769230769231 0.4382183908045977
0 0.8942307692307693 0.05172413793103448 0.8942307692307693 0.05316091954022988 0.9096153846153846 0.05316091954022988 0.9096153846153846 0.05172413793103448 0.8942307692307693 0.05172413793103448
0 0.8096153846153846 0.34051724137931033 0.8096153846153846 0.34195402298850575 0.8173076923076923 0.34195402298850575 0.8173076923076923 0.34051724137931033 0.8096153846153846 0.34051724137931033
0 0.573076923076923 0.5028735632183908 0.573076923076923 0.5043103448275862 0.5884615384615385 0.5043103448275862 0.5884615384615385 0.5028735632183908 0.573076923076923 0.5028735632183908
0 0.4 0.0617816091954023 0.4 0.06321839080459771 0.40384615384615385 0.06321839080459771 0.40384615384615385 0.0617816091954023 0.4 0.0617816091954023
0 0.24615384615384617 0.0028735632183908046 0.24615384615384617 0.004310344827586207 0.25576923076923075 0.004310344827586207 0.25576923076923075 0.0028735632183908046 0.24615384615384617 0.0028735632183908046
0 0.3923076923076923 0.5646551724137931 0.3923076923076923 0.5660919540229885 0.40384615384615385 0.5660919540229885 0.40384615384615385 0.5646551724137931 0.3923076923076923 0.5646551724137931
0 1.3076923076923077 0.1235632183908046 1.3076923076923077 0.125 1.3192307692307692 0.125 1.3192307692307692 0.1235632183908046 1.3076923076923077 0.1235632183908046
0 0.10576923076923077 0.4382183908045977 0.10576923076923077 0.4396551724137931 0.11730769230769231 0.4396551724137931 0.11730769230769231 0.4382183908045977 0.10576923076923077 0.4382183908045977
0 1.0673076923076923 0.2025862068965517 1.0673076923076923 0.20402298850574713 1.0788461538461538 0.20402298850574713 1.0788461538461538 0.2025862068965517 1.0673076923076923 0.2025862068965517
0 0.4653846153846154 0.4295977011494253 0.4653846153846154 0.43103448275862066 0.47115384615384615 0.43103448275862066 0.47115384615384615 0.4295977011494253 0.4653846153846154 0.4295977011494253
0 1.0076923076923077 0.1781609195402299 1.0076923076923077 0.17959770114942528 1.0307692307692307 0.17959770114942528 1.0307692307692307 0.1781609195402299 1.0076923076923077 0.1781609195402299
0 0.6307692307692307 0.41522988505747127 0.6307692307692307 0.4166666666666667 0.6365384615384615 0.4166666666666667 0.6365384615384615 0.41522988505747127 0.6307692307692307 0.41522988505747127
0 0.5326923076923077 0.10775862068965517 0.5326923076923077 0.10919540229885058 0.5596153846153846 0.10919540229885058 0.5596153846153846 0.10775862068965517 0.5326923076923077 0.10775862068965517
0 0.7923076923076923 0.04454022988505747 0.7923076923076923 0.04597701149425287 0.8096153846153846 0.04597701149425287 0.8096153846153846 0.04454022988505747 0.7923076923076923 0.04454022988505747
0 1.1673076923076924 0.5086206896551724 1.1673076923076924 0.5100574712643678 1.1730769230769231 0.5100574712643678 1.1730769230769231 0.5086206896551724 1.1673076923076924 0.5086206896551724
0 0.6076923076923076 0.3764367816091954 0.6076923076923076 0.37787356321839083 0.6192307692307693 0.37787356321839083 0.6192307692307693 0.3764367816091954 0.6076923076923076 0.3764367816091954
0 1.1538461538461537 0.4482758620689655 1.1538461538461537 0.44971264367816094 1.1730769230769231 0.44971264367816094 1.1730769230769231 0.4482758620689655 1.1538461538461537 0.4482758620689655
0 1.2019230769230769 0.0603448275862069 1.2019230769230769 0.0617816091954023 1.2057692307692307 0.0617816091954023 1.2057692307692307 0.0603448275862069 1.2019230769230769 0.0603448275862069
0 0.2826923076923077 0.34339080459770116 0.2826923076923077 0.3448275862068966 0.29423076923076924 0.3448275862068966 0.29423076923076924 0.34339080459770116 0.2826923076923077 0.34339080459770116
0 1.273076923076923 0.4454022988505747 1.273076923076923 0.4468390804597701 1.2923076923076924 0.4468390804597701 1.2923076923076924 0.4454022988505747 1.273076923076923 0.4454022988505747
0 0.6865384615384615 0.47844827586206895 0.6865384615384615 0.47988505747126436 0.698076923076923 0.47988505747126436 0.698076923076923 0.47844827586206895 0.6865384615384615 0.47844827586206895
0 0.3384615384615385 0.5589080459770115 0.3384615384615385 0.5603448275862069 0.3423076923076923 0.5603448275862069 0.3423076923076923 0.5589080459770115 0.3384615384615385 0.5589080459770115
0 1.2134615384615384 0.16810344827586207 1.2134615384615384 0.16954022988505746 1.2173076923076922 0.16954022988505746 1.2173076923076922 0.16810344827586207 1.2134615384615384 0.16810344827586207
0 0.7634615384615384 0.07614942528735633 0.7634615384615384 0.07758620689655173 0.7769230769230769 0.07758620689655173 0.7769230769230769 0.07614942528735633 0.7634615384615384 0.07614942528735633
0 0.32884615384615384 0.375 0.32884615384615384 0.3764367816091954 0.3384615384615385 0.3764367816091954 0.3384615384615385 0.375 0.32884615384615384 0.375
0 1.1653846153846155 0.5373563218390804 1.1653846153846155 0.5387931034482759 1.1903846153846154 0.5387931034482759 1.1903846153846154 0.5373563218390804 1.1653846153846155 0.5373563218390804
0 0.35384615384615387 0.08764367816091954 0.35384615384615387 0.08908045977011494 0.36538461538461536 0.08908045977011494 0.36538461538461536 0.08764367816091954 0.35384615384615387 0.08764367816091954
0 1.0673076923076923 0.5186781609195402 1.0673076923076923 0.5201149425287356 1.101923076923077 0.5201149425287356 1.101923076923077 0.5186781609195402 1.0673076923076923 0.5186781609195402
0 0.4826923076923077 0.2672413793103448 0.4826923076923077 0.2686781609195402 0.5 0.2686781609195402 0.5 0.2672413793103448 0.4826923076923077 0.2672413793103448
0 0.6423076923076924 0.41379310344827586 0.6423076923076924 0.41522988505747127 0.6480769230769231 0.41522988505747127 0.6480769230769231 0.41379310344827586 0.6423076923076924 0.41379310344827586
0 1.1076923076923078 0.33045977011494254 1.1076923076923078 0.33189655172413796 1.126923076923077 0.33189655172413796 1.126923076923077 0.33045977011494254 1.1076923076923078 0.33045977011494254
0 0.3038461538461538 0.14942528735632185 0.3038461538461538 0.15086206896551724 0.31153846153846154 0.15086206896551724 0.31153846153846154 0.14942528735632185 0.3038461538461538 0.14942528735632185
0 1.1557692307692307 0.27873563218390807 1.1557692307692307 0.2801724137931034 1.1653846153846155 0.2801724137931034 1.1653846153846155 0.27873563218390807 1.1557692307692307 0.27873563218390807
0 0.5884615384615385 0.7212643678160919 0.5884615384615385 0.7227011494252874 0.5961538461538461 0.7227011494252874 0.5961538461538461 0.7212643678160919 0.5884615384615385 0.7212643678160919
0 0.19038461538461537 0.4885057471264368 0.19038461538461537 0.4899425287356322 0.2153846153846154 0.4899425287356322 0.2153846153846154 0.4885057471264368 0.19038461538461537 0.4885057471264368
0 1.123076923076923 0.3807471264367816 1.123076923076923 0.382183908045977 1.1288461538461538 0.382183908045977 1.1288461538461538 0.3807471264367816 1.123076923076923 0.3807471264367816
0 0.27307692307692305 0.26580459770114945 0.27307692307692305 0.2672413793103448 0.2826923076923077 0.2672413793103448 0.2826923076923077 0.26580459770114945 0.27307692307692305 0.26580459770114945
0 0.7711538461538462 0.6795977011494253 0.7711538461538462 0.6810344827586207 0.7807692307692308 0.6810344827586207 0.7807692307692308 0.6795977011494253 0.7711538461538462 0.6795977011494253
0 0.5173076923076924 0.603448275862069 0.5173076923076924 0.6048850574712644 0.525 0.6048850574712644 0.525 0.603448275862069 0.5173076923076924 0.603448275862069
0 0.3596153846153846 0.01867816091954023 0.3596153846153846 0.020114942528735632 0.3730769230769231 0.020114942528735632 0.3730769230769231 0.01867816091954023 0.3596153846153846 0.01867816091954023
0 0.06538461538461539 0.15373563218390804 0.06538461538461539 0.15517241379310345 0.07692307692307693 0.15517241379310345 0.07692307692307693 0.15373563218390804 0.06538461538461539 0.15373563218390804
0 1.0192307692307692 0.7011494252873564 1.0192307692307692 0.7025862068965517 1.025 0.7025862068965517 1.025 0.7011494252873564 1.0192307692307692 0.7011494252873564
0 0.575 0.22988505747126436 0.575 0.23132183908045978 0.5788461538461539 0.23132183908045978 0.5788461538461539 0.22988505747126436 0.575 0.22988505747126436
0 1.25 0.5890804597701149 1.25 0.5905172413793104 1.2615384615384615 0.5905172413793104 1.2615384615384615 0.5890804597701149 1.25 0.5890804597701149
0 0.24807692307692308 0.514367816091954 0.24807692307692308 0.5158045977011494 0.27307692307692305 0.5158045977011494 0.27307692307692305 0.514367816091954 0.24807692307692308 0.514367816091954
0 0.11346153846153846 0.04885057471264368 0.11346153846153846 0.05028735632183908 0.12115384615384615 0.05028735632183908 0.12115384615384615 0.04885057471264368 0.11346153846153846 0.04885057471264368
0 0.38076923076923075 0.1781609195402299 0.38076923076923075 0.17959770114942528 0.4 0.17959770114942528 0.4 0.1781609195402299 0.38076923076923075 0.1781609195402299
0 0.375 0.020114942528735632 0.375 0.021551724137931036 0.38461538461538464 0.021551724137931036 0.38461538461538464 0.020114942528735632 0.375 0.020114942528735632
0 0.7865384615384615 0.05747126436781609 0.7865384615384615 0.05890804597701149 0.8 0.05890804597701149 0.8 0.05747126436781609 0.7865384615384615 0.05747126436781609
0 1.0596153846153846 0.6422413793103449 1.0596153846153846 0.6436781609195402 1.0692307692307692 0.6436781609195402 1.0692307692307692 0.6422413793103449 1.0596153846153846 0.6422413793103449
0 1.0057692307692307 0.1221264367816092 1.0057692307692307 0.1235632183908046 1.0153846153846153 0.1235632183908046 1.0153846153846153 0.1221264367816092 1.0057692307692307 0.1221264367816092
0 0.17307692307692307 0.14942528735632185 0.17307692307692307 0.15086206896551724 0.20961538461538462 0.15086206896551724 0.20961538461538462 0.14942528735632185 0.17307692307692307 0.14942528735632185
0 0.7307692307692307 0.5330459770114943 0.7307692307692307 0.5344827586206896 0.75 0.5344827586206896 0.75 0.5330459770114943 0.7307692307692307 0.5330459770114943
0 0.019230769230769232 0.4640804597701149 0.019230769230769232 0.46551724137931033 0.026923076923076925 0.46551724137931033 0.026923076923076925 0.4640804597701149 0.019230769230769232 0.4640804597701149
0 0.9384615384615385 0.6954022988505747 0.9384615384615385 0.6968390804597702 0.9423076923076923 0.6968390804597702 0.9423076923076923 0.6954022988505747 0.9384615384615385 0.6954022988505747
0 1.0134615384615384 0.29022988505747127 1.0134615384615384 0.2916666666666667 1.0288461538461537 0.2916666666666667 1.0288461538461537 0.29022988505747127 1.0134615384615384 0.29022988505747127
0 0.9192307692307692 0.742816091954023 0.9192307692307692 0.7442528735632183 0.9384615384615385 0.7442528735632183 0.9384615384615385 0.742816091954023 0.9192307692307692 0.742816091954023
0 1.275 0.6192528735632183 1.275 0.6206896551724138 1.2788461538461537 0.6206896551724138 1.2788461538461537 0.6192528735632183 1.275 0.6192528735632183
0 1.1961538461538461 0.2959770114942529 1.1961538461538461 0.2974137931034483 1.2057692307692307 0.2974137931034483 1.2057692307692307 0.2959770114942529 1.1961538461538461 0.2959770114942529
0 0.7826923076923077 0.6206896551724138 0.7826923076923077 0.6221264367816092 0.7846153846153846 0.6221264367816092 0.7846153846153846 0.6206896551724138 0.7826923076923077 0.6206896551724138
0 0.7384615384615385 0.43103448275862066 0.7384615384615385 0.4324712643678161 0.7461538461538462 0.4324712643678161 0.7461538461538462 0.43103448275862066 0.7384615384615385 0.43103448275862066
0 0.5115384615384615 0.35201149425287354 0.5115384615384615 0.35344827586206895 0.5230769230769231 0.35344827586206895 0.5230769230769231 0.35201149425287354 0.5115384615384615 0.35201149425287354
0 0.08846153846153847 0.027298850574712645 0.08846153846153847 0.028735632183908046 0.09807692307692308 0.028735632183908046 0.09807692307692308 0.027298850574712645 0.08846153846153847 0.027298850574712645
0 0.9807692307692307 0.23419540229885058 0.9807692307692307 0.23563218390804597 1.0076923076923077 0.23563218390804597 1.0076923076923077 0.23419540229885058 0.9807692307692307 0.23419540229885058
0 1.2307692307692308 0.1882183908045977 1.2307692307692308 0.1896551724137931 1.2346153846153847 0.1896551724137931 1.2346153846153847 0.1882183908045977 1.2307692307692308 0.1882183908045977
0 1.1923076923076923 0.4238505747126437 1.1923076923076923 0.42528735632183906 1.2096153846153845 0.42528735632183906 1.2096153846153845 0.4238505747126437 1.1923076923076923 0.4238505747126437
0 0.5442307692307692 0.15373563218390804 0.5442307692307692 0.15517241379310345 0.5634615384615385 0.15517241379310345 0.5634615384615385 0.15373563218390804 0.5442307692307692 0.15373563218390804
0 1.1365384615384615 0.1853448275862069 1.1365384615384615 0.1867816091954023 1.15 0.1867816091954023 1.15 0.1853448275862069 1.1365384615384615 0.1853448275862069
0 0.04807692307692308 0.05172413793103448 0.04807692307692308 0.05316091954022988 0.057692307692307696 0.05316091954022988 0.057692307692307696 0.05172413793103448 0.04807692307692308 0.05172413793103448
0 0.8346153846153846 0.3922413793103448 0.8346153846153846 0.3936781609195402 0.8576923076923076 0.3936781609195402 0.8576923076923076 0.3922413793103448 0.8346153846153846 0.3922413793103448
0 0.16538461538461538 0.09051724137931035 0.16538461538461538 0.09195402298850575 0.17307692307692307 0.09195402298850575 0.17307692307692307 0.09051724137931035 0.16538461538461538 0.09051724137931035
0 0.11538461538461539 0.11063218390804598 0.11538461538461539 0.11206896551724138 0.12115384615384615 0.11206896551724138 0.12115384615384615 0.11063218390804598 0.11538461538461539 0.11063218390804598
0 0.32884615384615384 0.6652298850574713 0.32884615384615384 0.6666666666666666 0.3384615384615385 0.6666666666666666 0.3384615384615385 0.6652298850574713 0.32884615384615384 0.6652298850574713
0 1.2211538461538463 0.5790229885057471 1.2211538461538463 0.5804597701149425 1.2307692307692308 0.5804597701149425 1.2307692307692308 0.5790229885057471 1.2211538461538463 0.5790229885057471
0 0.40384615384615385 0.14224137931034483 0.40384615384615385 0.14367816091954022 0.4326923076923077 0.14367816091954022 0.4326923076923077 0.14224137931034483 0.40384615384615385 0.14224137931034483
0 0.3903846153846154 0.4525862068965517 0.3903846153846154 0.4540229885057471 0.4115384615384615 0.4540229885057471 0.4115384615384615 0.4525862068965517 0.3903846153846154 0.4525862068965517
0 0.5903846153846154 0.6494252873563219 0.5903846153846154 0.6508620689655172 0.6 0.6508620689655172 0.6 0.6494252873563219 0.5903846153846154 0.6494252873563219
0 0.625 0.6005747126436781 0.625 0.6020114942528736 0.6423076923076924 0.6020114942528736 0.6423076923076924 0.6005747126436781 0.625 0.6005747126436781
0 0.5288461538461539 0.4324712643678161 0.5288461538461539 0.4339080459770115 0.5461538461538461 0.4339080459770115 0.5461538461538461 0.4324712643678161 0.5288461538461539 0.4324712643678161
0 0.051923076923076926 0.35201149425287354 0.051923076923076926 0.35344827586206895 0.07307692307692308 0.35344827586206895 0.07307692307692308 0.35201149425287354 0.051923076923076926 0.35201149425287354
0 0.46153846153846156 0.3045977011494253 0.46153846153846156 0.30603448275862066 0.47307692307692306 0.30603448275862066 0.47307692307692306 0.3045977011494253 0.46153846153846156 0.3045977011494253
0 0.4326923076923077 0.35488505747126436 0.4326923076923077 0.3563218390804598 0.4576923076923077 0.3563218390804598 0.4576923076923077 0.35488505747126436 0.4326923076923077 0.35488505747126436
0 0.37884615384615383 0.1925287356321839 0.37884615384615383 0.1939655172413793 0.38461538461538464 0.1939655172413793 0.38461538461538464 0.1925287356321839 0.37884615384615383 0.1925287356321839
0 0.5576923076923077 0.4698275862068966 0.5576923076923077 0.47126436781609193 0.5826923076923077 0.47126436781609193 0.5826923076923077 0.4698275862068966 0.5576923076923077 0.4698275862068966
0 1.1423076923076922 0.41379310344827586 1.1423076923076922 0.41522988505747127 1.1615384615384616 0.41522988505747127 1.1615384615384616 0.41379310344827586 1.1423076923076922 0.41379310344827586
0 0.34615384615384615 0.16666666666666666 0.34615384615384615 0.16810344827586207 0.35192307692307695 0.16810344827586207 0.35192307692307695 0.16666666666666666 0.34615384615384615 0.16666666666666666
0 0.7692307692307693 0.06465517241379311 0.7692307692307693 0.06609195402298851 0.7826923076923077 0.06609195402298851 0.7826923076923077 0.06465517241379311 0.7692307692307693 0.06465517241379311
0 1.3134615384615385 0.6910919540229885 1.3134615384615385 0.6925287356321839 1.323076923076923 0.6925287356321839 1.323076923076923 0.6910919540229885 1.3134615384615385 0.6910919540229885
0 1.2346153846153847 0.1824712643678161 1.2346153846153847 0.1839080459770115 1.2423076923076923 0.1839080459770115 1.2423076923076923 0.1824712643678161 1.2346153846153847 0.1824712643678161
0 0.6884615384615385 0.5531609195402298 0.6884615384615385 0.5545977011494253 0.6923076923076923 0.5545977011494253 0.6923076923076923 0.5531609195402298 0.6884615384615385 0.5531609195402298
0 0.4480769230769231 0.014367816091954023 0.4480769230769231 0.015804597701149427 0.4596153846153846 0.015804597701149427 0.4596153846153846 0.014367816091954023 0.4480769230769231 0.014367816091954023