0 1.04296875 0.3 1.04296875 0.303125 1.046875 0.303125 1.046875 0.3 1.04296875 0.3
0 0.45703125 0.003125 0.45703125 0.00625 0.48046875 0.00625 0.48046875 0.003125 0.45703125 0.003125
0 0.0703125 0.340625 0.0703125 0.34375 0.09765625 0.34375 0.09765625 0.340625 0.0703125 0.340625
0 1.23828125 0.425 1.23828125 0.428125 1.25 0.428125 1.25 0.425 1.23828125 0.425
0 0.75 0.0 0.75 0.003125 0.796875 0.003125 0.796875 0.0 0.75 0.0
0 1.05078125 0.64375 1.05078125 0.646875 1.0625 0.646875 1.0625 0.64375 1.05078125 0.64375
0 0.26953125 0.746875 0.26953125 0.75 0.29296875 0.75 0.29296875 0.746875 0.26953125 0.746875
0 0.69140625 0.553125 0.69140625 0.55625 0.703125 0.55625 0.703125 0.553125 0.69140625 0.553125
0 1.234375 0.471875 1.234375 0.475 1.24609375 0.475 1.24609375 0.471875 1.234375 0.471875
0 0.1796875 0.61875 0.1796875 0.621875 0.20703125 0.621875 0.20703125 0.61875 0.1796875 0.61875
0 0.67578125 0.7375 0.67578125 0.740625 0.7109375 0.740625 0.7109375 0.7375 0.67578125 0.7375
0 0.68359375 0.665625 0.68359375 0.66875 0.7109375 0.66875 0.7109375 0.665625 0.68359375 0.665625
0 1.01171875 0.309375 1.01171875 0.3125 1.03125 0.3125 1.03125 0.309375 1.01171875 0.309375
0 0.14453125 0.415625 0.14453125 0.41875 0.1640625 0.41875 0.1640625 0.415625 0.14453125 0.415625
0 0.15234375 0.0125 0.15234375 0.015625 0.16796875 0.015625 0.16796875 0.0125 0.15234375 0.0125
0 0.75390625 0.25625 0.75390625 0.259375 0.78125 0.259375 0.78125 0.25625 0.75390625 0.25625
0 0.7421875 0.028125 0.7421875 0.03125 0.75 0.03125 0.75 0.028125 0.7421875 0.028125
0 0.58203125 0.296875 0.58203125 0.3 0.6171875 0.3 0.6171875 0.296875 0.58203125 0.296875
0 0.0546875 0.25 0.0546875 0.253125 0.078125 0.253125 0.078125 0.25 0.0546875 0.25
0 0.53125 0.565625 0.53125 0.56875 0.5625 0.56875 0.5625 0.565625 0.53125 0.565625
0 0.8359375 0.7625 0.8359375 0.765625 0.86328125 0.765625 0.86328125 0.7625 0.8359375 0.7625
0 0.63671875 0.48125 0.63671875 0.484375 0.6640625 0.484375 0.6640625 0.48125 0.63671875 0.48125
0 0.39453125 0.6625 0.39453125 0.665625 0.4609375 0.665625 0.4609375 0.6625 0.39453125 0.6625
0 0.43359375 0.5375 0.43359375 0.540625 0.453125 0.540625 0.453125 0.5375 0.43359375 0.5375
0 0.22265625 0.3875 0.22265625 0.390625 0.24609375 0.390625 0.24609375 0.3875 0.22265625 0.3875
0 0.85546875 0.6 0.85546875 0.603125 0.90234375 0.603125 0.90234375 0.6 0.85546875 0.6
0 0.375 0.553125 0.375 0.55625 0.38671875 0.55625 0.38671875 0.553125 0.375 0.553125
0 0.08203125 0.43125 0.08203125 0.434375 0.10546875 0.434375 0.10546875 0.43125 0.08203125 0.43125
0 0.79296875 0.534375 0.79296875 0.5375 0.8359375 0.5375 0.8359375 0.534375 0.79296875 0.534375
0 0.55859375 0.725 0.55859375 0.728125 0.5703125 0.728125 0.5703125 0.725 0.55859375 0.725
0 0.33203125 0.459375 0.33203125 0.4625 0.359375 0.4625 0.359375 0.459375 0.33203125 0.459375
0 0.6796875 0.215625 0.6796875 0.21875 0.72265625 0.21875 0.72265625 0.215625 0.6796875 0.215625
0 0.1171875 0.446875 0.1171875 0.45 0.1640625 0.45 0.1640625 0.446875 0.1171875 0.446875
0 0.5703125 0.215625 0.5703125 0.21875 0.59375 0.21875 0.59375 0.215625 0.5703125 0.215625
0 1.23828125 0.709375 1.23828125 0.7125 1.25 0.7125 1.25 0.709375 1.23828125 0.709375
0 1.12890625 0.534375 1.12890625 0.5375 1.15234375 0.5375 1.15234375 0.534375 1.12890625 0.534375
0 1.16796875 0.715625 1.16796875 0.71875 1.2265625 0.71875 1.2265625 0.715625 1.16796875 0.715625
0 1.23828125 0.596875 1.23828125 0.6 1.25 0.6 1.25 0.596875 1.23828125 0.596875
0 0.5703125 0.3375 0.5703125 0.340625 0.609375 0.340625 0.609375 0.3375 0.5703125 0.3375
0 0.8671875 0.71875 0.8671875 0.721875 0.8828125 0.721875 0.8828125 0.71875 0.8671875 0.71875
0 1.07421875 0.025 1.07421875 0.028125 1.09375 0.028125 1.09375 0.025 1.07421875 0.025
0 1.00390625 0.534375 1.00390625 0.5375 1.0234375 0.5375 1.0234375 0.534375 1.00390625 0.534375
0 0.69921875 0.09375 0.69921875 0.096875 0.72265625 0.096875 0.72265625 0.09375 0.69921875 0.09375
0 0.86328125 0.0875 0.86328125 0.090625 0.90625 0.090625 0.90625 0.0875 0.86328125 0.0875
0 0.88671875 0.365625 0.88671875 0.36875 0.91015625 0.36875 0.91015625 0.365625 0.88671875 0.365625
0 0.390625 0.653125 0.390625 0.65625 0.40625 0.65625 0.40625 0.653125 0.390625 0.653125
0 0.7421875 0.51875 0.7421875 0.521875 0.76171875 0.521875 0.76171875 0.51875 0.7421875 0.51875
0 0.0 0.7 0.0 0.703125 0.01953125 0.703125 0.01953125 0.7 0.0 0.7
0 0.25 0.0 0.25 0.003125 0.38671875 0.003125 0.38671875 0.0 0.25 0.0
0 1.0 0.5375 1.0 0.540625 1.01953125 0.540625 1.01953125 0.5375 1.0 0.5375
0 0.4609375 0.0 0.4609375 0.003125 0.54296875 0.003125 0.54296875 0.0 0.4609375 0.0
0 0.7734375 0.625 0.7734375 0.628125 0.796875 0.628125 0.796875 0.625 0.7734375 0.625
0 0.11328125 0.359375 0.11328125 0.3625 0.13671875 0.3625 0.13671875 0.359375 0.11328125 0.359375
0 0.484375 0.00625 0.484375 0.009375 0.48828125 0.009375 0.48828125 0.00625 0.484375 0.00625
0 1.046875 0.146875 1.046875 0.15 1.05859375 0.15 1.05859375 0.146875 1.046875 0.146875
0 1.10546875 0.665625 1.10546875 0.66875 1.1171875 0.66875 1.1171875 0.665625 1.10546875 0.665625
0 1.21484375 0.228125 1.21484375 0.23125 1.23046875 0.23125 1.23046875 0.228125 1.21484375 0.228125
0 0.296875 0.4625 0.296875 0.465625 0.328125 0.465625 0.328125 0.4625 0.296875 0.4625
0 0.4765625 0.453125 0.4765625 0.45625 0.5 0.45625 0.5 0.453125 0.4765625 0.453125
0 1.046875 0.6 1.046875 0.603125 1.1171875 0.603125 1.1171875 0.6 1.046875 0.6
0 0.64453125 0.25 0.64453125 0.253125 0.6640625 0.253125 0.6640625 0.25 0.64453125 0.25
0 0.69140625 0.296875 0.69140625 0.3 0.703125 0.3 0.703125 0.296875 0.69140625 0.296875
0 1.24609375 0.040625 1.24609375 0.04375 1.25 0.04375 1.25 0.040625 1.24609375 0.040625