0 0.44921875 0.0 0.44921875 0.003125 0.5390625 0.003125 0.5390625 0.0 0.44921875 0.0
0 0.75 0.115625 0.75 0.11875 0.75390625 0.11875 0.75390625 0.115625 0.75 0.115625
0 0.234375 0.553125 0.234375 0.55625 0.28515625 0.55625 0.28515625 0.553125 0.234375 0.553125
0 0.87109375 0.209375 0.87109375 0.2125 0.91015625 0.2125 0.91015625 0.209375 0.87109375 0.209375
0 0.69921875 0.153125 0.69921875 0.15625 0.73046875 0.15625 0.73046875 0.153125 0.69921875 0.153125
0 0.71484375 0.671875 0.71484375 0.675 0.73046875 0.675 0.73046875 0.671875 0.71484375 0.671875
0 0.31640625 0.16875 0.31640625 0.171875 0.34375 0.171875 0.34375 0.16875 0.31640625 0.16875
0 0.18359375 0.28125 0.18359375 0.284375 0.203125 0.284375 0.203125 0.28125 0.18359375 0.28125
0 0.6171875 0.178125 0.6171875 0.18125 0.6328125 0.18125 0.6328125 0.178125 0.6171875 0.178125
0 1.21484375 0.01875 1.21484375 0.021875 1.21875 0.021875 1.21875 0.01875 1.21484375 0.01875
0 0.80859375 0.246875 0.80859375 0.25 0.82421875 0.25 0.82421875 0.246875 0.80859375 0.246875
0 0.5546875 0.565625 0.5546875 0.56875 0.6015625 0.56875 0.6015625 0.565625 0.5546875 0.565625
0 0.02734375 0.21875 0.02734375 0.221875 0.0390625 0.221875 0.0390625 0.21875 0.02734375 0.21875
0 1.19921875 0.165625 1.19921875 0.16875 1.21875 0.16875 1.21875 0.165625 1.19921875 0.165625
0 1.234375 0.234375 1.234375 0.2375 1.25 0.2375 1.25 0.234375 1.234375 0.234375
0 1.08203125 0.284375 1.08203125 0.2875 1.10546875 0.2875 1.10546875 0.284375 1.08203125 0.284375
0 0.73046875 0.621875 0.73046875 0.625 0.828125 0.625 0.828125 0.621875 0.73046875 0.621875
0 0.5234375 0.075 0.5234375 0.078125 0.54296875 0.078125 0.54296875 0.075 0.5234375 0.075
0 0.7109375 0.790625 0.7109375 0.79375 0.7265625 0.79375 0.7265625 0.790625 0.7109375 0.790625
0 1.08984375 0.0625 1.08984375 0.065625 1.10546875 0.065625 1.10546875 0.0625 1.08984375 0.0625
0 0.46875 0.615625 0.46875 0.61875 0.48828125 0.61875 0.48828125 0.615625 0.46875 0.615625
0 1.12890625 0.471875 1.12890625 0.475 1.140625 0.475 1.140625 0.471875 1.12890625 0.471875
0 0.0625 0.796875 0.0625 0.8 0.12109375 0.8 0.12109375 0.796875 0.0625 0.796875
0 0.04296875 0.01875 0.04296875 0.021875 0.05859375 0.021875 0.05859375 0.01875 0.04296875 0.01875
0 1.03515625 0.19375 1.03515625 0.196875 1.046875 0.196875 1.046875 0.19375 1.03515625 0.19375
0 0.640625 0.7 0.640625 0.703125 0.6796875 0.703125 0.6796875 0.7 0.640625 0.7
0 0.04296875 0.69375 0.04296875 0.696875 0.06640625 0.696875 0.06640625 0.69375 0.04296875 0.69375
0 0.75 0.228125 0.75 0.23125 0.75390625 0.23125 0.75390625 0.228125 0.75 0.228125
0 0.8515625 0.746875 0.8515625 0.75 0.921875 0.75 0.921875 0.746875 0.8515625 0.746875
0 0.60546875 0.2875 0.60546875 0.290625 0.65234375 0.290625 0.65234375 0.2875 0.60546875 0.2875
0 0.2421875 0.534375 0.2421875 0.5375 0.25 0.5375 0.25 0.534375 0.2421875 0.534375
0 0.09375 0.48125 0.09375 0.484375 0.12109375 0.484375 0.12109375 0.48125 0.09375 0.48125
0 0.37109375 0.7 0.37109375 0.703125 0.3828125 0.703125 0.3828125 0.7 0.37109375 0.7
0 0.85546875 0.303125 0.85546875 0.30625 0.87109375 0.30625 0.87109375 0.303125 0.85546875 0.303125
0 1.078125 0.1625 1.078125 0.165625 1.1015625 0.165625 1.1015625 0.1625 1.078125 0.1625
0 0.9375 0.571875 0.9375 0.575 0.9609375 0.575 0.9609375 0.571875 0.9375 0.571875
0 1.19140625 0.74375 1.19140625 0.746875 1.20703125 0.746875 1.20703125 0.74375 1.19140625 0.74375
0 1.09375 0.40625 1.09375 0.409375 1.12890625 0.409375 1.12890625 0.40625 1.09375 0.40625
0 0.625 0.0 0.625 0.003125 0.66796875 0.003125 0.66796875 0.0 0.625 0.0
0 0.54296875 0.775 0.54296875 0.778125 0.578125 0.778125 0.578125 0.775 0.54296875 0.775
0 0.953125 0.325 0.953125 0.328125 0.984375 0.328125 0.984375 0.325 0.953125 0.325
0 0.56640625 0.003125 0.56640625 0.00625 0.66796875 0.00625 0.66796875 0.003125 0.56640625 0.003125
0 0.01953125 0.525 0.01953125 0.528125 0.03125 0.528125 0.03125 0.525 0.01953125 0.525
0 0.5 0.19375 0.5 0.196875 0.51171875 0.196875 0.51171875 0.19375 0.5 0.19375
0 0.45703125 0.2375 0.45703125 0.240625 0.4609375 0.240625 0.4609375 0.2375 0.45703125 0.2375
0 0.60546875 0.05 0.60546875 0.053125 0.625 0.053125 0.625 0.05 0.60546875 0.05
0 0.03515625 0.746875 0.03515625 0.75 0.0703125 0.75 0.0703125 0.746875 0.03515625 0.746875
0 0.13671875 0.096875 0.13671875 0.1 0.1640625 0.1 0.1640625 0.096875 0.13671875 0.096875
0 0.9453125 0.509375 0.9453125 0.5125 0.96875 0.5125 0.96875 0.509375 0.9453125 0.509375
0 1.23828125 0.721875 1.23828125 0.725 1.25 0.725 1.25 0.721875 1.23828125 0.721875
0 0.34375 0.0 0.34375 0.003125 0.37890625 0.003125 0.37890625 0.0 0.34375 0.0
0 0.2109375 0.046875 0.2109375 0.05 0.23046875 0.05 0.23046875 0.046875 0.2109375 0.046875
0 0.55078125 0.015625 0.55078125 0.01875 0.55859375 0.01875 0.55859375 0.015625 0.55078125 0.015625
0 0.55078125 0.05625 0.55078125 0.059375 0.578125 0.059375 0.578125 0.05625 0.55078125 0.05625
0 0.96875 0.03125 0.96875 0.034375 0.98046875 0.034375 0.98046875 0.03125 0.96875 0.03125
0 0.69921875 0.628125 0.69921875 0.63125 0.72265625 0.63125 0.72265625 0.628125 0.69921875 0.628125
0 0.40234375 0.49375 0.40234375 0.496875 0.4296875 0.496875 0.4296875 0.49375 0.40234375 0.49375
0 0.83984375 0.609375 0.83984375 0.6125 0.859375 0.6125 0.859375 0.609375 0.83984375 0.609375
0 1.13671875 0.384375 1.13671875 0.3875 1.14453125 0.3875 1.14453125 0.384375 1.13671875 0.384375
0 0.81640625 0.0 0.81640625 0.003125 0.91796875 0.003125 0.91796875 0.0 0.81640625 0.0
0 0.50390625 0.615625 0.50390625 0.61875 0.53515625 0.61875 0.53515625 0.615625 0.50390625 0.615625
0 0.22265625 0.728125 0.22265625 0.73125 0.234375 0.73125 0.234375 0.728125 0.22265625 0.728125
0 0.78125 0.115625 0.78125 0.11875 0.8125 0.11875 0.8125 0.115625 0.78125 0.115625
0 1.0 0.5875 1.0 0.590625 1.00390625 0.590625 1.00390625 0.5875 1.0 0.5875
0 0.76171875 0.615625 0.76171875 0.61875 0.7734375 0.61875 0.7734375 0.615625 0.76171875 0.615625
0 0.01953125 0.396875 0.01953125 0.4 0.03515625 0.4 0.03515625 0.396875 0.01953125 0.396875
0 0.28125 0.390625 0.28125 0.39375 0.296875 0.39375 0.296875 0.390625 0.28125 0.390625
0 0.7734375 0.303125 0.7734375 0.30625 0.80078125 0.30625 0.80078125 0.303125 0.7734375 0.303125
0 0.73828125 0.428125 0.73828125 0.43125 0.75 0.43125 0.75 0.428125 0.73828125 0.428125