0 0.07692307692307693 0.07183908045977011 0.07692307692307693 0.07327586206896551 0.08076923076923077 0.07327586206896551 0.08076923076923077 0.07183908045977011 0.07692307692307693 0.07183908045977011
0 0.19807692307692307 0.5086206896551724 0.19807692307692307 0.5100574712643678 0.21153846153846154 0.5100574712643678 0.21153846153846154 0.5086206896551724 0.19807692307692307 0.5086206896551724
0 0.06923076923076923 0.6293103448275862 0.06923076923076923 0.6307471264367817 0.09615384615384616 0.6307471264367817 0.09615384615384616 0.6293103448275862 0.06923076923076923 0.6293103448275862
0 0.36153846153846153 0.03017241379310345 0.36153846153846153 0.031609195402298854 0.3730769230769231 0.031609195402298854 0.3730769230769231 0.03017241379310345 0.36153846153846153 0.03017241379310345
0 0.051923076923076926 0.1997126436781609 0.051923076923076926 0.20114942528735633 0.07115384615384615 0.20114942528735633 0.07115384615384615 0.1997126436781609 0.051923076923076926 0.1997126436781609
0 0.5865384615384616 0.40804597701149425 0.5865384615384616 0.40948275862068967 0.6038461538461538 0.40948275862068967 0.6038461538461538 0.40804597701149425 0.5865384615384616 0.40804597701149425
0 1.1 0.5287356321839081 1.1 0.5301724137931034 1.1134615384615385 0.5301724137931034 1.1134615384615385 0.5287356321839081 1.1 0.5287356321839081
0 0.12884615384615383 0.20689655172413793 0.12884615384615383 0.20833333333333334 0.1423076923076923 0.20833333333333334 0.1423076923076923 0.20689655172413793 0.12884615384615383 0.20689655172413793
0 0.19423076923076923 0.15948275862068967 0.19423076923076923 0.16091954022988506 0.2076923076923077 0.16091954022988506 0.2076923076923077 0.15948275862068967 0.19423076923076923 0.15948275862068967
0 0.8461538461538461 0.0 0.8461538461538461 0.0014367816091954023 0.8884615384615384 0.0014367816091954023 0.8884615384615384 0.0 0.8461538461538461 0.0
0 0.6019230769230769 0.24568965517241378 0.6019230769230769 0.2471264367816092 0.6115384615384616 0.2471264367816092 0.6115384615384616 0.24568965517241378 0.6019230769230769 0.24568965517241378
0 0.16538461538461538 0.20977011494252873 0.16538461538461538 0.21120689655172414 0.18653846153846154 0.21120689655172414 0.18653846153846154 0.20977011494252873 0.16538461538461538 0.20977011494252873
0 0.926923076923077 0.47701149425287354 0.926923076923077 0.47844827586206895 0.9423076923076923 0.47844827586206895 0.9423076923076923 0.47701149425287354 0.926923076923077 0.47701149425287354
0 0.011538461538461539 0.6307471264367817 0.011538461538461539 0.632183908045977 0.028846153846153848 0.632183908045977 0.028846153846153848 0.6307471264367817 0.011538461538461539 0.6307471264367817
0 1.1711538461538462 0.3577586206896552 1.1711538461538462 0.35919540229885055 1.1903846153846154 0.35919540229885055 1.1903846153846154 0.3577586206896552 1.1711538461538462 0.3577586206896552
0 1.0346153846153847 0.6752873563218391 1.0346153846153847 0.6767241379310345 1.0461538461538462 0.6767241379310345 1.0461538461538462 0.6752873563218391 1.0346153846153847 0.6752873563218391
0 1.228846153846154 0.10488505747126436 1.228846153846154 0.10632183908045977 1.2423076923076923 0.10632183908045977 1.2423076923076923 0.10488505747126436 1.228846153846154 0.10488505747126436
0 0.12307692307692308 0.37212643678160917 0.12307692307692308 0.3735632183908046 0.12692307692307692 0.3735632183908046 0.12692307692307692 0.37212643678160917 0.12307692307692308 0.37212643678160917
0 0.8365384615384616 0.5287356321839081 0.8365384615384616 0.5301724137931034 0.8423076923076923 0.5301724137931034 0.8423076923076923 0.5287356321839081 0.8365384615384616 0.5287356321839081
0 0.19230769230769232 0.6882183908045977 0.19230769230769232 0.6896551724137931 0.20384615384615384 0.6896551724137931 0.20384615384615384 0.6882183908045977 0.19230769230769232 0.6882183908045977
0 0.3346153846153846 0.6522988505747126 0.3346153846153846 0.6537356321839081 0.3384615384615385 0.6537356321839081 0.3384615384615385 0.6522988505747126 0.3346153846153846 0.6522988505747126
0 0.015384615384615385 0.4698275862068966 0.015384615384615385 0.47126436781609193 0.03461538461538462 0.47126436781609193 0.03461538461538462 0.4698275862068966 0.015384615384615385 0.4698275862068966
0 0.4653846153846154 0.14798850574712644 0.4653846153846154 0.14942528735632185 0.46923076923076923 0.14942528735632185 0.46923076923076923 0.14798850574712644 0.4653846153846154 0.14798850574712644
0 0.1596153846153846 0.1781609195402299 0.1596153846153846 0.17959770114942528 0.17692307692307693 0.17959770114942528 0.17692307692307693 0.1781609195402299 0.1596153846153846 0.1781609195402299
0 1.2865384615384616 0.43103448275862066 1.2865384615384616 0.4324712643678161 1.2923076923076924 0.4324712643678161 1.2923076923076924 0.43103448275862066 1.2865384615384616 0.43103448275862066
0 0.25 0.45545977011494254 0.25 0.45689655172413796 0.25961538461538464 0.45689655172413796 0.25961538461538464 0.45545977011494254 0.25 0.45545977011494254
0 0.032692307692307694 0.7198275862068966 0.032692307692307694 0.7212643678160919 0.046153846153846156 0.7212643678160919 0.046153846153846156 0.7198275862068966 0.032692307692307694 0.7198275862068966
0 1.2230769230769232 0.17959770114942528 1.2230769230769232 0.1810344827586207 1.2365384615384616 0.1810344827586207 1.2365384615384616 0.17959770114942528 1.2230769230769232 0.17959770114942528
0 0.3153846153846154 0.6925287356321839 0.3153846153846154 0.6939655172413793 0.3269230769230769 0.6939655172413793 0.3269230769230769 0.6925287356321839 0.3153846153846154 0.6925287356321839
0 0.6519230769230769 0.7399425287356322 0.6519230769230769 0.7413793103448276 0.6653846153846154 0.7413793103448276 0.6653846153846154 0.7399425287356322 0.6519230769230769 0.7399425287356322
0 0.23076923076923078 0.41235632183908044 0.23076923076923078 0.41379310344827586 0.23846153846153847 0.41379310344827586 0.23846153846153847 0.41235632183908044 0.23076923076923078 0.41235632183908044
0 0.325 0.4698275862068966 0.325 0.47126436781609193 0.3326923076923077 0.47126436781609193 0.3326923076923077 0.4698275862068966 0.325 0.4698275862068966
0 1.0673076923076923 0.3577586206896552 1.0673076923076923 0.35919540229885055 1.0788461538461538 0.35919540229885055 1.0788461538461538 0.3577586206896552 1.0673076923076923 0.3577586206896552
0 0.2403846153846154 0.0014367816091954023 0.2403846153846154 0.0028735632183908046 0.25 0.0028735632183908046 0.25 0.0014367816091954023 0.2403846153846154 0.0014367816091954023
0 1.1653846153846155 0.23275862068965517 1.1653846153846155 0.23419540229885058 1.1692307692307693 0.23419540229885058 1.1692307692307693 0.23275862068965517 1.1653846153846155 0.23275862068965517
0 0.801923076923077 0.6609195402298851 0.801923076923077 0.6623563218390804 0.825 0.6623563218390804 0.825 0.6609195402298851 0.801923076923077 0.6609195402298851
0 1.0461538461538462 0.2744252873563218 1.0461538461538462 0.27586206896551724 1.0615384615384615 0.27586206896551724 1.0615384615384615 0.2744252873563218 1.0461538461538462 0.2744252873563218
0 0.04423076923076923 0.4353448275862069 0.04423076923076923 0.4367816091954023 0.05576923076923077 0.4367816091954023 0.05576923076923077 0.4353448275862069 0.04423076923076923 0.4353448275862069
0 1.251923076923077 0.38936781609195403 1.251923076923077 0.39080459770114945 1.2653846153846153 0.39080459770114945 1.2653846153846153 0.38936781609195403 1.251923076923077 0.38936781609195403
0 0.9961538461538462 0.5402298850574713 0.9961538461538462 0.5416666666666666 1.0 0.5416666666666666 1.0 0.5402298850574713 0.9961538461538462 0.5402298850574713
0 1.3307692307692307 0.17097701149425287 1.3307692307692307 0.1724137931034483 1.3384615384615384 0.1724137931034483 1.3384615384615384 0.17097701149425287 1.3307692307692307 0.17097701149425287
0 0.8903846153846153 0.5373563218390804 0.8903846153846153 0.5387931034482759 0.9057692307692308 0.5387931034482759 0.9057692307692308 0.5373563218390804 0.8903846153846153 0.5373563218390804
0 0.11538461538461539 0.6767241379310345 0.11538461538461539 0.6781609195402298 0.14038461538461539 0.6781609195402298 0.14038461538461539 0.6767241379310345 0.11538461538461539 0.6767241379310345
0 0.2173076923076923 0.31896551724137934 0.2173076923076923 0.3204022988505747 0.225 0.3204022988505747 0.225 0.31896551724137934 0.2173076923076923 0.31896551724137934
0 0.0057692307692307696 0.15373563218390804 0.0057692307692307696 0.15517241379310345 0.009615384615384616 0.15517241379310345 0.009615384615384616 0.15373563218390804 0.0057692307692307696 0.15373563218390804
0 0.7788461538461539 0.3563218390804598 0.7788461538461539 0.3577586206896552 0.7865384615384615 0.3577586206896552 0.7865384615384615 0.3563218390804598 0.7788461538461539 0.3563218390804598
0 1.248076923076923 0.6221264367816092 1.248076923076923 0.6235632183908046 1.2538461538461538 0.6235632183908046 1.2538461538461538 0.6221264367816092 1.248076923076923 0.6221264367816092
0 1.1365384615384615 0.6853448275862069 1.1365384615384615 0.6867816091954023 1.1442307692307692 0.6867816091954023 1.1442307692307692 0.6853448275862069 1.1365384615384615 0.6853448275862069
0 0.13846153846153847 0.5502873563218391 0.13846153846153847 0.5517241379310345 0.16346153846153846 0.5517241379310345 0.16346153846153846 0.5502873563218391 0.13846153846153847 0.5502873563218391
0 0.31153846153846154 0.3850574712643678 0.31153846153846154 0.3864942528735632 0.3153846153846154 0.3864942528735632 0.3153846153846154 0.3850574712643678 0.31153846153846154 0.3850574712643678
0 0.6326923076923077 0.28304597701149425 0.6326923076923077 0.28448275862068967 0.65 0.28448275862068967 0.65 0.28304597701149425 0.6326923076923077 0.28304597701149425
0 0.7884615384615384 0.6839080459770115 0.7884615384615384 0.6853448275862069 0.7942307692307692 0.6853448275862069 0.7942307692307692 0.6839080459770115 0.7884615384615384 0.6839080459770115
0 0.9538461538461539 0.0 0.9538461538461539 0.0014367816091954023 0.9942307692307693 0.0014367816091954023 0.9942307692307693 0.0 0.9538461538461539 0.0
0 1.0538461538461539 0.7399425287356322 1.0538461538461539 0.7413793103448276 1.075 0.7413793103448276 1.075 0.7399425287356322 1.0538461538461539 0.7399425287356322
0 0.46923076923076923 0.4540229885057471 0.46923076923076923 0.45545977011494254 0.4807692307692308 0.45545977011494254 0.4807692307692308 0.4540229885057471 0.46923076923076923 0.4540229885057471
0 0.325 0.1867816091954023 0.325 0.1882183908045977 0.3384615384615385 0.1882183908045977 0.3384615384615385 0.1867816091954023 0.325 0.1867816091954023
0 0.6538461538461539 0.30603448275862066 0.6538461538461539 0.3074712643678161 0.6615384615384615 0.3074712643678161 0.6615384615384615 0.30603448275862066 0.6538461538461539 0.30603448275862066
0 0.10192307692307692 0.47126436781609193 0.10192307692307692 0.47270114942528735 0.11730769230769231 0.47270114942528735 0.11730769230769231 0.47126436781609193 0.10192307692307692 0.47126436781609193
0 0.5288461538461539 0.6163793103448276 0.5288461538461539 0.617816091954023 0.5461538461538461 0.617816091954023 0.5461538461538461 0.6163793103448276 0.5288461538461539 0.6163793103448276
0 0.14038461538461539 0.1235632183908046 0.14038461538461539 0.125 0.16153846153846155 0.125 0.16153846153846155 0.1235632183908046 0.14038461538461539 0.1235632183908046
0 0.3019230769230769 0.1221264367816092 0.3019230769230769 0.1235632183908046 0.3173076923076923 0.1235632183908046 0.3173076923076923 0.1221264367816092 0.3019230769230769 0.1221264367816092
0 0.9980769230769231 0.5086206896551724 0.9980769230769231 0.5100574712643678 1.023076923076923 0.5100574712643678 1.023076923076923 0.5086206896551724 0.9980769230769231 0.5086206896551724
0 0.7442307692307693 0.5890804597701149 0.7442307692307693 0.5905172413793104 0.7596153846153846 0.5905172413793104 0.7596153846153846 0.5890804597701149 0.7442307692307693 0.5890804597701149
0 1.3038461538461539 0.28735632183908044 1.3038461538461539 0.28879310344827586 1.3076923076923077 0.28879310344827586 1.3076923076923077 0.28735632183908044 1.3038461538461539 0.28735632183908044
0 0.35384615384615387 0.6867816091954023 0.35384615384615387 0.6882183908045977 0.36730769230769234 0.6882183908045977 0.36730769230769234 0.6867816091954023 0.35384615384615387 0.6867816091954023
0 0.22692307692307692 0.4698275862068966 0.22692307692307692 0.47126436781609193 0.23846153846153847 0.47126436781609193 0.23846153846153847 0.4698275862068966 0.22692307692307692 0.4698275862068966
0 1.148076923076923 0.5818965517241379 1.148076923076923 0.5833333333333334 1.1519230769230768 0.5833333333333334 1.1519230769230768 0.5818965517241379 1.148076923076923 0.5818965517241379
0 1.0326923076923078 0.4051724137931034 1.0326923076923078 0.40660919540229884 1.051923076923077 0.40660919540229884 1.051923076923077 0.4051724137931034 1.0326923076923078 0.4051724137931034
0 0.9307692307692308 0.21551724137931033 0.9307692307692308 0.21695402298850575 0.9538461538461539 0.21695402298850575 0.9538461538461539 0.21551724137931033 0.9307692307692308 0.21551724137931033
0 0.6519230769230769 0.3448275862068966 0.6519230769230769 0.34626436781609193 0.6653846153846154 0.34626436781609193 0.6653846153846154 0.3448275862068966 0.6519230769230769 0.3448275862068966
0 1.1961538461538461 0.017241379310344827 1.1961538461538461 0.01867816091954023 1.2134615384615384 0.01867816091954023 1.2134615384615384 0.017241379310344827 1.1961538461538461 0.017241379310344827
0 1.0903846153846153 0.1235632183908046 1.0903846153846153 0.125 1.1076923076923078 0.125 1.1076923076923078 0.1235632183908046 1.0903846153846153 0.1235632183908046
0 0.9846153846153847 0.10919540229885058 0.9846153846153847 0.11063218390804598 0.9942307692307693 0.11063218390804598 0.9942307692307693 0.10919540229885058 0.9846153846153847 0.10919540229885058
0 0.37884615384615383 0.5962643678160919 0.37884615384615383 0.5977011494252874 0.39615384615384613 0.5977011494252874 0.39615384615384613 0.5962643678160919 0.37884615384615383 0.5962643678160919
0 1.1596153846153847 0.28160919540229884 1.1596153846153847 0.28304597701149425 1.1711538461538462 0.28304597701149425 1.1711538461538462 0.28160919540229884 1.1596153846153847 0.28160919540229884
0 0.6442307692307693 0.4583333333333333 0.6442307692307693 0.45977011494252873 0.6596153846153846 0.45977011494252873 0.6596153846153846 0.4583333333333333 0.6442307692307693 0.4583333333333333
0 0.04423076923076923 0.45977011494252873 0.04423076923076923 0.46120689655172414 0.05576923076923077 0.46120689655172414 0.05576923076923077 0.45977011494252873 0.04423076923076923 0.45977011494252873
0 0.8461538461538461 0.6968390804597702 0.8461538461538461 0.6982758620689655 0.8519230769230769 0.6982758620689655 0.8519230769230769 0.6968390804597702 0.8461538461538461 0.6968390804597702
0 0.7519230769230769 0.30603448275862066 0.7519230769230769 0.3074712643678161 0.7557692307692307 0.3074712643678161 0.7557692307692307 0.30603448275862066 0.7519230769230769 0.30603448275862066
0 0.22115384615384615 0.5833333333333334 0.22115384615384615 0.5847701149425287 0.25 0.5847701149425287 0.25 0.5833333333333334 0.22115384615384615 0.5833333333333334
0 1.0038461538461538 0.4339080459770115 1.0038461538461538 0.4353448275862069 1.0288461538461537 0.4353448275862069 1.0288461538461537 0.4339080459770115 1.0038461538461538 0.4339080459770115
0 1.1115384615384616 0.4885057471264368 1.1115384615384616 0.4899425287356322 1.1192307692307693 0.4899425287356322 1.1192307692307693 0.4885057471264368 1.1115384615384616 0.4885057471264368
0 0.015384615384615385 0.10344827586206896 0.015384615384615385 0.10488505747126436 0.03076923076923077 0.10488505747126436 0.03076923076923077 0.10344827586206896 0.015384615384615385 0.10344827586206896
0 0.14807692307692308 0.7025862068965517 0.14807692307692308 0.7040229885057471 0.16153846153846155 0.7040229885057471 0.16153846153846155 0.7025862068965517 0.14807692307692308 0.7025862068965517
0 0.1346153846153846 0.09051724137931035 0.1346153846153846 0.09195402298850575 0.14807692307692308 0.09195402298850575 0.14807692307692308 0.09051724137931035 0.1346153846153846 0.09051724137931035
0 0.46153846153846156 0.05747126436781609 0.46153846153846156 0.05890804597701149 0.4653846153846154 0.05890804597701149 0.4653846153846154 0.05747126436781609 0.46153846153846156 0.05747126436781609
0 0.6519230769230769 0.14080459770114942 0.6519230769230769 0.14224137931034483 0.6615384615384615 0.14224137931034483 0.6615384615384615 0.14080459770114942 0.6519230769230769 0.14080459770114942
0 0.85 0.39080459770114945 0.85 0.3922413793103448 0.8557692307692307 0.3922413793103448 0.8557692307692307 0.39080459770114945 0.85 0.39080459770114945
0 1.1134615384615385 0.25287356321839083 1.1134615384615385 0.2543103448275862 1.1384615384615384 0.2543103448275862 1.1384615384615384 0.25287356321839083 1.1134615384615385 0.25287356321839083
0 0.13653846153846153 0.0 0.13653846153846153 0.0014367816091954023 0.18846153846153846 0.0014367816091954023 0.18846153846153846 0.0 0.13653846153846153 0.0
0 0.625 0.0 0.625 0.0014367816091954023 0.6576923076923077 0.0014367816091954023 0.6576923076923077 0.0 0.625 0.0
0 0.7019230769230769 0.19827586206896552 0.7019230769230769 0.1997126436781609 0.7384615384615385 0.1997126436781609 0.7384615384615385 0.19827586206896552 0.7019230769230769 0.19827586206896552
0 0.1 0.7040229885057471 0.1 0.7054597701149425 0.12307692307692308 0.7054597701149425 0.12307692307692308 0.7040229885057471 0.1 0.7040229885057471
0 0.07884615384615384 0.22988505747126436 0.07884615384615384 0.23132183908045978 0.09807692307692308 0.23132183908045978 0.09807692307692308 0.22988505747126436 0.07884615384615384 0.22988505747126436
0 0.45 0.30028735632183906 0.45 0.3017241379310345 0.4653846153846154 0.3017241379310345 0.4653846153846154 0.30028735632183906 0.45 0.30028735632183906
0 1.1326923076923077 0.6580459770114943 1.1326923076923077 0.6594827586206896 1.15 0.6594827586206896 1.15 0.6580459770114943 1.1326923076923077 0.6580459770114943
0 1.2192307692307693 0.4482758620689655 1.2192307692307693 0.44971264367816094 1.2326923076923078 0.44971264367816094 1.2326923076923078 0.4482758620689655 1.2192307692307693 0.4482758620689655
0 0.8096153846153846 0.3261494252873563 0.8096153846153846 0.3275862068965517 0.8211538461538461 0.3275862068965517 0.8211538461538461 0.3261494252873563 0.8096153846153846 0.3261494252873563
0 0.65 0.05603448275862069 0.65 0.05747126436781609 0.6596153846153846 0.05747126436781609 0.6596153846153846 0.05603448275862069 0.65 0.05603448275862069
0 1.1576923076923078 0.15804597701149425 1.1576923076923078 0.15948275862068967 1.1673076923076924 0.15948275862068967 1.1673076923076924 0.15804597701149425 1.1576923076923078 0.15804597701149425
0 1.2153846153846153 0.3132183908045977 1.2153846153846153 0.3146551724137931 1.2192307692307693 0.3146551724137931 1.2192307692307693 0.3132183908045977 1.2153846153846153 0.3132183908045977
0 0.0 0.0 0.0 0.0014367816091954023 0.023076923076923078 0.0014367816091954023 0.023076923076923078 0.0 0.0 0.0
0 0.2653846153846154 0.25287356321839083 0.2653846153846154 0.2543103448275862 0.2826923076923077 0.2543103448275862 0.2826923076923077 0.25287356321839083 0.2653846153846154 0.25287356321839083
0 1.1557692307692307 0.6839080459770115 1.1557692307692307 0.6853448275862069 1.1711538461538462 0.6853448275862069 1.1711538461538462 0.6839080459770115 1.1557692307692307 0.6839080459770115
0 0.8038461538461539 0.03017241379310345 0.8038461538461539 0.031609195402298854 0.8153846153846154 0.031609195402298854 0.8153846153846154 0.03017241379310345 0.8038461538461539 0.03017241379310345
0 0.8403846153846154 0.5818965517241379 0.8403846153846154 0.5833333333333334 0.8692307692307693 0.5833333333333334 0.8692307692307693 0.5818965517241379 0.8403846153846154 0.5818965517241379
0 0.7076923076923077 0.3175287356321839 0.7076923076923077 0.31896551724137934 0.7153846153846154 0.31896551724137934 0.7153846153846154 0.3175287356321839 0.7076923076923077 0.3175287356321839
0 0.11153846153846154 0.12643678160919541 0.11153846153846154 0.1278735632183908 0.12115384615384615 0.1278735632183908 0.12115384615384615 0.12643678160919541 0.11153846153846154 0.12643678160919541
0 0.47307692307692306 0.3333333333333333 0.47307692307692306 0.33477011494252873 0.47692307692307695 0.33477011494252873 0.47692307692307695 0.3333333333333333 0.47307692307692306 0.3333333333333333
0 0.2403846153846154 0.15804597701149425 0.2403846153846154 0.15948275862068967 0.26153846153846155 0.15948275862068967 0.26153846153846155 0.15804597701149425 0.2403846153846154 0.15804597701149425
0 1.0480769230769231 0.5905172413793104 1.0480769230769231 0.5919540229885057 1.0557692307692308 0.5919540229885057 1.0557692307692308 0.5905172413793104 1.0480769230769231 0.5905172413793104
0 1.1384615384615384 0.13793103448275862 1.1384615384615384 0.13936781609195403 1.1634615384615385 0.13936781609195403 1.1634615384615385 0.13793103448275862 1.1384615384615384 0.13793103448275862
0 0.8326923076923077 0.2471264367816092 0.8326923076923077 0.24856321839080459 0.8442307692307692 0.24856321839080459 0.8442307692307692 0.2471264367816092 0.8326923076923077 0.2471264367816092
0 0.7596153846153846 0.603448275862069 0.7596153846153846 0.6048850574712644 0.7634615384615384 0.6048850574712644 0.7634615384615384 0.603448275862069 0.7596153846153846 0.603448275862069
0 0.6423076923076924 0.03879310344827586 0.6423076923076924 0.040229885057471264 0.6538461538461539 0.040229885057471264 0.6538461538461539 0.03879310344827586 0.6423076923076924 0.03879310344827586
0 0.7711538461538462 0.3706896551724138 0.7711538461538462 0.37212643678160917 0.7769230769230769 0.37212643678160917 0.7769230769230769 0.3706896551724138 0.7711538461538462 0.3706896551724138
0 1.1423076923076922 0.39511494252873564 1.1423076923076922 0.39655172413793105 1.1538461538461537 0.39655172413793105 1.1538461538461537 0.39511494252873564 1.1423076923076922 0.39511494252873564
0 0.8384615384615385 0.5100574712643678 0.8384615384615385 0.5114942528735632 0.8461538461538461 0.5114942528735632 0.8461538461538461 0.5100574712643678 0.8384615384615385 0.5100574712643678
0 1.2865384615384616 0.07327586206896551 1.2865384615384616 0.07471264367816093 1.3038461538461539 0.07471264367816093 1.3038461538461539 0.07327586206896551 1.2865384615384616 0.07327586206896551
0 0.25961538461538464 0.1853448275862069 0.25961538461538464 0.1867816091954023 0.2653846153846154 0.1867816091954023 0.2653846153846154 0.1853448275862069 0.25961538461538464 0.1853448275862069
0 1.1538461538461537 0.23850574712643677 1.1538461538461537 0.23994252873563218 1.1615384615384616 0.23994252873563218 1.1615384615384616 0.23850574712643677 1.1538461538461537 0.23850574712643677
0 0.19423076923076923 0.610632183908046 0.19423076923076923 0.6120689655172413 0.20384615384615384 0.6120689655172413 0.20384615384615384 0.610632183908046 0.19423076923076923 0.610632183908046
0 0.5134615384615384 0.39080459770114945 0.5134615384615384 0.3922413793103448 0.5269230769230769 0.3922413793103448 0.5269230769230769 0.39080459770114945 0.5134615384615384 0.39080459770114945
0 0.5903846153846154 0.28160919540229884 0.5903846153846154 0.28304597701149425 0.6019230769230769 0.28304597701149425 0.6019230769230769 0.28160919540229884 0.5903846153846154 0.28160919540229884
0 1.1519230769230768 0.10775862068965517 1.1519230769230768 0.10919540229885058 1.1557692307692307 0.10919540229885058 1.1557692307692307 0.10775862068965517 1.1519230769230768 0.10775862068965517
0 0.39615384615384613 0.44396551724137934 0.39615384615384613 0.4454022988505747 0.41346153846153844 0.4454022988505747 0.41346153846153844 0.44396551724137934 0.39615384615384613 0.44396551724137934
0 0.7673076923076924 0.639367816091954 0.7673076923076924 0.6408045977011494 0.7788461538461539 0.6408045977011494 0.7788461538461539 0.639367816091954 0.7673076923076924 0.639367816091954
0 0.17884615384615385 0.5431034482758621 0.17884615384615385 0.5445402298850575 0.18269230769230768 0.5445402298850575 0.18269230769230768 0.5431034482758621 0.17884615384615385 0.5431034482758621
0 0.5692307692307692 0.41379310344827586 0.5692307692307692 0.41522988505747127 0.5942307692307692 0.41522988505747127 0.5942307692307692 0.41379310344827586 0.5692307692307692 0.41379310344827586
0 0.7307692307692307 0.3175287356321839 0.7307692307692307 0.31896551724137934 0.7403846153846154 0.31896551724137934 0.7403846153846154 0.3175287356321839 0.7307692307692307 0.3175287356321839