0 0.9769230769230769 0.4425287356321839 0.9769230769230769 0.44396551724137934 0.9846153846153847 0.44396551724137934 0.9846153846153847 0.4425287356321839 0.9769230769230769 0.4425287356321839
0 0.8384615384615385 0.3232758620689655 0.8384615384615385 0.32471264367816094 0.8461538461538461 0.32471264367816094 0.8461538461538461 0.3232758620689655 0.8384615384615385 0.3232758620689655
0 0.3596153846153846 0.09626436781609195 0.3596153846153846 0.09770114942528736 0.36346153846153845 0.09770114942528736 0.36346153846153845 0.09626436781609195 0.3596153846153846 0.09626436781609195
0 1.2211538461538463 0.2413793103448276 1.2211538461538463 0.24281609195402298 1.2307692307692308 0.24281609195402298 1.2307692307692308 0.2413793103448276 1.2211538461538463 0.2413793103448276
0 1.226923076923077 0.4209770114942529 1.226923076923077 0.4224137931034483 1.2307692307692308 0.4224137931034483 1.2307692307692308 0.4209770114942529 1.226923076923077 0.4209770114942529
0 0.4826923076923077 0.09339080459770115 0.4826923076923077 0.09482758620689655 0.49038461538461536 0.09482758620689655 0.49038461538461536 0.09339080459770115 0.4826923076923077 0.09339080459770115
0 0.40576923076923077 0.11350574712643678 0.40576923076923077 0.11494252873563218 0.41346153846153844 0.11494252873563218 0.41346153846153844 0.11350574712643678 0.40576923076923077 0.11350574712643678
0 0.5057692307692307 0.2686781609195402 0.5057692307692307 0.27011494252873564 0.5115384615384615 0.27011494252873564 0.5115384615384615 0.2686781609195402 0.5057692307692307 0.2686781609195402
0 0.7615384615384615 0.6939655172413793 0.7615384615384615 0.6954022988505747 0.7692307692307693 0.6954022988505747 0.7692307692307693 0.6939655172413793 0.7615384615384615 0.6939655172413793
0 0.26346153846153847 0.0 0.26346153846153847 0.0014367816091954023 0.29615384615384616 0.0014367816091954023 0.29615384615384616 0.0 0.26346153846153847 0.0
0 1.0673076923076923 0.3879310344827586 1.0673076923076923 0.38936781609195403 1.0807692307692307 0.38936781609195403 1.0807692307692307 0.3879310344827586 1.0673076923076923 0.3879310344827586
0 0.5288461538461539 0.2557471264367816 0.5288461538461539 0.257183908045977 0.5442307692307692 0.257183908045977 0.5442307692307692 0.2557471264367816 0.5288461538461539 0.2557471264367816
0 1.2942307692307693 0.5474137931034483 1.2942307692307693 0.5488505747126436 1.3096153846153846 0.5488505747126436 1.3096153846153846 0.5474137931034483 1.2942307692307693 0.5474137931034483
0 1.021153846153846 0.38362068965517243 1.021153846153846 0.3850574712643678 1.0326923076923078 0.3850574712643678 1.0326923076923078 0.38362068965517243 1.021153846153846 0.38362068965517243
0 0.17884615384615385 0.1752873563218391 0.17884615384615385 0.17672413793103448 0.18461538461538463 0.17672413793103448 0.18461538461538463 0.1752873563218391 0.17884615384615385 0.1752873563218391
0 1.3365384615384615 0.3563218390804598 1.3365384615384615 0.3577586206896552 1.3384615384615384 0.3577586206896552 1.3384615384615384 0.3563218390804598 1.3365384615384615 0.3563218390804598
0 0.3019230769230769 0.0 0.3019230769230769 0.0014367816091954023 0.3596153846153846 0.0014367816091954023 0.3596153846153846 0.0 0.3019230769230769 0.0
0 0.7807692307692308 0.4813218390804598 0.7807692307692308 0.4827586206896552 0.7903846153846154 0.4827586206896552 0.7903846153846154 0.4813218390804598 0.7807692307692308 0.4813218390804598
0 1.1923076923076923 0.04454022988505747 1.1923076923076923 0.04597701149425287 1.2019230769230769 0.04597701149425287 1.2019230769230769 0.04454022988505747 1.1923076923076923 0.04454022988505747
0 0.7942307692307692 0.5028735632183908 0.7942307692307692 0.5043103448275862 0.8076923076923077 0.5043103448275862 0.8076923076923077 0.5028735632183908 0.7942307692307692 0.5028735632183908
0 0.55 0.007183908045977011 0.55 0.008620689655172414 0.5634615384615385 0.008620689655172414 0.5634615384615385 0.007183908045977011 0.55 0.007183908045977011
0 0.10576923076923077 0.11494252873563218 0.10576923076923077 0.11637931034482758 0.11923076923076924 0.11637931034482758 0.11923076923076924 0.11494252873563218 0.10576923076923077 0.11494252873563218
0 0.9038461538461539 0.44971264367816094 0.9038461538461539 0.4511494252873563 0.9096153846153846 0.4511494252873563 0.9096153846153846 0.44971264367816094 0.9038461538461539 0.44971264367816094
0 0.9596153846153846 0.20833333333333334 0.9596153846153846 0.20977011494252873 0.9692307692307692 0.20977011494252873 0.9692307692307692 0.20833333333333334 0.9596153846153846 0.20833333333333334
0 0.5865384615384616 0.3089080459770115 0.5865384615384616 0.3103448275862069 0.5923076923076923 0.3103448275862069 0.5923076923076923 0.3089080459770115 0.5865384615384616 0.3089080459770115
0 0.5903846153846154 0.1910919540229885 0.5903846153846154 0.1925287356321839 0.5980769230769231 0.1925287356321839 0.5980769230769231 0.1910919540229885 0.5903846153846154 0.1910919540229885