0 0.8884615384615384 0.034482758620689655 0.8884615384615384 0.035919540229885055 0.8923076923076924 0.035919540229885055 0.8923076923076924 0.034482758620689655 0.8884615384615384 0.034482758620689655
0 0.21923076923076923 0.7212643678160919 0.21923076923076923 0.7227011494252874 0.2326923076923077 0.7227011494252874 0.2326923076923077 0.7212643678160919 0.21923076923076923 0.7212643678160919
0 1.2634615384615384 0.015804597701149427 1.2634615384615384 0.017241379310344827 1.2769230769230768 0.017241379310344827 1.2769230769230768 0.015804597701149427 1.2634615384615384 0.015804597701149427
0 0.026923076923076925 0.0 0.026923076923076925 0.0014367816091954023 0.06346153846153846 0.0014367816091954023 0.06346153846153846 0.0 0.026923076923076925 0.0
0 0.025 0.06896551724137931 0.025 0.07040229885057471 0.038461538461538464 0.07040229885057471 0.038461538461538464 0.06896551724137931 0.025 0.06896551724137931
0 1.3269230769230769 0.36063218390804597 1.3269230769230769 0.3620689655172414 1.3384615384615384 0.3620689655172414 1.3384615384615384 0.36063218390804597 1.3269230769230769 0.36063218390804597
0 1.2192307692307693 0.22413793103448276 1.2192307692307693 0.22557471264367815 1.225 0.22557471264367815 1.225 0.22413793103448276 1.2192307692307693 0.22413793103448276
0 0.8346153846153846 0.2514367816091954 0.8346153846153846 0.25287356321839083 0.8403846153846154 0.25287356321839083 0.8403846153846154 0.2514367816091954 0.8346153846153846 0.2514367816091954
0 0.6673076923076923 0.5833333333333334 0.6673076923076923 0.5847701149425287 0.6788461538461539 0.5847701149425287 0.6788461538461539 0.5833333333333334 0.6673076923076923 0.5833333333333334
0 0.5692307692307692 0.7097701149425287 0.5692307692307692 0.7112068965517241 0.5961538461538461 0.7112068965517241 0.5961538461538461 0.7097701149425287 0.5692307692307692 0.7097701149425287
0 0.08269230769230769 0.125 0.08269230769230769 0.12643678160919541 0.09423076923076923 0.12643678160919541 0.09423076923076923 0.125 0.08269230769230769 0.125
0 0.07307692307692308 0.5387931034482759 0.07307692307692308 0.5402298850574713 0.07692307692307693 0.5402298850574713 0.07692307692307693 0.5387931034482759 0.07307692307692308 0.5387931034482759
0 0.23846153846153847 0.21839080459770116 0.23846153846153847 0.21982758620689655 0.24423076923076922 0.21982758620689655 0.24423076923076922 0.21839080459770116 0.23846153846153847 0.21839080459770116
0 0.9019230769230769 0.17959770114942528 0.9019230769230769 0.1810344827586207 0.9173076923076923 0.1810344827586207 0.9173076923076923 0.17959770114942528 0.9019230769230769 0.17959770114942528
0 0.36538461538461536 0.2557471264367816 0.36538461538461536 0.257183908045977 0.37115384615384617 0.257183908045977 0.37115384615384617 0.2557471264367816 0.36538461538461536 0.2557471264367816
0 0.35 0.4511494252873563 0.35 0.4525862068965517 0.36346153846153845 0.4525862068965517 0.36346153846153845 0.4511494252873563 0.35 0.4511494252873563
0 0.8961538461538462 0.5704022988505747 0.8961538461538462 0.5718390804597702 0.9096153846153846 0.5718390804597702 0.9096153846153846 0.5704022988505747 0.8961538461538462 0.5704022988505747
0 0.5557692307692308 0.08045977011494253 0.5557692307692308 0.08189655172413793 0.5807692307692308 0.08189655172413793 0.5807692307692308 0.08045977011494253 0.5557692307692308 0.08045977011494253
0 0.07884615384615384 0.0 0.07884615384615384 0.0014367816091954023 0.11730769230769231 0.0014367816091954023 0.11730769230769231 0.0 0.07884615384615384 0.0
0 0.3269230769230769 0.22270114942528735 0.3269230769230769 0.22413793103448276 0.3384615384615385 0.22413793103448276 0.3384615384615385 0.22270114942528735 0.3269230769230769 0.22270114942528735
0 0.825 0.0 0.825 0.0014367816091954023 0.8711538461538462 0.0014367816091954023 0.8711538461538462 0.0 0.825 0.0
0 0.7826923076923077 0.6221264367816092 0.7826923076923077 0.6235632183908046 0.7923076923076923 0.6235632183908046 0.7923076923076923 0.6221264367816092 0.7826923076923077 0.6221264367816092
0 0.5326923076923077 0.5560344827586207 0.5326923076923077 0.5574712643678161 0.551923076923077 0.5574712643678161 0.551923076923077 0.5560344827586207 0.5326923076923077 0.5560344827586207
0 0.09230769230769231 0.6364942528735632 0.09230769230769231 0.6379310344827587 0.10576923076923077 0.6379310344827587 0.10576923076923077 0.6364942528735632 0.09230769230769231 0.6364942528735632
0 1.103846153846154 0.0603448275862069 1.103846153846154 0.0617816091954023 1.1134615384615385 0.0617816091954023 1.1134615384615385 0.0603448275862069 1.103846153846154 0.0603448275862069
0 0.4288461538461538 0.492816091954023 0.4288461538461538 0.4942528735632184 0.4442307692307692 0.4942528735632184 0.4442307692307692 0.492816091954023 0.4288461538461538 0.492816091954023
0 0.8692307692307693 0.23994252873563218 0.8692307692307693 0.2413793103448276 0.8865384615384615 0.2413793103448276 0.8865384615384615 0.23994252873563218 0.8692307692307693 0.23994252873563218
0 0.13076923076923078 0.1896551724137931 0.13076923076923078 0.1910919540229885 0.15576923076923077 0.1910919540229885 0.15576923076923077 0.1896551724137931 0.13076923076923078 0.1896551724137931
0 0.7192307692307692 0.7227011494252874 0.7192307692307692 0.7241379310344828 0.7326923076923076 0.7241379310344828 0.7326923076923076 0.7227011494252874 0.7192307692307692 0.7227011494252874
0 0.6826923076923077 0.16666666666666666 0.6826923076923077 0.16810344827586207 0.698076923076923 0.16810344827586207 0.698076923076923 0.16666666666666666 0.6826923076923077 0.16666666666666666
0 0.25 0.08189655172413793 0.25 0.08333333333333333 0.25769230769230766 0.08333333333333333 0.25769230769230766 0.08189655172413793 0.25 0.08189655172413793
0 1.0346153846153847 0.007183908045977011 1.0346153846153847 0.008620689655172414 1.0442307692307693 0.008620689655172414 1.0442307692307693 0.007183908045977011 1.0346153846153847 0.007183908045977011
0 0.8519230769230769 0.5876436781609196 0.8519230769230769 0.5890804597701149 0.8538461538461538 0.5890804597701149 0.8538461538461538 0.5876436781609196 0.8519230769230769 0.5876436781609196
0 1.2942307692307693 0.2916666666666667 1.2942307692307693 0.29310344827586204 1.2980769230769231 0.29310344827586204 1.2980769230769231 0.2916666666666667 1.2942307692307693 0.2916666666666667
0 0.8288461538461539 0.26580459770114945 0.8288461538461539 0.2672413793103448 0.8615384615384616 0.2672413793103448 0.8615384615384616 0.26580459770114945 0.8288461538461539 0.26580459770114945
0 0.5346153846153846 0.5402298850574713 0.5346153846153846 0.5416666666666666 0.5461538461538461 0.5416666666666666 0.5461538461538461 0.5402298850574713 0.5346153846153846 0.5402298850574713
0 0.8038461538461539 0.6810344827586207 0.8038461538461539 0.6824712643678161 0.8096153846153846 0.6824712643678161 0.8096153846153846 0.6810344827586207 0.8038461538461539 0.6810344827586207
0 0.8884615384615384 0.28879310344827586 0.8884615384615384 0.29022988505747127 0.9 0.29022988505747127 0.9 0.28879310344827586 0.8884615384615384 0.28879310344827586
0 0.825 0.1724137931034483 0.825 0.17385057471264367 0.8519230769230769 0.17385057471264367 0.8519230769230769 0.1724137931034483 0.825 0.1724137931034483
0 1.176923076923077 0.7241379310344828 1.176923076923077 0.7255747126436781 1.1807692307692308 0.7255747126436781 1.1807692307692308 0.7241379310344828 1.176923076923077 0.7241379310344828
0 0.5480769230769231 0.4382183908045977 0.5480769230769231 0.4396551724137931 0.5673076923076923 0.4396551724137931 0.5673076923076923 0.4382183908045977 0.5480769230769231 0.4382183908045977
0 0.34423076923076923 0.5732758620689655 0.34423076923076923 0.5747126436781609 0.35384615384615387 0.5747126436781609 0.35384615384615387 0.5732758620689655 0.34423076923076923 0.5732758620689655
0 0.7692307692307693 0.7313218390804598 0.7692307692307693 0.7327586206896551 0.7730769230769231 0.7327586206896551 0.7730769230769231 0.7313218390804598 0.7692307692307693 0.7313218390804598
0 0.8596153846153847 0.02442528735632184 0.8596153846153847 0.02586206896551724 0.8673076923076923 0.02586206896551724 0.8673076923076923 0.02442528735632184 0.8596153846153847 0.02442528735632184
0 1.2865384615384616 0.03017241379310345 1.2865384615384616 0.031609195402298854 1.2961538461538462 0.031609195402298854 1.2961538461538462 0.03017241379310345 1.2865384615384616 0.03017241379310345
0 1.0269230769230768 0.4382183908045977 1.0269230769230768 0.4396551724137931 1.0384615384615385 0.4396551724137931 1.0384615384615385 0.4382183908045977 1.0269230769230768 0.4382183908045977
0 0.29423076923076924 0.3864942528735632 0.29423076923076924 0.3879310344827586 0.31153846153846154 0.3879310344827586 0.31153846153846154 0.3864942528735632 0.29423076923076924 0.3864942528735632
0 0.6826923076923077 0.02442528735632184 0.6826923076923077 0.02586206896551724 0.698076923076923 0.02586206896551724 0.698076923076923 0.02442528735632184 0.6826923076923077 0.02442528735632184
0 0.4096153846153846 0.6005747126436781 0.4096153846153846 0.6020114942528736 0.4326923076923077 0.6020114942528736 0.4326923076923077 0.6005747126436781 0.4096153846153846 0.6005747126436781
0 1.2942307692307693 0.639367816091954 1.2942307692307693 0.6408045977011494 1.3211538461538461 0.6408045977011494 1.3211538461538461 0.639367816091954 1.2942307692307693 0.639367816091954
0 1.1557692307692307 0.22844827586206898 1.1557692307692307 0.22988505747126436 1.1692307692307693 0.22988505747126436 1.1692307692307693 0.22844827586206898 1.1557692307692307 0.22844827586206898
0 0.8692307692307693 0.507183908045977 0.8692307692307693 0.5086206896551724 0.8846153846153846 0.5086206896551724 0.8846153846153846 0.507183908045977 0.8692307692307693 0.507183908045977
0 0.03076923076923077 0.3390804597701149 0.03076923076923077 0.34051724137931033 0.057692307692307696 0.34051724137931033 0.057692307692307696 0.3390804597701149 0.03076923076923077 0.3390804597701149
0 0.7692307692307693 0.4425287356321839 0.7692307692307693 0.44396551724137934 0.7846153846153846 0.44396551724137934 0.7846153846153846 0.4425287356321839 0.7692307692307693 0.4425287356321839
0 0.5846153846153846 0.15948275862068967 0.5846153846153846 0.16091954022988506 0.5980769230769231 0.16091954022988506 0.5980769230769231 0.15948275862068967 0.5846153846153846 0.15948275862068967
0 0.9615384615384616 0.1336206896551724 0.9615384615384616 0.13505747126436782 0.9730769230769231 0.13505747126436782 0.9730769230769231 0.1336206896551724 0.9615384615384616 0.1336206896551724
0 0.18461538461538463 0.3577586206896552 0.18461538461538463 0.35919540229885055 0.20192307692307693 0.35919540229885055 0.20192307692307693 0.3577586206896552 0.18461538461538463 0.3577586206896552
0 1.0596153846153846 0.35488505747126436 1.0596153846153846 0.3563218390804598 1.0711538461538461 0.3563218390804598 1.0711538461538461 0.35488505747126436 1.0596153846153846 0.35488505747126436
0 1.15 0.14798850574712644 1.15 0.14942528735632185 1.1596153846153847 0.14942528735632185 1.1596153846153847 0.14798850574712644 1.15 0.14798850574712644
0 0.40576923076923077 0.1307471264367816 0.40576923076923077 0.13218390804597702 0.41923076923076924 0.13218390804597702 0.41923076923076924 0.1307471264367816 0.40576923076923077 0.1307471264367816
0 0.2403846153846154 0.5632183908045977 0.2403846153846154 0.5646551724137931 0.25384615384615383 0.5646551724137931 0.25384615384615383 0.5632183908045977 0.2403846153846154 0.5632183908045977
0 0.5346153846153846 0.010057471264367816 0.5346153846153846 0.011494252873563218 0.5442307692307692 0.011494252873563218 0.5442307692307692 0.010057471264367816 0.5346153846153846 0.010057471264367816
0 0.8519230769230769 0.09626436781609195 0.8519230769230769 0.09770114942528736 0.875 0.09770114942528736 0.875 0.09626436781609195 0.8519230769230769 0.09626436781609195
0 0.7865384615384615 0.0 0.7865384615384615 0.0014367816091954023 0.8096153846153846 0.0014367816091954023 0.8096153846153846 0.0 0.7865384615384615 0.0
0 0.6442307692307693 0.24281609195402298 0.6442307692307693 0.2442528735632184 0.6653846153846154 0.2442528735632184 0.6653846153846154 0.24281609195402298 0.6442307692307693 0.24281609195402298
0 0.08461538461538462 0.22701149425287356 0.08461538461538462 0.22844827586206898 0.10384615384615385 0.22844827586206898 0.10384615384615385 0.22701149425287356 0.08461538461538462 0.22701149425287356
0 0.5423076923076923 0.382183908045977 0.5423076923076923 0.38362068965517243 0.5576923076923077 0.38362068965517243 0.5576923076923077 0.382183908045977 0.5423076923076923 0.382183908045977
0 0.23653846153846153 0.1278735632183908 0.23653846153846153 0.12931034482758622 0.25384615384615383 0.12931034482758622 0.25384615384615383 0.1278735632183908 0.23653846153846153 0.1278735632183908
0 0.10576923076923077 0.39080459770114945 0.10576923076923077 0.3922413793103448 0.13076923076923078 0.3922413793103448 0.13076923076923078 0.39080459770114945 0.10576923076923077 0.39080459770114945
0 0.075 0.33189655172413796 0.075 0.3333333333333333 0.09038461538461538 0.3333333333333333 0.09038461538461538 0.33189655172413796 0.075 0.33189655172413796
0 1.2942307692307693 0.4396551724137931 1.2942307692307693 0.4410919540229885 1.3057692307692308 0.4410919540229885 1.3057692307692308 0.4396551724137931 1.2942307692307693 0.4396551724137931
0 0.5326923076923077 0.11063218390804598 0.5326923076923077 0.11206896551724138 0.5384615384615384 0.11206896551724138 0.5384615384615384 0.11063218390804598 0.5326923076923077 0.11063218390804598
0 0.13653846153846153 0.05603448275862069 0.13653846153846153 0.05747126436781609 0.1423076923076923 0.05747126436781609 0.1423076923076923 0.05603448275862069 0.13653846153846153 0.05603448275862069
0 0.12307692307692308 0.7025862068965517 0.12307692307692308 0.7040229885057471 0.1346153846153846 0.7040229885057471 0.1346153846153846 0.7025862068965517 0.12307692307692308 0.7025862068965517
0 1.2788461538461537 0.39798850574712646 1.2788461538461537 0.3994252873563218 1.2961538461538462 0.3994252873563218 1.2961538461538462 0.39798850574712646 1.2788461538461537 0.39798850574712646
0 0.05576923076923077 0.15804597701149425 0.05576923076923077 0.15948275862068967 0.06538461538461539 0.15948275862068967 0.06538461538461539 0.15804597701149425 0.05576923076923077 0.15804597701149425
0 0.6673076923076923 0.2974137931034483 0.6673076923076923 0.2988505747126437 0.676923076923077 0.2988505747126437 0.676923076923077 0.2974137931034483 0.6673076923076923 0.2974137931034483
0 1.3288461538461538 0.6882183908045977 1.3288461538461538 0.6896551724137931 1.3384615384615384 0.6896551724137931 1.3384615384615384 0.6882183908045977 1.3288461538461538 0.6882183908045977
0 0.013461538461538462 0.735632183908046 0.013461538461538462 0.7370689655172413 0.028846153846153848 0.7370689655172413 0.028846153846153848 0.735632183908046 0.013461538461538462 0.735632183908046
0 0.32884615384615384 0.3879310344827586 0.32884615384615384 0.38936781609195403 0.3326923076923077 0.38936781609195403 0.3326923076923077 0.3879310344827586 0.32884615384615384 0.3879310344827586
0 0.7480769230769231 0.3031609195402299 0.7480769230769231 0.3045977011494253 0.7576923076923077 0.3045977011494253 0.7576923076923077 0.3031609195402299 0.7480769230769231 0.3031609195402299
0 1.1711538461538462 0.5402298850574713 1.1711538461538462 0.5416666666666666 1.176923076923077 0.5416666666666666 1.176923076923077 0.5402298850574713 1.1711538461538462 0.5402298850574713
0 0.5211538461538462 0.5545977011494253 0.5211538461538462 0.5560344827586207 0.5346153846153846 0.5560344827586207 0.5346153846153846 0.5545977011494253 0.5211538461538462 0.5545977011494253
0 1.0192307692307692 0.13505747126436782 1.0192307692307692 0.13649425287356323 1.0384615384615385 0.13649425287356323 1.0384615384615385 0.13505747126436782 1.0192307692307692 0.13505747126436782
0 0.225 0.0 0.225 0.0014367816091954023 0.28076923076923077 0.0014367816091954023 0.28076923076923077 0.0 0.225 0.0
0 0.7096153846153846 0.24856321839080459 0.7096153846153846 0.25 0.7192307692307692 0.25 0.7192307692307692 0.24856321839080459 0.7096153846153846 0.24856321839080459
0 0.6576923076923077 0.1781609195402299 0.6576923076923077 0.17959770114942528 0.676923076923077 0.17959770114942528 0.676923076923077 0.1781609195402299 0.6576923076923077 0.1781609195402299
0 0.9923076923076923 0.22701149425287356 0.9923076923076923 0.22844827586206898 1.0192307692307692 0.22844827586206898 1.0192307692307692 0.22701149425287356 0.9923076923076923 0.22701149425287356
0 0.7942307692307692 0.48563218390804597 0.7942307692307692 0.4870689655172414 0.8076923076923077 0.4870689655172414 0.8076923076923077 0.48563218390804597 0.7942307692307692 0.48563218390804597
0 1.225 0.09339080459770115 1.225 0.09482758620689655 1.228846153846154 0.09482758620689655 1.228846153846154 0.09339080459770115 1.225 0.09339080459770115
0 0.20576923076923076 0.034482758620689655 0.20576923076923076 0.035919540229885055 0.2153846153846154 0.035919540229885055 0.2153846153846154 0.034482758620689655 0.20576923076923076 0.034482758620689655
0 0.6923076923076923 0.6494252873563219 0.6923076923076923 0.6508620689655172 0.7211538461538461 0.6508620689655172 0.7211538461538461 0.6494252873563219 0.6923076923076923 0.6494252873563219
0 0.37884615384615383 0.6810344827586207 0.37884615384615383 0.6824712643678161 0.38846153846153847 0.6824712643678161 0.38846153846153847 0.6810344827586207 0.37884615384615383 0.6810344827586207
0 0.7769230769230769 0.27011494252873564 0.7769230769230769 0.27155172413793105 0.7903846153846154 0.27155172413793105 0.7903846153846154 0.27011494252873564 0.7769230769230769 0.27011494252873564
0 1.2846153846153847 0.5732758620689655 1.2846153846153847 0.5747126436781609 1.2923076923076924 0.5747126436781609 1.2923076923076924 0.5732758620689655 1.2846153846153847 0.5732758620689655
0 0.06538461538461539 0.5129310344827587 0.06538461538461539 0.514367816091954 0.07692307692307693 0.514367816091954 0.07692307692307693 0.5129310344827587 0.06538461538461539 0.5129310344827587
0 0.038461538461538464 0.5459770114942529 0.038461538461538464 0.5474137931034483 0.04807692307692308 0.5474137931034483 0.04807692307692308 0.5459770114942529 0.038461538461538464 0.5459770114942529
0 1.0903846153846153 0.05459770114942529 1.0903846153846153 0.05603448275862069 1.1134615384615385 0.05603448275862069 1.1134615384615385 0.05459770114942529 1.0903846153846153 0.05459770114942529
0 0.7903846153846154 0.09482758620689655 0.7903846153846154 0.09626436781609195 0.7961538461538461 0.09626436781609195 0.7961538461538461 0.09482758620689655 0.7903846153846154 0.09482758620689655
0 0.7865384615384615 0.3864942528735632 0.7865384615384615 0.3879310344827586 0.801923076923077 0.3879310344827586 0.801923076923077 0.3864942528735632 0.7865384615384615 0.3864942528735632
0 1.0461538461538462 0.36063218390804597 1.0461538461538462 0.3620689655172414 1.051923076923077 0.3620689655172414 1.051923076923077 0.36063218390804597 1.0461538461538462 0.36063218390804597
0 1.2807692307692307 0.47844827586206895 1.2807692307692307 0.47988505747126436 1.2923076923076924 0.47988505747126436 1.2923076923076924 0.47844827586206895 1.2807692307692307 0.47844827586206895
0 1.3134615384615385 0.6479885057471264 1.3134615384615385 0.6494252873563219 1.3211538461538461 0.6494252873563219 1.3211538461538461 0.6479885057471264 1.3134615384615385 0.6479885057471264
0 0.5384615384615384 0.11925287356321838 0.5384615384615384 0.1206896551724138 0.551923076923077 0.1206896551724138 0.551923076923077 0.11925287356321838 0.5384615384615384 0.11925287356321838
0 1.0480769230769231 0.08908045977011494 1.0480769230769231 0.09051724137931035 1.0557692307692308 0.09051724137931035 1.0557692307692308 0.08908045977011494 1.0480769230769231 0.08908045977011494
0 0.8673076923076923 0.5229885057471264 0.8673076923076923 0.5244252873563219 0.8826923076923077 0.5244252873563219 0.8826923076923077 0.5229885057471264 0.8673076923076923 0.5229885057471264
0 1.123076923076923 0.5258620689655172 1.123076923076923 0.5272988505747126 1.126923076923077 0.5272988505747126 1.126923076923077 0.5258620689655172 1.123076923076923 0.5258620689655172
0 0.046153846153846156 0.08764367816091954 0.046153846153846156 0.08908045977011494 0.05 0.08908045977011494 0.05 0.08764367816091954 0.046153846153846156 0.08764367816091954
0 0.47307692307692306 0.20977011494252873 0.47307692307692306 0.21120689655172414 0.5 0.21120689655172414 0.5 0.20977011494252873 0.47307692307692306 0.20977011494252873
0 0.5211538461538462 0.16810344827586207 0.5211538461538462 0.16954022988505746 0.5307692307692308 0.16954022988505746 0.5307692307692308 0.16810344827586207 0.5211538461538462 0.16810344827586207
0 0.20384615384615384 0.3850574712643678 0.20384615384615384 0.3864942528735632 0.225 0.3864942528735632 0.225 0.3850574712643678 0.20384615384615384 0.3850574712643678
0 0.03461538461538462 0.47126436781609193 0.03461538461538462 0.47270114942528735 0.051923076923076926 0.47270114942528735 0.051923076923076926 0.47126436781609193 0.03461538461538462 0.47126436781609193
0 1.0711538461538461 0.29454022988505746 1.0711538461538461 0.2959770114942529 1.073076923076923 0.2959770114942529 1.073076923076923 0.29454022988505746 1.0711538461538461 0.29454022988505746
0 0.5884615384615385 0.7385057471264368 0.5884615384615385 0.7399425287356322 0.5980769230769231 0.7399425287356322 0.5980769230769231 0.7385057471264368 0.5884615384615385 0.7385057471264368
0 1.2538461538461538 0.07040229885057471 1.2538461538461538 0.07183908045977011 1.2634615384615384 0.07183908045977011 1.2634615384615384 0.07040229885057471 1.2538461538461538 0.07040229885057471
0 1.0538461538461539 0.021551724137931036 1.0538461538461539 0.022988505747126436 1.0557692307692308 0.022988505747126436 1.0557692307692308 0.021551724137931036 1.0538461538461539 0.021551724137931036
0 1.05 0.3793103448275862 1.05 0.3807471264367816 1.0557692307692308 0.3807471264367816 1.0557692307692308 0.3793103448275862 1.05 0.3793103448275862
0 0.5673076923076923 0.5833333333333334 0.5673076923076923 0.5847701149425287 0.5846153846153846 0.5847701149425287 0.5846153846153846 0.5833333333333334 0.5673076923076923 0.5833333333333334
0 0.7730769230769231 0.0014367816091954023 0.7730769230769231 0.0028735632183908046 0.7884615384615384 0.0028735632183908046 0.7884615384615384 0.0014367816091954023 0.7730769230769231 0.0014367816091954023
0 0.5865384615384616 0.610632183908046 0.5865384615384616 0.6120689655172413 0.5980769230769231 0.6120689655172413 0.5980769230769231 0.610632183908046 0.5865384615384616 0.610632183908046
0 0.1346153846153846 0.5833333333333334 0.1346153846153846 0.5847701149425287 0.14038461538461539 0.5847701149425287 0.14038461538461539 0.5833333333333334 0.1346153846153846 0.5833333333333334
0 0.15384615384615385 0.6968390804597702 0.15384615384615385 0.6982758620689655 0.17115384615384616 0.6982758620689655 0.17115384615384616 0.6968390804597702 0.15384615384615385 0.6968390804597702
0 0.8903846153846153 0.375 0.8903846153846153 0.3764367816091954 0.9 0.3764367816091954 0.9 0.375 0.8903846153846153 0.375
0 0.9423076923076923 0.05747126436781609 0.9423076923076923 0.05890804597701149 0.9519230769230769 0.05890804597701149 0.9519230769230769 0.05747126436781609 0.9423076923076923 0.05747126436781609
0 1.1192307692307693 0.20402298850574713 1.1192307692307693 0.20545977011494254 1.1307692307692307 0.20545977011494254 1.1307692307692307 0.20402298850574713 1.1192307692307693 0.20402298850574713
0 0.14423076923076922 0.01293103448275862 0.14423076923076922 0.014367816091954023 0.15 0.014367816091954023 0.15 0.01293103448275862 0.14423076923076922 0.01293103448275862
0 0.4980769230769231 0.26436781609195403 0.4980769230769231 0.26580459770114945 0.5096153846153846 0.26580459770114945 0.5096153846153846 0.26436781609195403 0.4980769230769231 0.26436781609195403
0 0.20192307692307693 0.07758620689655173 0.20192307692307693 0.07902298850574713 0.20384615384615384 0.07902298850574713 0.20384615384615384 0.07758620689655173 0.20192307692307693 0.07758620689655173
0 0.13846153846153847 0.6307471264367817 0.13846153846153847 0.632183908045977 0.15576923076923077 0.632183908045977 0.15576923076923077 0.6307471264367817 0.13846153846153847 0.6307471264367817
0 0.6480769230769231 0.1896551724137931 0.6480769230769231 0.1910919540229885 0.6673076923076923 0.1910919540229885 0.6673076923076923 0.1896551724137931 0.6480769230769231 0.1896551724137931
0 0.2 0.15086206896551724 0.2 0.15229885057471265 0.20961538461538462 0.15229885057471265 0.20961538461538462 0.15086206896551724 0.2 0.15086206896551724
0 0.4153846153846154 0.3232758620689655 0.4153846153846154 0.32471264367816094 0.4346153846153846 0.32471264367816094 0.4346153846153846 0.3232758620689655 0.4153846153846154 0.3232758620689655
0 0.22884615384615384 0.6336206896551724 0.22884615384615384 0.6350574712643678 0.25576923076923075 0.6350574712643678 0.25576923076923075 0.6336206896551724 0.22884615384615384 0.6336206896551724
0 0.6884615384615385 0.31896551724137934 0.6884615384615385 0.3204022988505747 0.6923076923076923 0.3204022988505747 0.6923076923076923 0.31896551724137934 0.6884615384615385 0.31896551724137934
0 0.24807692307692308 0.48419540229885055 0.24807692307692308 0.48563218390804597 0.2653846153846154 0.48563218390804597 0.2653846153846154 0.48419540229885055 0.24807692307692308 0.48419540229885055
0 0.4673076923076923 0.27011494252873564 0.4673076923076923 0.27155172413793105 0.4826923076923077 0.27155172413793105 0.4826923076923077 0.27011494252873564 0.4673076923076923 0.27011494252873564
0 1.0269230769230768 0.6609195402298851 1.0269230769230768 0.6623563218390804 1.0365384615384616 0.6623563218390804 1.0365384615384616 0.6609195402298851 1.0269230769230768 0.6609195402298851
0 0.5365384615384615 0.7068965517241379 0.5365384615384615 0.7083333333333334 0.5576923076923077 0.7083333333333334 0.5576923076923077 0.7068965517241379 0.5365384615384615 0.7068965517241379
0 0.5480769230769231 0.11206896551724138 0.5480769230769231 0.11350574712643678 0.5596153846153846 0.11350574712643678 0.5596153846153846 0.11206896551724138 0.5480769230769231 0.11206896551724138
0 1.2019230769230769 0.31896551724137934 1.2019230769230769 0.3204022988505747 1.2096153846153845 0.3204022988505747 1.2096153846153845 0.31896551724137934 1.2019230769230769 0.31896551724137934
0 0.47884615384615387 0.07614942528735633 0.47884615384615387 0.07758620689655173 0.49230769230769234 0.07758620689655173 0.49230769230769234 0.07614942528735633 0.47884615384615387 0.07614942528735633
0 0.8730769230769231 0.7399425287356322 0.8730769230769231 0.7413793103448276 0.8769230769230769 0.7413793103448276 0.8769230769230769 0.7399425287356322 0.8730769230769231 0.7399425287356322
0 1.05 0.6709770114942529 1.05 0.6724137931034483 1.0634615384615385 0.6724137931034483 1.0634615384615385 0.6709770114942529 1.05 0.6709770114942529
0 0.08269230769230769 0.40948275862068967 0.08269230769230769 0.4109195402298851 0.09423076923076923 0.4109195402298851 0.09423076923076923 0.40948275862068967 0.08269230769230769 0.40948275862068967
0 1.2942307692307693 0.6192528735632183 1.2942307692307693 0.6206896551724138 1.3057692307692308 0.6206896551724138 1.3057692307692308 0.6192528735632183 1.2942307692307693 0.6192528735632183
0 0.29615384615384616 0.03879310344827586 0.29615384615384616 0.040229885057471264 0.3038461538461538 0.040229885057471264 0.3038461538461538 0.03879310344827586 0.29615384615384616 0.03879310344827586
0 0.475 0.3577586206896552 0.475 0.35919540229885055 0.48846153846153845 0.35919540229885055 0.48846153846153845 0.3577586206896552 0.475 0.3577586206896552
0 0.09615384615384616 0.4511494252873563 0.09615384615384616 0.4525862068965517 0.11346153846153846 0.4525862068965517 0.11346153846153846 0.4511494252873563 0.09615384615384616 0.4511494252873563
0 0.9788461538461538 0.0617816091954023 0.9788461538461538 0.06321839080459771 1.001923076923077 0.06321839080459771 1.001923076923077 0.0617816091954023 0.9788461538461538 0.0617816091954023
0 0.3230769230769231 0.4109195402298851 0.3230769230769231 0.41235632183908044 0.32884615384615384 0.41235632183908044 0.32884615384615384 0.4109195402298851 0.3230769230769231 0.4109195402298851