0 0.02734375 0.625 0.02734375 0.628125 0.05859375 0.628125 0.05859375 0.625 0.02734375 0.625
0 0.7109375 0.546875 0.7109375 0.55 0.7265625 0.55 0.7265625 0.546875 0.7109375 0.546875
0 0.88671875 0.628125 0.88671875 0.63125 0.94140625 0.63125 0.94140625 0.628125 0.88671875 0.628125
0 1.01953125 0.15 1.01953125 0.153125 1.04296875 0.153125 1.04296875 0.15 1.01953125 0.15
0 0.07421875 0.446875 0.07421875 0.45 0.08984375 0.45 0.08984375 0.446875 0.07421875 0.446875
0 1.015625 0.2875 1.015625 0.290625 1.03515625 0.290625 1.03515625 0.2875 1.015625 0.2875
0 0.6875 0.075 0.6875 0.078125 0.71875 0.078125 0.71875 0.075 0.6875 0.075
0 0.2421875 0.271875 0.2421875 0.275 0.25 0.275 0.25 0.271875 0.2421875 0.271875
0 0.0 0.475 0.0 0.478125 0.00390625 0.478125 0.00390625 0.475 0.0 0.475
0 0.68359375 0.75625 0.68359375 0.759375 0.73828125 0.759375 0.73828125 0.75625 0.68359375 0.75625
0 0.5078125 0.35625 0.5078125 0.359375 0.55859375 0.359375 0.55859375 0.35625 0.5078125 0.35625
0 0.21484375 0.171875 0.21484375 0.175 0.2421875 0.175 0.2421875 0.171875 0.21484375 0.171875
0 0.61328125 0.103125 0.61328125 0.10625 0.6328125 0.10625 0.6328125 0.103125 0.61328125 0.103125
0 0.9921875 0.5 0.9921875 0.503125 1.0 0.503125 1.0 0.5 0.9921875 0.5
0 0.96484375 0.0125 0.96484375 0.015625 0.98046875 0.015625 0.98046875 0.0125 0.96484375 0.0125
0 0.4609375 0.459375 0.4609375 0.4625 0.46484375 0.4625 0.46484375 0.459375 0.4609375 0.459375
0 0.55859375 0.471875 0.55859375 0.475 0.59375 0.475 0.59375 0.471875 0.55859375 0.471875
0 1.00390625 0.05 1.00390625 0.053125 1.01171875 0.053125 1.01171875 0.05 1.00390625 0.05
0 0.453125 0.303125 0.453125 0.30625 0.46484375 0.30625 0.46484375 0.303125 0.453125 0.303125
0 0.5234375 0.56875 0.5234375 0.571875 0.5546875 0.571875 0.5546875 0.56875 0.5234375 0.56875
0 0.5078125 0.253125 0.5078125 0.25625 0.53515625 0.25625 0.53515625 0.253125 0.5078125 0.253125
0 0.34765625 0.365625 0.34765625 0.36875 0.3828125 0.36875 0.3828125 0.365625 0.34765625 0.365625
0 0.25 0.546875 0.25 0.55 0.2578125 0.55 0.2578125 0.546875 0.25 0.546875
0 0.61328125 0.16875 0.61328125 0.171875 0.6328125 0.171875 0.6328125 0.16875 0.61328125 0.16875
0 0.3359375 0.575 0.3359375 0.578125 0.34375 0.578125 0.34375 0.575 0.3359375 0.575
0 0.83203125 0.625 0.83203125 0.628125 0.83984375 0.628125 0.83984375 0.625 0.83203125 0.625
0 0.5234375 0.11875 0.5234375 0.121875 0.5546875 0.121875 0.5546875 0.11875 0.5234375 0.11875
0 0.140625 0.246875 0.140625 0.25 0.1796875 0.25 0.1796875 0.246875 0.140625 0.246875
0 0.1171875 0.053125 0.1171875 0.05625 0.125 0.05625 0.125 0.053125 0.1171875 0.053125
0 0.140625 0.640625 0.140625 0.64375 0.1640625 0.64375 0.1640625 0.640625 0.140625 0.640625
0 0.03125 0.275 0.03125 0.278125 0.06640625 0.278125 0.06640625 0.275 0.03125 0.275
0 0.8515625 0.146875 0.8515625 0.15 0.8828125 0.15 0.8828125 0.146875 0.8515625 0.146875
0 0.67578125 0.159375 0.67578125 0.1625 0.68359375 0.1625 0.68359375 0.159375 0.67578125 0.159375
0 0.5859375 0.65 0.5859375 0.653125 0.6015625 0.653125 0.6015625 0.65 0.5859375 0.65
0 0.55859375 0.66875 0.55859375 0.671875 0.578125 0.671875 0.578125 0.66875 0.55859375 0.66875
0 0.484375 0.0 0.484375 0.003125 0.546875 0.003125 0.546875 0.0 0.484375 0.0
0 0.23828125 0.125 0.23828125 0.128125 0.265625 0.128125 0.265625 0.125 0.23828125 0.125
0 0.08984375 0.253125 0.08984375 0.25625 0.12109375 0.25625 0.12109375 0.253125 0.08984375 0.253125
0 0.3125 0.065625 0.3125 0.06875 0.3359375 0.06875 0.3359375 0.065625 0.3125 0.065625
0 0.69921875 0.50625 0.69921875 0.509375 0.73828125 0.509375 0.73828125 0.50625 0.69921875 0.50625
0 0.30078125 0.628125 0.30078125 0.63125 0.328125 0.63125 0.328125 0.628125 0.30078125 0.628125
0 0.13671875 0.390625 0.13671875 0.39375 0.234375 0.39375 0.234375 0.390625 0.13671875 0.390625