0 1.19140625 0.128125 1.19140625 0.13125 1.21484375 0.13125 1.21484375 0.128125 1.19140625 0.128125
0 1.0625 0.596875 1.0625 0.6 1.07421875 0.6 1.07421875 0.596875 1.0625 0.596875
0 0.18359375 0.3375 0.18359375 0.340625 0.22265625 0.340625 0.22265625 0.3375 0.18359375 0.3375
0 0.89453125 0.659375 0.89453125 0.6625 0.9140625 0.6625 0.9140625 0.659375 0.89453125 0.659375
0 0.7265625 0.11875 0.7265625 0.121875 0.75 0.121875 0.75 0.11875 0.7265625 0.11875
0 0.0234375 0.175 0.0234375 0.178125 0.046875 0.178125 0.046875 0.175 0.0234375 0.175
0 0.75 0.778125 0.75 0.78125 0.75390625 0.78125 0.75390625 0.778125 0.75 0.778125
0 0.6640625 0.0 0.6640625 0.003125 0.78125 0.003125 0.78125 0.0 0.6640625 0.0
0 0.13671875 0.603125 0.13671875 0.60625 0.16015625 0.60625 0.16015625 0.603125 0.13671875 0.603125
0 0.16015625 0.528125 0.16015625 0.53125 0.1875 0.53125 0.1875 0.528125 0.16015625 0.528125
0 0.47265625 0.259375 0.47265625 0.2625 0.51171875 0.2625 0.51171875 0.259375 0.47265625 0.259375
0 0.95703125 0.39375 0.95703125 0.396875 1.02734375 0.396875 1.02734375 0.39375 0.95703125 0.39375
0 0.0078125 0.5875 0.0078125 0.590625 0.02734375 0.590625 0.02734375 0.5875 0.0078125 0.5875
0 0.33984375 0.00625 0.33984375 0.009375 0.4375 0.009375 0.4375 0.00625 0.33984375 0.00625
0 0.31640625 0.575 0.31640625 0.578125 0.34765625 0.578125 0.34765625 0.575 0.31640625 0.575
0 1.0234375 0.25 1.0234375 0.253125 1.05859375 0.253125 1.05859375 0.25 1.0234375 0.25
0 0.65625 0.309375 0.65625 0.3125 0.703125 0.3125 0.703125 0.309375 0.65625 0.309375
0 0.33984375 0.45625 0.33984375 0.459375 0.390625 0.459375 0.390625 0.45625 0.33984375 0.45625
0 0.88671875 0.328125 0.88671875 0.33125 0.9140625 0.33125 0.9140625 0.328125 0.88671875 0.328125
0 0.8203125 0.63125 0.8203125 0.634375 0.84765625 0.634375 0.84765625 0.63125 0.8203125 0.63125
0 0.84375 0.00625 0.84375 0.009375 0.8671875 0.009375 0.8671875 0.00625 0.84375 0.00625
0 0.625 0.4625 0.625 0.465625 0.6484375 0.465625 0.6484375 0.4625 0.625 0.4625
0 0.09765625 0.0 0.09765625 0.003125 0.1015625 0.003125 0.1015625 0.0 0.09765625 0.0
0 0.43359375 0.43125 0.43359375 0.434375 0.4453125 0.434375 0.4453125 0.43125 0.43359375 0.43125
0 0.69140625 0.175 0.69140625 0.178125 0.703125 0.178125 0.703125 0.175 0.69140625 0.175
0 0.4296875 0.0 0.4296875 0.003125 0.4375 0.003125 0.4375 0.0 0.4296875 0.0
0 1.1171875 0.53125 1.1171875 0.534375 1.15625 0.534375 1.15625 0.53125 1.1171875 0.53125
0 0.7890625 0.2125 0.7890625 0.215625 0.81640625 0.215625 0.81640625 0.2125 0.7890625 0.2125
0 0.83203125 0.275 0.83203125 0.278125 0.84765625 0.278125 0.84765625 0.275 0.83203125 0.275
0 0.33984375 0.353125 0.33984375 0.35625 0.359375 0.35625 0.359375 0.353125 0.33984375 0.353125
0 0.54296875 0.25 0.54296875 0.253125 0.58984375 0.253125 0.58984375 0.25 0.54296875 0.25
0 0.375 0.396875 0.375 0.4 0.421875 0.4 0.421875 0.396875 0.375 0.396875
0 1.1953125 0.34375 1.1953125 0.346875 1.21875 0.346875 1.21875 0.34375 1.1953125 0.34375
0 0.06640625 0.090625 0.06640625 0.09375 0.09375 0.09375 0.09375 0.090625 0.06640625 0.090625
0 0.22265625 0.4875 0.22265625 0.490625 0.28515625 0.490625 0.28515625 0.4875 0.22265625 0.4875
0 0.18359375 0.334375 0.18359375 0.3375 0.20703125 0.3375 0.20703125 0.334375 0.18359375 0.334375
0 0.703125 0.428125 0.703125 0.43125 0.71875 0.43125 0.71875 0.428125 0.703125 0.428125
0 0.30078125 0.0 0.30078125 0.003125 0.3203125 0.003125 0.3203125 0.0 0.30078125 0.0
0 0.234375 0.740625 0.234375 0.74375 0.2578125 0.74375 0.2578125 0.740625 0.234375 0.740625
0 0.75 0.353125 0.75 0.35625 0.75390625 0.35625 0.75390625 0.353125 0.75 0.353125
0 1.23046875 0.484375 1.23046875 0.4875 1.24609375 0.4875 1.24609375 0.484375 1.23046875 0.484375
0 0.984375 0.08125 0.984375 0.084375 1.0078125 0.084375 1.0078125 0.08125 0.984375 0.08125
0 0.1640625 0.784375 0.1640625 0.7875 0.21875 0.7875 0.21875 0.784375 0.1640625 0.784375
0 0.30078125 0.765625 0.30078125 0.76875 0.35546875 0.76875 0.35546875 0.765625 0.30078125 0.765625
0 0.95703125 0.496875 0.95703125 0.5 0.99609375 0.5 0.99609375 0.496875 0.95703125 0.496875
0 0.5546875 0.1375 0.5546875 0.140625 0.58203125 0.140625 0.58203125 0.1375 0.5546875 0.1375
0 0.59765625 0.0 0.59765625 0.003125 0.6484375 0.003125 0.6484375 0.0 0.59765625 0.0
0 0.93359375 0.69375 0.93359375 0.696875 0.9453125 0.696875 0.9453125 0.69375 0.93359375 0.69375
0 0.01953125 0.415625 0.01953125 0.41875 0.0390625 0.41875 0.0390625 0.415625 0.01953125 0.415625
0 0.62109375 0.459375 0.62109375 0.4625 0.6484375 0.4625 0.6484375 0.459375 0.62109375 0.459375
0 0.05078125 0.159375 0.05078125 0.1625 0.09765625 0.1625 0.09765625 0.159375 0.05078125 0.159375
0 0.21875 0.625 0.21875 0.628125 0.2734375 0.628125 0.2734375 0.625 0.21875 0.625
0 1.1171875 0.221875 1.1171875 0.225 1.1484375 0.225 1.1484375 0.221875 1.1171875 0.221875
0 0.6171875 0.196875 0.6171875 0.2 0.6484375 0.2 0.6484375 0.196875 0.6171875 0.196875
0 0.890625 0.228125 0.890625 0.23125 0.921875 0.23125 0.921875 0.228125 0.890625 0.228125
0 1.1796875 0.171875 1.1796875 0.175 1.1953125 0.175 1.1953125 0.171875 1.1796875 0.171875
0 0.17578125 0.0125 0.17578125 0.015625 0.2109375 0.015625 0.2109375 0.0125 0.17578125 0.0125
0 0.63671875 0.3125 0.63671875 0.315625 0.65625 0.315625 0.65625 0.3125 0.63671875 0.3125
0 0.828125 0.090625 0.828125 0.09375 0.859375 0.09375 0.859375 0.090625 0.828125 0.090625