0 0.87109375 0.065625 0.87109375 0.06875 0.94140625 0.06875 0.94140625 0.065625 0.87109375 0.065625
0 0.2265625 0.565625 0.2265625 0.56875 0.25390625 0.56875 0.25390625 0.565625 0.2265625 0.565625
0 0.046875 0.34375 0.046875 0.346875 0.05859375 0.346875 0.05859375 0.34375 0.046875 0.34375
0 0.08203125 0.084375 0.08203125 0.0875 0.1171875 0.0875 0.1171875 0.084375 0.08203125 0.084375
0 1.16796875 0.296875 1.16796875 0.3 1.1875 0.3 1.1875 0.296875 1.16796875 0.296875
0 0.10546875 0.040625 0.10546875 0.04375 0.12890625 0.04375 0.12890625 0.040625 0.10546875 0.040625
0 0.078125 0.421875 0.078125 0.425 0.125 0.425 0.125 0.421875 0.078125 0.421875
0 0.15625 0.190625 0.15625 0.19375 0.19921875 0.19375 0.19921875 0.190625 0.15625 0.190625
0 0.0078125 0.603125 0.0078125 0.60625 0.0390625 0.60625 0.0390625 0.603125 0.0078125 0.603125
0 0.78125 0.0 0.78125 0.003125 0.96875 0.003125 0.96875 0.0 0.78125 0.0
0 0.640625 0.2625 0.640625 0.265625 0.6484375 0.265625 0.6484375 0.2625 0.640625 0.2625
0 0.0 0.0 0.0 0.003125 0.05859375 0.003125 0.05859375 0.0 0.0 0.0
0 0.6328125 0.0 0.6328125 0.003125 0.75 0.003125 0.75 0.0 0.6328125 0.0
0 0.55859375 0.0375 0.55859375 0.040625 0.58203125 0.040625 0.58203125 0.0375 0.55859375 0.0375
0 0.25 0.609375 0.25 0.6125 0.25390625 0.6125 0.25390625 0.609375 0.25 0.609375
0 0.55078125 0.73125 0.55078125 0.734375 0.5625 0.734375 0.5625 0.73125 0.55078125 0.73125
0 0.0 0.525 0.0 0.528125 0.00390625 0.528125 0.00390625 0.525 0.0 0.525
0 0.96875 0.428125 0.96875 0.43125 0.984375 0.43125 0.984375 0.428125 0.96875 0.428125
0 1.2109375 0.3 1.2109375 0.303125 1.23046875 0.303125 1.23046875 0.3 1.2109375 0.3