0 0.38846153846153847 0.7241379310344828 0.38846153846153847 0.7255747126436781 0.3923076923076923 0.7255747126436781 0.3923076923076923 0.7241379310344828 0.38846153846153847 0.7241379310344828
0 0.09038461538461538 0.7183908045977011 0.09038461538461538 0.7198275862068966 0.09615384615384616 0.7198275862068966 0.09615384615384616 0.7183908045977011 0.09038461538461538 0.7183908045977011
0 0.7961538461538461 0.40804597701149425 0.7961538461538461 0.40948275862068967 0.825 0.40948275862068967 0.825 0.40804597701149425 0.7961538461538461 0.40804597701149425
0 0.9980769230769231 0.1896551724137931 0.9980769230769231 0.1910919540229885 1.0076923076923077 0.1910919540229885 1.0076923076923077 0.1896551724137931 0.9980769230769231 0.1896551724137931
0 1.2653846153846153 0.017241379310344827 1.2653846153846153 0.01867816091954023 1.2807692307692307 0.01867816091954023 1.2807692307692307 0.017241379310344827 1.2653846153846153 0.017241379310344827
0 1.325 0.5948275862068966 1.325 0.5962643678160919 1.3384615384615384 0.5962643678160919 1.3384615384615384 0.5948275862068966 1.325 0.5948275862068966
0 0.8653846153846154 0.22844827586206898 0.8653846153846154 0.22988505747126436 0.8807692307692307 0.22988505747126436 0.8807692307692307 0.22844827586206898 0.8653846153846154 0.22844827586206898
0 1.2846153846153847 0.4583333333333333 1.2846153846153847 0.45977011494252873 1.2923076923076924 0.45977011494252873 1.2923076923076924 0.4583333333333333 1.2846153846153847 0.4583333333333333
0 0.2173076923076923 0.6379310344827587 0.2173076923076923 0.639367816091954 0.2326923076923077 0.639367816091954 0.2326923076923077 0.6379310344827587 0.2173076923076923 0.6379310344827587
0 0.3 0.40229885057471265 0.3 0.40373563218390807 0.31346153846153846 0.40373563218390807 0.31346153846153846 0.40229885057471265 0.3 0.40229885057471265
0 0.6288461538461538 0.6048850574712644 0.6288461538461538 0.6063218390804598 0.6346153846153846 0.6063218390804598 0.6346153846153846 0.6048850574712644 0.6288461538461538 0.6048850574712644
0 0.9134615384615384 0.4698275862068966 0.9134615384615384 0.47126436781609193 0.9211538461538461 0.47126436781609193 0.9211538461538461 0.4698275862068966 0.9134615384615384 0.4698275862068966
0 0.22884615384615384 0.7327586206896551 0.22884615384615384 0.7341954022988506 0.2326923076923077 0.7341954022988506 0.2326923076923077 0.7327586206896551 0.22884615384615384 0.7327586206896551
0 1.3326923076923076 0.492816091954023 1.3326923076923076 0.4942528735632184 1.3384615384615384 0.4942528735632184 1.3384615384615384 0.492816091954023 1.3326923076923076 0.492816091954023
0 0.8307692307692308 0.07614942528735633 0.8307692307692308 0.07758620689655173 0.8596153846153847 0.07758620689655173 0.8596153846153847 0.07614942528735633 0.8307692307692308 0.07614942528735633
0 0.8057692307692308 0.5359195402298851 0.8057692307692308 0.5373563218390804 0.8173076923076923 0.5373563218390804 0.8173076923076923 0.5359195402298851 0.8057692307692308 0.5359195402298851
0 0.49615384615384617 0.33189655172413796 0.49615384615384617 0.3333333333333333 0.5096153846153846 0.3333333333333333 0.5096153846153846 0.33189655172413796 0.49615384615384617 0.33189655172413796
0 1.0769230769230769 0.625 1.0769230769230769 0.6264367816091954 1.0865384615384615 0.6264367816091954 1.0865384615384615 0.625 1.0769230769230769 0.625
0 0.1596153846153846 0.16091954022988506 0.1596153846153846 0.16235632183908047 0.175 0.16235632183908047 0.175 0.16091954022988506 0.1596153846153846 0.16091954022988506
0 0.23076923076923078 0.28304597701149425 0.23076923076923078 0.28448275862068967 0.2423076923076923 0.28448275862068967 0.2423076923076923 0.28304597701149425 0.23076923076923078 0.28304597701149425
0 0.07115384615384615 0.27011494252873564 0.07115384615384615 0.27155172413793105 0.08846153846153847 0.27155172413793105 0.08846153846153847 0.27011494252873564 0.07115384615384615 0.27011494252873564
0 1.0826923076923076 0.47988505747126436 1.0826923076923076 0.4813218390804598 1.0923076923076922 0.4813218390804598 1.0923076923076922 0.47988505747126436 1.0826923076923076 0.47988505747126436
0 0.5576923076923077 0.3390804597701149 0.5576923076923077 0.34051724137931033 0.5884615384615385 0.34051724137931033 0.5884615384615385 0.3390804597701149 0.5576923076923077 0.3390804597701149
0 1.1576923076923078 0.4482758620689655 1.1576923076923078 0.44971264367816094 1.1615384615384616 0.44971264367816094 1.1615384615384616 0.4482758620689655 1.1576923076923078 0.4482758620689655
0 1.1884615384615385 0.10775862068965517 1.1884615384615385 0.10919540229885058 1.1942307692307692 0.10919540229885058 1.1942307692307692 0.10775862068965517 1.1884615384615385 0.10775862068965517
0 1.1423076923076922 0.27155172413793105 1.1423076923076922 0.27298850574712646 1.15 0.27298850574712646 1.15 0.27155172413793105 1.1423076923076922 0.27155172413793105
0 0.2903846153846154 0.5675287356321839 0.2903846153846154 0.5689655172413793 0.3038461538461538 0.5689655172413793 0.3038461538461538 0.5675287356321839 0.2903846153846154 0.5675287356321839
0 0.43846153846153846 0.23419540229885058 0.43846153846153846 0.23563218390804597 0.45384615384615384 0.23563218390804597 0.45384615384615384 0.23419540229885058 0.43846153846153846 0.23419540229885058
0 0.9980769230769231 0.3146551724137931 0.9980769230769231 0.3160919540229885 1.0057692307692307 0.3160919540229885 1.0057692307692307 0.3146551724137931 0.9980769230769231 0.3146551724137931
0 0.3903846153846154 0.4985632183908046 0.3903846153846154 0.5 0.39615384615384613 0.5 0.39615384615384613 0.4985632183908046 0.3903846153846154 0.4985632183908046
0 0.12884615384615383 0.4755747126436782 0.12884615384615383 0.47701149425287354 0.14615384615384616 0.47701149425287354 0.14615384615384616 0.4755747126436782 0.12884615384615383 0.4755747126436782
0 0.11153846153846154 0.29310344827586204 0.11153846153846154 0.29454022988505746 0.12884615384615383 0.29454022988505746 0.12884615384615383 0.29310344827586204 0.11153846153846154 0.29310344827586204
0 1.1057692307692308 0.1235632183908046 1.1057692307692308 0.125 1.126923076923077 0.125 1.126923076923077 0.1235632183908046 1.1057692307692308 0.1235632183908046
0 0.7807692307692308 0.0603448275862069 0.7807692307692308 0.0617816091954023 0.7846153846153846 0.0617816091954023 0.7846153846153846 0.0603448275862069 0.7807692307692308 0.0603448275862069
0 0.0 0.21264367816091953 0.0 0.21408045977011494 0.025 0.21408045977011494 0.025 0.21264367816091953 0.0 0.21264367816091953
0 0.8788461538461538 0.20114942528735633 0.8788461538461538 0.2025862068965517 0.8846153846153846 0.2025862068965517 0.8846153846153846 0.20114942528735633 0.8788461538461538 0.20114942528735633
0 0.38653846153846155 0.4468390804597701 0.38653846153846155 0.4482758620689655 0.40384615384615385 0.4482758620689655 0.40384615384615385 0.4468390804597701 0.38653846153846155 0.4468390804597701
0 0.4653846153846154 0.5474137931034483 0.4653846153846154 0.5488505747126436 0.4826923076923077 0.5488505747126436 0.4826923076923077 0.5474137931034483 0.4653846153846154 0.5474137931034483
0 0.8653846153846154 0.40660919540229884 0.8653846153846154 0.40804597701149425 0.8807692307692307 0.40804597701149425 0.8807692307692307 0.40660919540229884 0.8653846153846154 0.40660919540229884
0 0.3576923076923077 0.6264367816091954 0.3576923076923077 0.6278735632183908 0.36153846153846153 0.6278735632183908 0.36153846153846153 0.6264367816091954 0.3576923076923077 0.6264367816091954
0 0.9288461538461539 0.007183908045977011 0.9288461538461539 0.008620689655172414 0.9326923076923077 0.008620689655172414 0.9326923076923077 0.007183908045977011 0.9288461538461539 0.007183908045977011
0 1.0307692307692307 0.3922413793103448 1.0307692307692307 0.3936781609195402 1.0423076923076924 0.3936781609195402 1.0423076923076924 0.3922413793103448 1.0307692307692307 0.3922413793103448
0 0.9980769230769231 0.10057471264367816 0.9980769230769231 0.10201149425287356 1.0115384615384615 0.10201149425287356 1.0115384615384615 0.10057471264367816 0.9980769230769231 0.10057471264367816
0 0.8903846153846153 0.15660919540229884 0.8903846153846153 0.15804597701149425 0.9 0.15804597701149425 0.9 0.15660919540229884 0.8903846153846153 0.15660919540229884
0 0.41923076923076924 0.5790229885057471 0.41923076923076924 0.5804597701149425 0.4230769230769231 0.5804597701149425 0.4230769230769231 0.5790229885057471 0.41923076923076924 0.5790229885057471
0 1.023076923076923 0.7140804597701149 1.023076923076923 0.7155172413793104 1.0346153846153847 0.7155172413793104 1.0346153846153847 0.7140804597701149 1.023076923076923 0.7140804597701149
0 1.0615384615384615 0.2629310344827586 1.0615384615384615 0.26436781609195403 1.0673076923076923 0.26436781609195403 1.0673076923076923 0.2629310344827586 1.0615384615384615 0.2629310344827586
0 0.11346153846153846 0.09770114942528736 0.11346153846153846 0.09913793103448276 0.11538461538461539 0.09913793103448276 0.11538461538461539 0.09770114942528736 0.11346153846153846 0.09770114942528736
0 0.8673076923076923 0.5459770114942529 0.8673076923076923 0.5474137931034483 0.8769230769230769 0.5474137931034483 0.8769230769230769 0.5459770114942529 0.8673076923076923 0.5459770114942529
0 0.05576923076923077 0.027298850574712645 0.05576923076923077 0.028735632183908046 0.06923076923076923 0.028735632183908046 0.06923076923076923 0.027298850574712645 0.05576923076923077 0.027298850574712645
0 0.7692307692307693 0.4396551724137931 0.7692307692307693 0.4410919540229885 0.7980769230769231 0.4410919540229885 0.7980769230769231 0.4396551724137931 0.7692307692307693 0.4396551724137931
0 0.9884615384615385 0.4755747126436782 0.9884615384615385 0.47701149425287354 0.9961538461538462 0.47701149425287354 0.9961538461538462 0.4755747126436782 0.9884615384615385 0.4755747126436782
0 0.9884615384615385 0.2600574712643678 0.9884615384615385 0.2614942528735632 0.9923076923076923 0.2614942528735632 0.9923076923076923 0.2600574712643678 0.9884615384615385 0.2600574712643678
0 0.16923076923076924 0.6580459770114943 0.16923076923076924 0.6594827586206896 0.18269230769230768 0.6594827586206896 0.18269230769230768 0.6580459770114943 0.16923076923076924 0.6580459770114943
0 0.14423076923076922 0.1997126436781609 0.14423076923076922 0.20114942528735633 0.16153846153846155 0.20114942528735633 0.16153846153846155 0.1997126436781609 0.14423076923076922 0.1997126436781609
0 1.273076923076923 0.28160919540229884 1.273076923076923 0.28304597701149425 1.2846153846153847 0.28304597701149425 1.2846153846153847 0.28160919540229884 1.273076923076923 0.28160919540229884
0 0.17884615384615385 0.7169540229885057 0.17884615384615385 0.7183908045977011 0.19230769230769232 0.7183908045977011 0.19230769230769232 0.7169540229885057 0.17884615384615385 0.7169540229885057
0 0.28846153846153844 0.011494252873563218 0.28846153846153844 0.01293103448275862 0.2923076923076923 0.01293103448275862 0.2923076923076923 0.011494252873563218 0.28846153846153844 0.011494252873563218
0 0.2423076923076923 0.0 0.2423076923076923 0.0014367816091954023 0.28846153846153844 0.0014367816091954023 0.28846153846153844 0.0 0.2423076923076923 0.0
0 0.19615384615384615 0.5043103448275862 0.19615384615384615 0.5057471264367817 0.2 0.5057471264367817 0.2 0.5043103448275862 0.19615384615384615 0.5043103448275862
0 0.05384615384615385 0.5402298850574713 0.05384615384615385 0.5416666666666666 0.06538461538461539 0.5416666666666666 0.06538461538461539 0.5402298850574713 0.05384615384615385 0.5402298850574713
0 0.03461538461538462 0.6939655172413793 0.03461538461538462 0.6954022988505747 0.038461538461538464 0.6954022988505747 0.038461538461538464 0.6939655172413793 0.03461538461538462 0.6939655172413793
0 1.0384615384615385 0.05172413793103448 1.0384615384615385 0.05316091954022988 1.051923076923077 0.05316091954022988 1.051923076923077 0.05172413793103448 1.0384615384615385 0.05172413793103448
0 0.7019230769230769 0.3505747126436782 0.7019230769230769 0.35201149425287354 0.7403846153846154 0.35201149425287354 0.7403846153846154 0.3505747126436782 0.7019230769230769 0.3505747126436782
0 0.8192307692307692 0.13649425287356323 0.8192307692307692 0.13793103448275862 0.8365384615384616 0.13793103448275862 0.8365384615384616 0.13649425287356323 0.8192307692307692 0.13649425287356323
0 0.823076923076923 0.0 0.823076923076923 0.0014367816091954023 0.9134615384615384 0.0014367816091954023 0.9134615384615384 0.0 0.823076923076923 0.0
0 0.46923076923076923 0.6221264367816092 0.46923076923076923 0.6235632183908046 0.4846153846153846 0.6235632183908046 0.4846153846153846 0.6221264367816092 0.46923076923076923 0.6221264367816092
0 0.9423076923076923 0.5560344827586207 0.9423076923076923 0.5574712643678161 0.9461538461538461 0.5574712643678161 0.9461538461538461 0.5560344827586207 0.9423076923076923 0.5560344827586207
0 0.026923076923076925 0.22413793103448276 0.026923076923076925 0.22557471264367815 0.038461538461538464 0.22557471264367815 0.038461538461538464 0.22413793103448276 0.026923076923076925 0.22413793103448276
0 0.6807692307692308 0.004310344827586207 0.6807692307692308 0.005747126436781609 0.698076923076923 0.005747126436781609 0.698076923076923 0.004310344827586207 0.6807692307692308 0.004310344827586207
0 0.975 0.6896551724137931 0.975 0.6910919540229885 0.9788461538461538 0.6910919540229885 0.9788461538461538 0.6896551724137931 0.975 0.6896551724137931
0 0.07307692307692308 0.7155172413793104 0.07307692307692308 0.7169540229885057 0.07692307692307693 0.7169540229885057 0.07692307692307693 0.7155172413793104 0.07307692307692308 0.7155172413793104
0 1.2846153846153847 0.6537356321839081 1.2846153846153847 0.6551724137931034 1.2942307692307693 0.6551724137931034 1.2942307692307693 0.6537356321839081 1.2846153846153847 0.6537356321839081
0 1.1576923076923078 0.21551724137931033 1.1576923076923078 0.21695402298850575 1.1673076923076924 0.21695402298850575 1.1673076923076924 0.21551724137931033 1.1576923076923078 0.21551724137931033
0 0.675 0.2686781609195402 0.675 0.27011494252873564 0.6903846153846154 0.27011494252873564 0.6903846153846154 0.2686781609195402 0.675 0.2686781609195402
0 0.10576923076923077 0.3936781609195402 0.10576923076923077 0.39511494252873564 0.11538461538461539 0.39511494252873564 0.11538461538461539 0.3936781609195402 0.10576923076923077 0.3936781609195402
0 1.2096153846153845 0.13649425287356323 1.2096153846153845 0.13793103448275862 1.2134615384615384 0.13793103448275862 1.2134615384615384 0.13649425287356323 1.2096153846153845 0.13649425287356323
0 0.5596153846153846 0.3117816091954023 0.5596153846153846 0.3132183908045977 0.5634615384615385 0.3132183908045977 0.5634615384615385 0.3117816091954023 0.5596153846153846 0.3117816091954023
0 0.5903846153846154 0.5962643678160919 0.5903846153846154 0.5977011494252874 0.6057692307692307 0.5977011494252874 0.6057692307692307 0.5962643678160919 0.5903846153846154 0.5962643678160919
0 0.3211538461538462 0.6724137931034483 0.3211538461538462 0.6738505747126436 0.3384615384615385 0.6738505747126436 0.3384615384615385 0.6724137931034483 0.3211538461538462 0.6724137931034483
0 0.9442307692307692 0.6537356321839081 0.9442307692307692 0.6551724137931034 0.9634615384615385 0.6551724137931034 0.9634615384615385 0.6537356321839081 0.9442307692307692 0.6537356321839081
0 1.325 0.3735632183908046 1.325 0.375 1.3384615384615384 0.375 1.3384615384615384 0.3735632183908046 1.325 0.3735632183908046
0 1.273076923076923 0.5172413793103449 1.273076923076923 0.5186781609195402 1.2769230769230768 0.5186781609195402 1.2769230769230768 0.5172413793103449 1.273076923076923 0.5172413793103449
0 1.2096153846153845 0.6091954022988506 1.2096153846153845 0.610632183908046 1.2230769230769232 0.610632183908046 1.2230769230769232 0.6091954022988506 1.2096153846153845 0.6091954022988506
0 0.33076923076923076 0.5258620689655172 0.33076923076923076 0.5272988505747126 0.3596153846153846 0.5272988505747126 0.3596153846153846 0.5258620689655172 0.33076923076923076 0.5258620689655172
0 0.6365384615384615 0.21264367816091953 0.6365384615384615 0.21408045977011494 0.65 0.21408045977011494 0.65 0.21264367816091953 0.6365384615384615 0.21264367816091953
0 0.4576923076923077 0.7413793103448276 0.4576923076923077 0.742816091954023 0.4634615384615385 0.742816091954023 0.4634615384615385 0.7413793103448276 0.4576923076923077 0.7413793103448276
0 1.198076923076923 0.7270114942528736 1.198076923076923 0.728448275862069 1.2038461538461538 0.728448275862069 1.2038461538461538 0.7270114942528736 1.198076923076923 0.7270114942528736
0 1.0692307692307692 0.33764367816091956 1.0692307692307692 0.3390804597701149 1.0769230769230769 0.3390804597701149 1.0769230769230769 0.33764367816091956 1.0692307692307692 0.33764367816091956
0 0.14807692307692308 0.7241379310344828 0.14807692307692308 0.7255747126436781 0.16153846153846155 0.7255747126436781 0.16153846153846155 0.7241379310344828 0.14807692307692308 0.7241379310344828
0 0.3769230769230769 0.29310344827586204 0.3769230769230769 0.29454022988505746 0.3942307692307692 0.29454022988505746 0.3942307692307692 0.29310344827586204 0.3769230769230769 0.29310344827586204
0 1.323076923076923 0.09626436781609195 1.323076923076923 0.09770114942528736 1.3307692307692307 0.09770114942528736 1.3307692307692307 0.09626436781609195 1.323076923076923 0.09626436781609195
0 0.37115384615384617 0.6293103448275862 0.37115384615384617 0.6307471264367817 0.38846153846153847 0.6307471264367817 0.38846153846153847 0.6293103448275862 0.37115384615384617 0.6293103448275862
0 0.10576923076923077 0.3649425287356322 0.10576923076923077 0.36637931034482757 0.125 0.36637931034482757 0.125 0.3649425287356322 0.10576923076923077 0.3649425287356322
0 0.18269230769230768 0.6566091954022989 0.18269230769230768 0.6580459770114943 0.18846153846153846 0.6580459770114943 0.18846153846153846 0.6566091954022989 0.18269230769230768 0.6566091954022989
0 1.2903846153846155 0.4324712643678161 1.2903846153846155 0.4339080459770115 1.3057692307692308 0.4339080459770115 1.3057692307692308 0.4324712643678161 1.2903846153846155 0.4324712643678161
0 0.475 0.08333333333333333 0.475 0.08477011494252873 0.48653846153846153 0.08477011494252873 0.48653846153846153 0.08333333333333333 0.475 0.08333333333333333
0 0.12115384615384615 0.6149425287356322 0.12115384615384615 0.6163793103448276 0.12692307692307692 0.6163793103448276 0.12692307692307692 0.6149425287356322 0.12115384615384615 0.6149425287356322
0 0.5019230769230769 0.07183908045977011 0.5019230769230769 0.07327586206896551 0.5076923076923077 0.07327586206896551 0.5076923076923077 0.07183908045977011 0.5019230769230769 0.07183908045977011
0 0.021153846153846155 0.06321839080459771 0.021153846153846155 0.06465517241379311 0.026923076923076925 0.06465517241379311 0.026923076923076925 0.06321839080459771 0.021153846153846155 0.06321839080459771
0 0.325 0.14655172413793102 0.325 0.14798850574712644 0.33653846153846156 0.14798850574712644 0.33653846153846156 0.14655172413793102 0.325 0.14655172413793102
0 0.8269230769230769 0.3649425287356322 0.8269230769230769 0.36637931034482757 0.8384615384615385 0.36637931034482757 0.8384615384615385 0.3649425287356322 0.8269230769230769 0.3649425287356322
0 0.7269230769230769 0.40660919540229884 0.7269230769230769 0.40804597701149425 0.7346153846153847 0.40804597701149425 0.7346153846153847 0.40660919540229884 0.7269230769230769 0.40660919540229884
0 1.175 0.6652298850574713 1.175 0.6666666666666666 1.1884615384615385 0.6666666666666666 1.1884615384615385 0.6652298850574713 1.175 0.6652298850574713
0 1.021153846153846 0.23850574712643677 1.021153846153846 0.23994252873563218 1.0384615384615385 0.23994252873563218 1.0384615384615385 0.23850574712643677 1.021153846153846 0.23850574712643677
0 0.8615384615384616 0.38362068965517243 0.8615384615384616 0.3850574712643678 0.8826923076923077 0.3850574712643678 0.8826923076923077 0.38362068965517243 0.8615384615384616 0.38362068965517243
0 0.6211538461538462 0.035919540229885055 0.6211538461538462 0.03735632183908046 0.6288461538461538 0.03735632183908046 0.6288461538461538 0.035919540229885055 0.6211538461538462 0.035919540229885055
0 0.9942307692307693 0.3132183908045977 0.9942307692307693 0.3146551724137931 1.0115384615384615 0.3146551724137931 1.0115384615384615 0.3132183908045977 0.9942307692307693 0.3132183908045977
0 0.27115384615384613 0.13218390804597702 0.27115384615384613 0.1336206896551724 0.275 0.1336206896551724 0.275 0.13218390804597702 0.27115384615384613 0.13218390804597702
0 1.0903846153846153 0.6580459770114943 1.0903846153846153 0.6594827586206896 1.103846153846154 0.6594827586206896 1.103846153846154 0.6580459770114943 1.0903846153846153 0.6580459770114943
0 0.38461538461538464 0.0 0.38461538461538464 0.0014367816091954023 0.41923076923076924 0.0014367816091954023 0.41923076923076924 0.0 0.38461538461538464 0.0
0 0.36346153846153845 0.6853448275862069 0.36346153846153845 0.6867816091954023 0.37115384615384617 0.6867816091954023 0.37115384615384617 0.6853448275862069 0.36346153846153845 0.6853448275862069
0 0.6692307692307692 0.3577586206896552 0.6692307692307692 0.35919540229885055 0.6846153846153846 0.35919540229885055 0.6846153846153846 0.3577586206896552 0.6692307692307692 0.3577586206896552
0 0.7423076923076923 0.5847701149425287 0.7423076923076923 0.5862068965517241 0.7519230769230769 0.5862068965517241 0.7519230769230769 0.5847701149425287 0.7423076923076923 0.5847701149425287
0 1.0788461538461538 0.17959770114942528 1.0788461538461538 0.1810344827586207 1.0923076923076922 0.1810344827586207 1.0923076923076922 0.17959770114942528 1.0788461538461538 0.17959770114942528
0 0.41346153846153844 0.28160919540229884 0.41346153846153844 0.28304597701149425 0.4307692307692308 0.28304597701149425 0.4307692307692308 0.28160919540229884 0.41346153846153844 0.28160919540229884
0 0.9384615384615385 0.22701149425287356 0.9384615384615385 0.22844827586206898 0.948076923076923 0.22844827586206898 0.948076923076923 0.22701149425287356 0.9384615384615385 0.22701149425287356
0 1.2461538461538462 0.21120689655172414 1.2461538461538462 0.21264367816091953 1.25 0.21264367816091953 1.25 0.21120689655172414 1.2461538461538462 0.21120689655172414
0 0.08269230769230769 0.5818965517241379 0.08269230769230769 0.5833333333333334 0.08846153846153847 0.5833333333333334 0.08846153846153847 0.5818965517241379 0.08269230769230769 0.5818965517241379
0 0.8307692307692308 0.27873563218390807 0.8307692307692308 0.2801724137931034 0.8480769230769231 0.2801724137931034 0.8480769230769231 0.27873563218390807 0.8307692307692308 0.27873563218390807