0 1.0625 0.15 1.0625 0.153125 1.07421875 0.153125 1.07421875 0.15 1.0625 0.15
0 0.51171875 0.409375 0.51171875 0.4125 0.52734375 0.4125 0.52734375 0.409375 0.51171875 0.409375
0 0.3515625 0.778125 0.3515625 0.78125 0.359375 0.78125 0.359375 0.778125 0.3515625 0.778125
0 0.03125 0.315625 0.03125 0.31875 0.08984375 0.31875 0.08984375 0.315625 0.03125 0.315625
0 1.1640625 0.653125 1.1640625 0.65625 1.20703125 0.65625 1.20703125 0.653125 1.1640625 0.653125
0 0.2890625 0.41875 0.2890625 0.421875 0.30078125 0.421875 0.30078125 0.41875 0.2890625 0.41875
0 0.7890625 0.0375 0.7890625 0.040625 0.8125 0.040625 0.8125 0.0375 0.7890625 0.0375
0 0.21484375 0.35625 0.21484375 0.359375 0.234375 0.359375 0.234375 0.35625 0.21484375 0.35625
0 0.87890625 0.39375 0.87890625 0.396875 0.89453125 0.396875 0.89453125 0.39375 0.87890625 0.39375
0 0.51171875 0.690625 0.51171875 0.69375 0.5546875 0.69375 0.5546875 0.690625 0.51171875 0.690625
0 0.421875 0.359375 0.421875 0.3625 0.4375 0.3625 0.4375 0.359375 0.421875 0.359375
0 0.4921875 0.275 0.4921875 0.278125 0.51171875 0.278125 0.51171875 0.275 0.4921875 0.275
0 0.6328125 0.475 0.6328125 0.478125 0.65234375 0.478125 0.65234375 0.475 0.6328125 0.475
0 0.08203125 0.0 0.08203125 0.003125 0.140625 0.003125 0.140625 0.0 0.08203125 0.0
0 0.59765625 0.615625 0.59765625 0.61875 0.609375 0.61875 0.609375 0.615625 0.59765625 0.615625
0 0.98046875 0.590625 0.98046875 0.59375 1.00390625 0.59375 1.00390625 0.590625 0.98046875 0.590625
0 0.3828125 0.740625 0.3828125 0.74375 0.43359375 0.74375 0.43359375 0.740625 0.3828125 0.740625
0 0.94140625 0.33125 0.94140625 0.334375 0.953125 0.334375 0.953125 0.33125 0.94140625 0.33125
0 0.734375 0.703125 0.734375 0.70625 0.75 0.70625 0.75 0.703125 0.734375 0.703125
0 1.2109375 0.2625 1.2109375 0.265625 1.234375 0.265625 1.234375 0.2625 1.2109375 0.2625
0 0.77734375 0.21875 0.77734375 0.221875 0.79296875 0.221875 0.79296875 0.21875 0.77734375 0.21875
0 0.2890625 0.53125 0.2890625 0.534375 0.3046875 0.534375 0.3046875 0.53125 0.2890625 0.53125
0 1.23828125 0.64375 1.23828125 0.646875 1.25 0.646875 1.25 0.64375 1.23828125 0.64375
0 0.64453125 0.48125 0.64453125 0.484375 0.65625 0.484375 0.65625 0.48125 0.64453125 0.48125
0 0.24609375 0.759375 0.24609375 0.7625 0.25 0.7625 0.25 0.759375 0.24609375 0.759375
0 1.0234375 0.35625 1.0234375 0.359375 1.05078125 0.359375 1.05078125 0.35625 1.0234375 0.35625
0 0.5546875 0.39375 0.5546875 0.396875 0.578125 0.396875 0.578125 0.39375 0.5546875 0.39375
0 0.59765625 0.446875 0.59765625 0.45 0.625 0.45 0.625 0.446875 0.59765625 0.446875
0 0.7734375 0.7625 0.7734375 0.765625 0.7890625 0.765625 0.7890625 0.7625 0.7734375 0.7625
0 0.859375 0.434375 0.859375 0.4375 0.87109375 0.4375 0.87109375 0.434375 0.859375 0.434375
0 0.171875 0.728125 0.171875 0.73125 0.203125 0.73125 0.203125 0.728125 0.171875 0.728125
0 0.63671875 0.3625 0.63671875 0.365625 0.6640625 0.365625 0.6640625 0.3625 0.63671875 0.3625
0 0.578125 0.6125 0.578125 0.615625 0.59375 0.615625 0.59375 0.6125 0.578125 0.6125
0 1.1328125 0.53125 1.1328125 0.534375 1.140625 0.534375 1.140625 0.53125 1.1328125 0.53125
0 0.75390625 0.340625 0.75390625 0.34375 0.765625 0.34375 0.765625 0.340625 0.75390625 0.340625
0 0.8828125 0.0 0.8828125 0.003125 1.0 0.003125 1.0 0.0 0.8828125 0.0
0 0.88671875 0.065625 0.88671875 0.06875 0.8984375 0.06875 0.8984375 0.065625 0.88671875 0.065625
0 0.49609375 0.54375 0.49609375 0.546875 0.5 0.546875 0.5 0.54375 0.49609375 0.54375
0 1.05078125 0.275 1.05078125 0.278125 1.078125 0.278125 1.078125 0.275 1.05078125 0.275
0 0.53515625 0.509375 0.53515625 0.5125 0.5546875 0.5125 0.5546875 0.509375 0.53515625 0.509375
0 0.8671875 0.321875 0.8671875 0.325 0.90234375 0.325 0.90234375 0.321875 0.8671875 0.321875
0 1.203125 0.671875 1.203125 0.675 1.22265625 0.675 1.22265625 0.671875 1.203125 0.671875