0 0.8203125 0.634375 0.8203125 0.6375 0.84375 0.6375 0.84375 0.634375 0.8203125 0.634375
0 0.76171875 0.659375 0.76171875 0.6625 0.7890625 0.6625 0.7890625 0.659375 0.76171875 0.659375
0 0.83984375 0.64375 0.83984375 0.646875 0.859375 0.646875 0.859375 0.64375 0.83984375 0.64375
0 0.328125 0.08125 0.328125 0.084375 0.35546875 0.084375 0.35546875 0.08125 0.328125 0.08125
0 1.12109375 0.70625 1.12109375 0.709375 1.15234375 0.709375 1.15234375 0.70625 1.12109375 0.70625
0 0.87890625 0.284375 0.87890625 0.2875 0.8984375 0.2875 0.8984375 0.284375 0.87890625 0.284375
0 1.0390625 0.0375 1.0390625 0.040625 1.0703125 0.040625 1.0703125 0.0375 1.0390625 0.0375
0 1.21484375 0.01875 1.21484375 0.021875 1.21875 0.021875 1.21875 0.01875 1.21484375 0.01875
0 0.95703125 0.025 0.95703125 0.028125 0.984375 0.028125 0.984375 0.025 0.95703125 0.025
0 0.76953125 0.559375 0.76953125 0.5625 0.7890625 0.5625 0.7890625 0.559375 0.76953125 0.559375
0 0.69921875 0.225 0.69921875 0.228125 0.7265625 0.228125 0.7265625 0.225 0.69921875 0.225
0 0.00390625 0.003125 0.00390625 0.00625 0.03515625 0.00625 0.03515625 0.003125 0.00390625 0.003125
0 0.45703125 0.0 0.45703125 0.003125 0.56640625 0.003125 0.56640625 0.0 0.45703125 0.0
0 1.11328125 0.50625 1.11328125 0.509375 1.12890625 0.509375 1.12890625 0.50625 1.11328125 0.50625
0 1.0546875 0.309375 1.0546875 0.3125 1.06640625 0.3125 1.06640625 0.309375 1.0546875 0.309375
0 0.4375 0.609375 0.4375 0.6125 0.4609375 0.6125 0.4609375 0.609375 0.4375 0.609375
0 0.26171875 0.05625 0.26171875 0.059375 0.26953125 0.059375 0.26953125 0.05625 0.26171875 0.05625
0 0.390625 0.75 0.390625 0.753125 0.4296875 0.753125 0.4296875 0.75 0.390625 0.75
0 0.76953125 0.4875 0.76953125 0.490625 0.79296875 0.490625 0.79296875 0.4875 0.76953125 0.4875
0 1.0859375 0.396875 1.0859375 0.4 1.109375 0.4 1.109375 0.396875 1.0859375 0.396875
0 0.3828125 0.6 0.3828125 0.603125 0.4453125 0.603125 0.4453125 0.6 0.3828125 0.6
0 1.0703125 0.11875 1.0703125 0.121875 1.0859375 0.121875 1.0859375 0.11875 1.0703125 0.11875
0 0.8359375 0.365625 0.8359375 0.36875 0.83984375 0.36875 0.83984375 0.365625 0.8359375 0.365625
0 0.49609375 0.41875 0.49609375 0.421875 0.5 0.421875 0.5 0.41875 0.49609375 0.41875
0 0.0 0.1375 0.0 0.140625 0.00390625 0.140625 0.00390625 0.1375 0.0 0.1375
0 0.24609375 0.546875 0.24609375 0.55 0.25 0.55 0.25 0.546875 0.24609375 0.546875
0 0.703125 0.690625 0.703125 0.69375 0.734375 0.69375 0.734375 0.690625 0.703125 0.690625
0 0.27734375 0.440625 0.27734375 0.44375 0.2890625 0.44375 0.2890625 0.440625 0.27734375 0.440625
0 0.41015625 0.421875 0.41015625 0.425 0.4375 0.425 0.4375 0.421875 0.41015625 0.421875
0 0.25 0.471875 0.25 0.475 0.2578125 0.475 0.2578125 0.471875 0.25 0.471875
0 0.15234375 0.2375 0.15234375 0.240625 0.18359375 0.240625 0.18359375 0.2375 0.15234375 0.2375
0 0.69140625 0.03125 0.69140625 0.034375 0.69921875 0.034375 0.69921875 0.03125 0.69140625 0.03125
0 0.87109375 0.0 0.87109375 0.003125 0.953125 0.003125 0.953125 0.0 0.87109375 0.0
0 0.140625 0.421875 0.140625 0.425 0.16015625 0.425 0.16015625 0.421875 0.140625 0.421875
0 0.171875 0.5375 0.171875 0.540625 0.2109375 0.540625 0.2109375 0.5375 0.171875 0.5375
0 0.06640625 0.16875 0.06640625 0.171875 0.10546875 0.171875 0.10546875 0.16875 0.06640625 0.16875
0 1.03125 0.659375 1.03125 0.6625 1.05859375 0.6625 1.05859375 0.659375 1.03125 0.659375
0 0.23828125 0.084375 0.23828125 0.0875 0.25 0.0875 0.25 0.084375 0.23828125 0.084375
0 0.02734375 0.0 0.02734375 0.003125 0.13671875 0.003125 0.13671875 0.0 0.02734375 0.0
0 0.9765625 0.75625 0.9765625 0.759375 1.00390625 0.759375 1.00390625 0.75625 0.9765625 0.75625
0 0.171875 0.584375 0.171875 0.5875 0.18359375 0.5875 0.18359375 0.584375 0.171875 0.584375
0 1.0 0.6 1.0 0.603125 1.0078125 0.603125 1.0078125 0.6 1.0 0.6
0 0.453125 0.628125 0.453125 0.63125 0.4609375 0.63125 0.4609375 0.628125 0.453125 0.628125
0 0.78125 0.49375 0.78125 0.496875 0.796875 0.496875 0.796875 0.49375 0.78125 0.49375
0 0.07421875 0.259375 0.07421875 0.2625 0.1015625 0.2625 0.1015625 0.259375 0.07421875 0.259375
0 0.0625 0.575 0.0625 0.578125 0.109375 0.578125 0.109375 0.575 0.0625 0.575
0 0.91796875 0.521875 0.91796875 0.525 0.93359375 0.525 0.93359375 0.521875 0.91796875 0.521875
0 1.23828125 0.478125 1.23828125 0.48125 1.25 0.48125 1.25 0.478125 1.23828125 0.478125
0 0.9296875 0.446875 0.9296875 0.45 0.96875 0.45 0.96875 0.446875 0.9296875 0.446875
0 0.8515625 0.640625 0.8515625 0.64375 0.88671875 0.64375 0.88671875 0.640625 0.8515625 0.640625
0 1.11328125 0.121875 1.11328125 0.125 1.13671875 0.125 1.13671875 0.121875 1.11328125 0.121875
0 0.29296875 0.7375 0.29296875 0.740625 0.3125 0.740625 0.3125 0.7375 0.29296875 0.7375
0 1.24609375 0.646875 1.24609375 0.65 1.25 0.65 1.25 0.646875 1.24609375 0.646875
0 0.72265625 0.0 0.72265625 0.003125 0.77734375 0.003125 0.77734375 0.0 0.72265625 0.0
0 0.66796875 0.265625 0.66796875 0.26875 0.67578125 0.26875 0.67578125 0.265625 0.66796875 0.265625
0 0.99609375 0.384375 0.99609375 0.3875 1.0234375 0.3875 1.0234375 0.384375 0.99609375 0.384375
0 0.5390625 0.7375 0.5390625 0.740625 0.56640625 0.740625 0.56640625 0.7375 0.5390625 0.7375
0 0.4609375 0.15 0.4609375 0.153125 0.46484375 0.153125 0.46484375 0.15 0.4609375 0.15
0 0.3125 0.0 0.3125 0.003125 0.40234375 0.003125 0.40234375 0.0 0.3125 0.0
0 0.65234375 0.359375 0.65234375 0.3625 0.65625 0.3625 0.65625 0.359375 0.65234375 0.359375
0 0.78515625 0.253125 0.78515625 0.25625 0.80078125 0.25625 0.80078125 0.253125 0.78515625 0.253125
0 0.453125 0.784375 0.453125 0.7875 0.48046875 0.7875 0.48046875 0.784375 0.453125 0.784375
0 0.171875 0.315625 0.171875 0.31875 0.19140625 0.31875 0.19140625 0.315625 0.171875 0.315625
0 0.5546875 0.3625 0.5546875 0.365625 0.57421875 0.365625 0.57421875 0.3625 0.5546875 0.3625
0 0.40234375 0.19375 0.40234375 0.196875 0.42578125 0.196875 0.42578125 0.19375 0.40234375 0.19375
0 0.40625 0.65 0.40625 0.653125 0.41015625 0.653125 0.41015625 0.65 0.40625 0.65
0 0.546875 0.753125 0.546875 0.75625 0.55859375 0.75625 0.55859375 0.753125 0.546875 0.753125
0 0.99609375 0.23125 0.99609375 0.234375 1.00390625 0.234375 1.00390625 0.23125 0.99609375 0.23125
0 0.44921875 0.46875 0.44921875 0.471875 0.46875 0.471875 0.46875 0.46875 0.44921875 0.46875
0 0.7734375 0.709375 0.7734375 0.7125 0.828125 0.7125 0.828125 0.709375 0.7734375 0.709375
0 0.984375 0.325 0.984375 0.328125 1.0 0.328125 1.0 0.325 0.984375 0.325
0 0.328125 0.63125 0.328125 0.634375 0.3515625 0.634375 0.3515625 0.63125 0.328125 0.63125
0 0.2890625 0.40625 0.2890625 0.409375 0.30859375 0.409375 0.30859375 0.40625 0.2890625 0.40625
0 0.02734375 0.215625 0.02734375 0.21875 0.06640625 0.21875 0.06640625 0.215625 0.02734375 0.215625
0 0.23046875 0.14375 0.23046875 0.146875 0.25 0.146875 0.25 0.14375 0.23046875 0.14375