0 0.8653846153846154 0.7126436781609196 0.8653846153846154 0.7140804597701149 0.8884615384615384 0.7140804597701149 0.8884615384615384 0.7126436781609196 0.8653846153846154 0.7126436781609196
0 1.2403846153846154 0.46695402298850575 1.2403846153846154 0.46839080459770116 1.273076923076923 0.46839080459770116 1.273076923076923 0.46695402298850575 1.2403846153846154 0.46695402298850575
0 0.6711538461538461 0.7270114942528736 0.6711538461538461 0.728448275862069 0.6846153846153846 0.728448275862069 0.6846153846153846 0.7270114942528736 0.6711538461538461 0.7270114942528736
0 0.9019230769230769 0.1278735632183908 0.9019230769230769 0.12931034482758622 0.9153846153846154 0.12931034482758622 0.9153846153846154 0.1278735632183908 0.9019230769230769 0.1278735632183908
0 1.0923076923076922 0.20833333333333334 1.0923076923076922 0.20977011494252873 1.1096153846153847 0.20977011494252873 1.1096153846153847 0.20833333333333334 1.0923076923076922 0.20833333333333334
0 0.7096153846153846 0.5201149425287356 0.7096153846153846 0.521551724137931 0.7461538461538462 0.521551724137931 0.7461538461538462 0.5201149425287356 0.7096153846153846 0.5201149425287356
0 0.7230769230769231 0.29454022988505746 0.7230769230769231 0.2959770114942529 0.7326923076923076 0.2959770114942529 0.7326923076923076 0.29454022988505746 0.7230769230769231 0.29454022988505746
0 0.41346153846153844 0.07040229885057471 0.41346153846153844 0.07183908045977011 0.4153846153846154 0.07183908045977011 0.4153846153846154 0.07040229885057471 0.41346153846153844 0.07040229885057471
0 1.0980769230769232 0.2744252873563218 1.0980769230769232 0.27586206896551724 1.123076923076923 0.27586206896551724 1.123076923076923 0.2744252873563218 1.0980769230769232 0.2744252873563218
0 0.2865384615384615 0.2557471264367816 0.2865384615384615 0.257183908045977 0.28846153846153844 0.257183908045977 0.28846153846153844 0.2557471264367816 0.2865384615384615 0.2557471264367816
0 1.3326923076923076 0.44396551724137934 1.3326923076923076 0.4454022988505747 1.3384615384615384 0.4454022988505747 1.3384615384615384 0.44396551724137934 1.3326923076923076 0.44396551724137934
0 0.6211538461538462 0.5804597701149425 0.6211538461538462 0.5818965517241379 0.6307692307692307 0.5818965517241379 0.6307692307692307 0.5804597701149425 0.6211538461538462 0.5804597701149425
0 0.6865384615384615 0.5747126436781609 0.6865384615384615 0.5761494252873564 0.6903846153846154 0.5761494252873564 0.6903846153846154 0.5747126436781609 0.6865384615384615 0.5747126436781609
0 0.7519230769230769 0.5431034482758621 0.7519230769230769 0.5445402298850575 0.7615384615384615 0.5445402298850575 0.7615384615384615 0.5431034482758621 0.7519230769230769 0.5431034482758621
0 1.2576923076923077 0.17672413793103448 1.2576923076923077 0.1781609195402299 1.2653846153846153 0.1781609195402299 1.2653846153846153 0.17672413793103448 1.2576923076923077 0.17672413793103448
0 0.0 0.0 0.0 0.0014367816091954023 0.057692307692307696 0.0014367816091954023 0.057692307692307696 0.0 0.0 0.0
0 1.2230769230769232 0.3218390804597701 1.2230769230769232 0.3232758620689655 1.228846153846154 0.3232758620689655 1.228846153846154 0.3218390804597701 1.2230769230769232 0.3218390804597701
0 0.5192307692307693 0.6364942528735632 0.5192307692307693 0.6379310344827587 0.5596153846153846 0.6379310344827587 0.5596153846153846 0.6364942528735632 0.5192307692307693 0.6364942528735632
0 0.7269230769230769 0.5804597701149425 0.7269230769230769 0.5818965517241379 0.75 0.5818965517241379 0.75 0.5804597701149425 0.7269230769230769 0.5804597701149425
0 0.5538461538461539 0.0 0.5538461538461539 0.0014367816091954023 0.6076923076923076 0.0014367816091954023 0.6076923076923076 0.0 0.5538461538461539 0.0
0 0.6576923076923077 0.382183908045977 0.6576923076923077 0.38362068965517243 0.675 0.38362068965517243 0.675 0.382183908045977 0.6576923076923077 0.382183908045977
0 0.7596153846153846 0.7112068965517241 0.7596153846153846 0.7126436781609196 0.7711538461538462 0.7126436781609196 0.7711538461538462 0.7112068965517241 0.7596153846153846 0.7112068965517241
0 1.2634615384615384 0.2974137931034483 1.2634615384615384 0.2988505747126437 1.275 0.2988505747126437 1.275 0.2974137931034483 1.2634615384615384 0.2974137931034483
0 0.48653846153846153 0.028735632183908046 0.48653846153846153 0.03017241379310345 0.5076923076923077 0.03017241379310345 0.5076923076923077 0.028735632183908046 0.48653846153846153 0.028735632183908046
0 1.0326923076923078 0.13505747126436782 1.0326923076923078 0.13649425287356323 1.0461538461538462 0.13649425287356323 1.0461538461538462 0.13505747126436782 1.0326923076923078 0.13505747126436782
0 0.1 0.09913793103448276 0.1 0.10057471264367816 0.10961538461538461 0.10057471264367816 0.10961538461538461 0.09913793103448276 0.1 0.09913793103448276
0 0.7653846153846153 0.3275862068965517 0.7653846153846153 0.3290229885057471 0.7730769230769231 0.3290229885057471 0.7730769230769231 0.3275862068965517 0.7653846153846153 0.3275862068965517
0 1.146153846153846 0.11063218390804598 1.146153846153846 0.11206896551724138 1.15 0.11206896551724138 1.15 0.11063218390804598 1.146153846153846 0.11063218390804598