0 1.9469320066334992 0.2248427672955975 1.9469320066334992 0.22562893081761007 1.9651741293532339 0.22562893081761007 1.9651741293532339 0.2248427672955975 1.9469320066334992 0.2248427672955975
0 1.935323383084577 0.08569182389937106 1.935323383084577 0.08647798742138364 1.9419568822553896 0.08647798742138364 1.9419568822553896 0.08569182389937106 1.935323383084577 0.08569182389937106
0 0.7927031509121062 0.11556603773584906 0.7927031509121062 0.11635220125786164 0.8076285240464345 0.11635220125786164 0.8076285240464345 0.11556603773584906 0.7927031509121062 0.11556603773584906
0 0.4311774461028192 0.19968553459119498 0.4311774461028192 0.20047169811320756 0.4444444444444444 0.20047169811320756 0.4444444444444444 0.19968553459119498 0.4311774461028192 0.19968553459119498
0 1.4262023217247097 0.2429245283018868 1.4262023217247097 0.24371069182389937 1.4361525704809286 0.24371069182389937 1.4361525704809286 0.2429245283018868 1.4262023217247097 0.2429245283018868
0 1.1625207296849087 0.03773584905660377 1.1625207296849087 0.03852201257861635 1.1724709784411278 0.03852201257861635 1.1724709784411278 0.03773584905660377 1.1625207296849087 0.03773584905660377
0 1.3996683250414594 0.09276729559748427 1.3996683250414594 0.09355345911949685 1.4096185737976783 0.09355345911949685 1.4096185737976783 0.09276729559748427 1.3996683250414594 0.09276729559748427
0 1.066334991708126 0.13522012578616352 1.066334991708126 0.1360062893081761 1.076285240464345 0.1360062893081761 1.076285240464345 0.13522012578616352 1.066334991708126 0.13522012578616352
0 0.6053067993366501 0.32940251572327045 0.6053067993366501 0.330188679245283 0.6119402985074627 0.330188679245283 0.6119402985074627 0.32940251572327045 0.6053067993366501 0.32940251572327045
0 1.5107794361525704 0.235062893081761 1.5107794361525704 0.2358490566037736 1.5472636815920398 0.2358490566037736 1.5472636815920398 0.235062893081761 1.5107794361525704 0.235062893081761
0 0.7694859038142621 0.27672955974842767 0.7694859038142621 0.2775157232704403 0.7893864013266998 0.2775157232704403 0.7893864013266998 0.27672955974842767 0.7694859038142621 0.27672955974842767
0 1.0298507462686568 0.25 1.0298507462686568 0.2507861635220126 1.0364842454394694 0.2507861635220126 1.0364842454394694 0.25 1.0298507462686568 0.25
0 1.7611940298507462 0.14465408805031446 1.7611940298507462 0.14544025157232704 1.771144278606965 0.14544025157232704 1.771144278606965 0.14465408805031446 1.7611940298507462 0.14465408805031446
0 0.39800995024875624 0.3238993710691824 0.39800995024875624 0.324685534591195 0.4046434494195688 0.324685534591195 0.4046434494195688 0.3238993710691824 0.39800995024875624 0.3238993710691824
0 1.9635157545605306 0.2429245283018868 1.9635157545605306 0.24371069182389937 1.9701492537313432 0.24371069182389937 1.9701492537313432 0.2429245283018868 1.9635157545605306 0.2429245283018868
0 1.943615257048093 0.3419811320754717 1.943615257048093 0.34276729559748426 1.9485903814262022 0.34276729559748426 1.9485903814262022 0.3419811320754717 1.943615257048093 0.3419811320754717
0 0.6517412935323383 0.0220125786163522 0.6517412935323383 0.02279874213836478 0.6550580431177446 0.02279874213836478 0.6550580431177446 0.0220125786163522 0.6517412935323383 0.0220125786163522
0 1.5257048092868988 0.2641509433962264 1.5257048092868988 0.264937106918239 1.5356550580431176 0.264937106918239 1.5356550580431176 0.2641509433962264 1.5257048092868988 0.2641509433962264
0 1.1393034825870647 0.28852201257861637 1.1393034825870647 0.2893081761006289 1.1492537313432836 0.2893081761006289 1.1492537313432836 0.28852201257861637 1.1393034825870647 0.28852201257861637
0 0.9402985074626866 0.07468553459119497 0.9402985074626866 0.07547169811320754 0.9502487562189055 0.07547169811320754 0.9502487562189055 0.07468553459119497 0.9402985074626866 0.07468553459119497
0 0.6384742951907131 0.32861635220125784 0.6384742951907131 0.32940251572327045 0.6417910447761194 0.32940251572327045 0.6417910447761194 0.32861635220125784 0.6384742951907131 0.32861635220125784
0 1.187396351575456 0.17295597484276728 1.187396351575456 0.17374213836477986 1.197346600331675 0.17374213836477986 1.197346600331675 0.17295597484276728 1.187396351575456 0.17295597484276728
0 0.4262023217247098 0.28223270440251574 0.4262023217247098 0.2830188679245283 0.43781094527363185 0.2830188679245283 0.43781094527363185 0.28223270440251574 0.4262023217247098 0.28223270440251574
0 1.6567164179104477 0.24528301886792453 1.6567164179104477 0.2460691823899371 1.681592039800995 0.2460691823899371 1.681592039800995 0.24528301886792453 1.6567164179104477 0.24528301886792453
0 0.8507462686567164 0.2830188679245283 0.8507462686567164 0.2838050314465409 0.8540630182421227 0.2838050314465409 0.8540630182421227 0.2830188679245283 0.8507462686567164 0.2830188679245283
0 0.29850746268656714 0.23349056603773585 0.29850746268656714 0.23427672955974843 0.3167495854063018 0.23427672955974843 0.3167495854063018 0.23349056603773585 0.29850746268656714 0.23349056603773585
0 0.5124378109452736 0.3223270440251572 0.5124378109452736 0.3231132075471698 0.5257048092868989 0.3231132075471698 0.5257048092868989 0.3223270440251572 0.5124378109452736 0.3223270440251572
0 1.043117744610282 0.2138364779874214 1.043117744610282 0.21462264150943397 1.0497512437810945 0.21462264150943397 1.0497512437810945 0.2138364779874214 1.043117744610282 0.2138364779874214
0 0.8938640132669984 0.23663522012578617 0.8938640132669984 0.23742138364779874 0.8971807628524047 0.23742138364779874 0.8971807628524047 0.23663522012578617 0.8938640132669984 0.23663522012578617
0 0.19071310116086235 0.23034591194968554 0.19071310116086235 0.23113207547169812 0.21393034825870647 0.23113207547169812 0.21393034825870647 0.23034591194968554 0.19071310116086235 0.23034591194968554
0 2.0812603648424544 0.32625786163522014 2.0812603648424544 0.3270440251572327 2.0912106135986734 0.3270440251572327 2.0912106135986734 0.32625786163522014 2.0812603648424544 0.32625786163522014
0 1.628524046434494 0.03459119496855346 1.628524046434494 0.03537735849056604 1.6318407960199004 0.03537735849056604 1.6318407960199004 0.03459119496855346 1.628524046434494 0.03459119496855346
0 1.5986733001658375 0.330188679245283 1.5986733001658375 0.3309748427672956 1.613598673300166 0.3309748427672956 1.613598673300166 0.330188679245283 1.5986733001658375 0.330188679245283
0 0.14759535655058043 0.3191823899371069 0.14759535655058043 0.3199685534591195 0.15257048092868988 0.3199685534591195 0.15257048092868988 0.3191823899371069 0.14759535655058043 0.3191823899371069
0 1.1923714759535655 0.33254716981132076 1.1923714759535655 0.3333333333333333 1.199004975124378 0.3333333333333333 1.199004975124378 0.33254716981132076 1.1923714759535655 0.33254716981132076
0 2.067993366500829 0.018867924528301886 2.067993366500829 0.019654088050314465 2.0729684908789388 0.019654088050314465 2.0729684908789388 0.018867924528301886 2.067993366500829 0.018867924528301886
0 1.0912106135986732 0.3474842767295597 1.0912106135986732 0.34827044025157233 1.1061359867330016 0.34827044025157233 1.1061359867330016 0.3474842767295597 1.0912106135986732 0.3474842767295597
0 0.4228855721393035 0.26808176100628933 0.4228855721393035 0.2688679245283019 0.439469320066335 0.2688679245283019 0.439469320066335 0.26808176100628933 0.4228855721393035 0.26808176100628933
0 1.1243781094527363 0.025943396226415096 1.1243781094527363 0.026729559748427674 1.1359867330016584 0.026729559748427674 1.1359867330016584 0.025943396226415096 1.1243781094527363 0.025943396226415096
0 1.8872305140961858 0.2720125786163522 1.8872305140961858 0.2727987421383648 1.8922056384742951 0.2727987421383648 1.8922056384742951 0.2720125786163522 1.8872305140961858 0.2720125786163522
0 1.285240464344942 0.14072327044025157 1.285240464344942 0.14150943396226415 1.308457711442786 0.14150943396226415 1.308457711442786 0.14072327044025157 1.285240464344942 0.14072327044025157
0 0.5439469320066335 0.3168238993710692 0.5439469320066335 0.31761006289308175 0.5505804311774462 0.31761006289308175 0.5505804311774462 0.3168238993710692 0.5439469320066335 0.3168238993710692
0 1.3797678275290215 0.21462264150943397 1.3797678275290215 0.21540880503144655 1.39469320066335 0.21540880503144655 1.39469320066335 0.21462264150943397 1.3797678275290215 0.21462264150943397
0 0.42454394693200664 0.2751572327044025 0.42454394693200664 0.2759433962264151 0.43449419568822556 0.2759433962264151 0.43449419568822556 0.2751572327044025 0.42454394693200664 0.2751572327044025
0 0.2537313432835821 0.34591194968553457 0.2537313432835821 0.3466981132075472 0.2603648424543947 0.3466981132075472 0.2603648424543947 0.34591194968553457 0.2537313432835821 0.34591194968553457
0 0.7927031509121062 0.3356918238993711 0.7927031509121062 0.33647798742138363 0.8009950248756219 0.33647798742138363 0.8009950248756219 0.3356918238993711 0.7927031509121062 0.3356918238993711
0 1.613598673300166 0.29952830188679247 1.613598673300166 0.300314465408805 1.6169154228855722 0.300314465408805 1.6169154228855722 0.29952830188679247 1.613598673300166 0.29952830188679247
0 1.296849087893864 0.029874213836477988 1.296849087893864 0.030660377358490566 1.3051409618573797 0.030660377358490566 1.3051409618573797 0.029874213836477988 1.296849087893864 0.029874213836477988
0 1.0132669983416251 0.3270440251572327 1.0132669983416251 0.3278301886792453 1.0165837479270314 0.3278301886792453 1.0165837479270314 0.3270440251572327 1.0132669983416251 0.3270440251572327
0 0.8175787728026535 0.3128930817610063 0.8175787728026535 0.3136792452830189 0.824212271973466 0.3136792452830189 0.824212271973466 0.3128930817610063 0.8175787728026535 0.3128930817610063
0 0.28524046434494194 0.3168238993710692 0.28524046434494194 0.31761006289308175 0.29519071310116085 0.31761006289308175 0.29519071310116085 0.3168238993710692 0.28524046434494194 0.3168238993710692
0 0.6666666666666666 0.17374213836477986 0.6666666666666666 0.17452830188679244 0.6799336650082919 0.17452830188679244 0.6799336650082919 0.17374213836477986 0.6666666666666666 0.17374213836477986
0 1.7611940298507462 0.3011006289308176 1.7611940298507462 0.3018867924528302 1.7728026533996684 0.3018867924528302 1.7728026533996684 0.3011006289308176 1.7611940298507462 0.3011006289308176
0 0.4079601990049751 0.17845911949685533 0.4079601990049751 0.1792452830188679 0.41956882255389716 0.1792452830188679 0.41956882255389716 0.17845911949685533 0.4079601990049751 0.17845911949685533
0 0.14096185737976782 0.33962264150943394 0.14096185737976782 0.34040880503144655 0.14262023217247097 0.34040880503144655 0.14262023217247097 0.33962264150943394 0.14096185737976782 0.33962264150943394
0 1.7529021558872304 0.1831761006289308 1.7529021558872304 0.18396226415094338 1.7645107794361525 0.18396226415094338 1.7645107794361525 0.1831761006289308 1.7529021558872304 0.1831761006289308
0 2.0713101160862353 0.10927672955974843 2.0713101160862353 0.11006289308176101 2.084577114427861 0.11006289308176101 2.084577114427861 0.10927672955974843 2.0713101160862353 0.10927672955974843
0 0.1625207296849088 0.22720125786163523 0.1625207296849088 0.2279874213836478 0.1724709784411277 0.2279874213836478 0.1724709784411277 0.22720125786163523 0.1625207296849088 0.22720125786163523
0 0.572139303482587 0.30738993710691825 0.572139303482587 0.3081761006289308 0.582089552238806 0.3081761006289308 0.582089552238806 0.30738993710691825 0.572139303482587 0.30738993710691825
0 0.5124378109452736 0.09905660377358491 0.5124378109452736 0.09984276729559749 0.5240464344941956 0.09984276729559749 0.5240464344941956 0.09905660377358491 0.5124378109452736 0.09905660377358491
0 1.2935323383084578 0.33962264150943394 1.2935323383084578 0.34040880503144655 1.3001658374792704 0.34040880503144655 1.3001658374792704 0.33962264150943394 1.2935323383084578 0.33962264150943394
0 0.4709784411276949 0.31053459119496857 0.4709784411276949 0.3113207547169811 0.47761194029850745 0.3113207547169811 0.47761194029850745 0.31053459119496857 0.4709784411276949 0.31053459119496857
0 0.7164179104477612 0.055031446540880505 0.7164179104477612 0.05581761006289308 0.7213930348258707 0.05581761006289308 0.7213930348258707 0.055031446540880505 0.7164179104477612 0.055031446540880505
0 0.5157545605306799 0.1029874213836478 0.5157545605306799 0.10377358490566038 0.5207296849087893 0.10377358490566038 0.5207296849087893 0.1029874213836478 0.5157545605306799 0.1029874213836478
0 1.703150912106136 0.02908805031446541 1.703150912106136 0.029874213836477988 1.714759535655058 0.029874213836477988 1.714759535655058 0.02908805031446541 1.703150912106136 0.02908805031446541
0 0.6650082918739635 0.32940251572327045 0.6650082918739635 0.330188679245283 0.6683250414593698 0.330188679245283 0.6683250414593698 0.32940251572327045 0.6650082918739635 0.32940251572327045
0 0.4079601990049751 0.2940251572327044 0.4079601990049751 0.294811320754717 0.4295190713101161 0.294811320754717 0.4295190713101161 0.2940251572327044 0.4079601990049751 0.2940251572327044
0 0.01990049751243781 0.32625786163522014 0.01990049751243781 0.3270440251572327 0.029850746268656716 0.3270440251572327 0.029850746268656716 0.32625786163522014 0.01990049751243781 0.32625786163522014
0 0.8888888888888888 0.27908805031446543 0.8888888888888888 0.279874213836478 0.8955223880597015 0.279874213836478 0.8955223880597015 0.27908805031446543 0.8888888888888888 0.27908805031446543
0 1.033167495854063 0.018867924528301886 1.033167495854063 0.019654088050314465 1.0414593698175787 0.019654088050314465 1.0414593698175787 0.018867924528301886 1.033167495854063 0.018867924528301886
0 1.3781094527363185 0.3238993710691824 1.3781094527363185 0.324685534591195 1.3814262023217247 0.324685534591195 1.3814262023217247 0.3238993710691824 1.3781094527363185 0.3238993710691824
0 0.8557213930348259 0.1580188679245283 0.8557213930348259 0.15880503144654087 0.8590381426202321 0.15880503144654087 0.8590381426202321 0.1580188679245283 0.8557213930348259 0.1580188679245283
0 0.9270315091210614 0.17452830188679244 0.9270315091210614 0.17531446540880502 0.9336650082918739 0.17531446540880502 0.9336650082918739 0.17452830188679244 0.9270315091210614 0.17452830188679244
0 1.056384742951907 0.0809748427672956 1.056384742951907 0.08176100628930817 1.0597014925373134 0.08176100628930817 1.0597014925373134 0.0809748427672956 1.056384742951907 0.0809748427672956
0 1.5223880597014925 0.2531446540880503 1.5223880597014925 0.2539308176100629 1.527363184079602 0.2539308176100629 1.527363184079602 0.2531446540880503 1.5223880597014925 0.2531446540880503
0 0.21724709784411278 0.06918238993710692 0.21724709784411278 0.0699685534591195 0.23217247097844113 0.0699685534591195 0.23217247097844113 0.06918238993710692 0.21724709784411278 0.06918238993710692
0 0.9270315091210614 0.33490566037735847 0.9270315091210614 0.3356918238993711 0.9320066334991708 0.3356918238993711 0.9320066334991708 0.33490566037735847 0.9270315091210614 0.33490566037735847
0 0.724709784411277 0.09433962264150944 0.724709784411277 0.09512578616352202 0.7296849087893864 0.09512578616352202 0.7296849087893864 0.09433962264150944 0.724709784411277 0.09433962264150944
0 0.6301824212271974 0.27044025157232704 0.6301824212271974 0.27122641509433965 0.6351575456053068 0.27122641509433965 0.6351575456053068 0.27044025157232704 0.6301824212271974 0.27044025157232704
0 0.845771144278607 0.31446540880503143 0.845771144278607 0.31525157232704404 0.8507462686567164 0.31525157232704404 0.8507462686567164 0.31446540880503143 0.845771144278607 0.31446540880503143
0 0.09286898839137644 0.1949685534591195 0.09286898839137644 0.1957547169811321 0.11276948590381426 0.1957547169811321 0.11276948590381426 0.1949685534591195 0.09286898839137644 0.1949685534591195
0 1.208955223880597 0.3026729559748428 1.208955223880597 0.30345911949685533 1.2155887230514095 0.30345911949685533 1.2155887230514095 0.3026729559748428 1.208955223880597 0.3026729559748428
0 1.5671641791044777 0.04481132075471698 1.5671641791044777 0.04559748427672956 1.5737976782752903 0.04559748427672956 1.5737976782752903 0.04481132075471698 1.5671641791044777 0.04481132075471698
0 0.48258706467661694 0.20361635220125787 0.48258706467661694 0.20440251572327045 0.49087893864013266 0.20440251572327045 0.49087893864013266 0.20361635220125787 0.48258706467661694 0.20361635220125787
0 0.6218905472636815 0.2169811320754717 0.6218905472636815 0.21776729559748428 0.6301824212271974 0.21776729559748428 0.6301824212271974 0.2169811320754717 0.6218905472636815 0.2169811320754717
0 1.3150912106135986 0.1619496855345912 1.3150912106135986 0.16273584905660377 1.3316749585406302 0.16273584905660377 1.3316749585406302 0.1619496855345912 1.3150912106135986 0.1619496855345912
0 0.2736318407960199 0.28773584905660377 0.2736318407960199 0.28852201257861637 0.27860696517412936 0.28852201257861637 0.27860696517412936 0.28773584905660377 0.2736318407960199 0.28773584905660377
0 1.0497512437810945 0.018081761006289308 1.0497512437810945 0.018867924528301886 1.054726368159204 0.018867924528301886 1.054726368159204 0.018081761006289308 1.0497512437810945 0.018081761006289308
0 0.47429519071310117 0.1320754716981132 0.47429519071310117 0.13286163522012578 0.5058043117744611 0.13286163522012578 0.5058043117744611 0.1320754716981132 0.47429519071310117 0.1320754716981132
0 0.5107794361525705 0.15330188679245282 0.5107794361525705 0.1540880503144654 0.5257048092868989 0.1540880503144654 0.5257048092868989 0.15330188679245282 0.5107794361525705 0.15330188679245282
0 0.5339966832504146 0.26022012578616355 0.5339966832504146 0.2610062893081761 0.5422885572139303 0.2610062893081761 0.5422885572139303 0.26022012578616355 0.5339966832504146 0.26022012578616355
0 1.252072968490879 0.22248427672955975 1.252072968490879 0.22327044025157233 1.2570480928689884 0.22327044025157233 1.2570480928689884 0.22248427672955975 1.252072968490879 0.22248427672955975
0 0.14759535655058043 0.29874213836477986 0.14759535655058043 0.29952830188679247 0.15091210613598674 0.29952830188679247 0.15091210613598674 0.29874213836477986 0.14759535655058043 0.29874213836477986
0 2.086235489220564 0.06289308176100629 2.086235489220564 0.06367924528301887 2.0945273631840795 0.06367924528301887 2.0945273631840795 0.06289308176100629 2.086235489220564 0.06289308176100629
0 0.2835820895522388 0.08647798742138364 0.2835820895522388 0.08726415094339622 0.29187396351575456 0.08726415094339622 0.29187396351575456 0.08647798742138364 0.2835820895522388 0.08647798742138364
0 1.6633499170812605 0.10927672955974843 1.6633499170812605 0.11006289308176101 1.6733001658374793 0.11006289308176101 1.6733001658374793 0.10927672955974843 1.6633499170812605 0.10927672955974843
0 1.5887230514096187 0.24921383647798742 1.5887230514096187 0.25 1.6036484245439468 0.25 1.6036484245439468 0.24921383647798742 1.5887230514096187 0.24921383647798742
0 1.5737976782752903 0.18160377358490565 1.5737976782752903 0.18238993710691823 1.592039800995025 0.18238993710691823 1.592039800995025 0.18160377358490565 1.5737976782752903 0.18160377358490565
0 1.0398009950248757 0.31839622641509435 1.0398009950248757 0.3191823899371069 1.0464344941956882 0.3191823899371069 1.0464344941956882 0.31839622641509435 1.0398009950248757 0.31839622641509435
0 2.0033167495854065 0.32075471698113206 2.0033167495854065 0.32154088050314467 2.0082918739635156 0.32154088050314467 2.0082918739635156 0.32075471698113206 2.0033167495854065 0.32075471698113206
0 1.8805970149253732 0.32075471698113206 1.8805970149253732 0.32154088050314467 1.8888888888888888 0.32154088050314467 1.8888888888888888 0.32075471698113206 1.8805970149253732 0.32075471698113206
0 2.0514096185737976 0.06682389937106918 2.0514096185737976 0.06761006289308176 2.056384742951907 0.06761006289308176 2.056384742951907 0.06682389937106918 2.0514096185737976 0.06682389937106918
0 0.026533996683250415 0.3333333333333333 0.026533996683250415 0.3341194968553459 0.03316749585406302 0.3341194968553459 0.03316749585406302 0.3333333333333333 0.026533996683250415 0.3333333333333333
0 1.0613598673300166 0.23820754716981132 1.0613598673300166 0.2389937106918239 1.0713101160862355 0.2389937106918239 1.0713101160862355 0.23820754716981132 1.0613598673300166 0.23820754716981132
0 1.1923714759535655 0.3388364779874214 1.1923714759535655 0.33962264150943394 1.2023217247097844 0.33962264150943394 1.2023217247097844 0.3388364779874214 1.1923714759535655 0.3388364779874214
0 0.2470978441127695 0.3050314465408805 0.2470978441127695 0.3058176100628931 0.2570480928689884 0.3058176100628931 0.2570480928689884 0.3050314465408805 0.2470978441127695 0.3050314465408805
0 0.5207296849087893 0.2389937106918239 0.5207296849087893 0.23977987421383648 0.5406301824212272 0.23977987421383648 0.5406301824212272 0.2389937106918239 0.5207296849087893 0.2389937106918239
0 0.16749585406301823 0.29559748427672955 0.16749585406301823 0.29638364779874216 0.1724709784411277 0.29638364779874216 0.1724709784411277 0.29559748427672955 0.16749585406301823 0.29559748427672955
0 1.0812603648424544 0.24921383647798742 1.0812603648424544 0.25 1.087893864013267 0.25 1.087893864013267 0.24921383647798742 1.0812603648424544 0.24921383647798742
0 1.7810945273631842 0.20440251572327045 1.7810945273631842 0.20518867924528303 1.8059701492537314 0.20518867924528303 1.8059701492537314 0.20440251572327045 1.7810945273631842 0.20440251572327045
0 2.054726368159204 0.20676100628930819 2.054726368159204 0.20754716981132076 2.05804311774461 0.20754716981132076 2.05804311774461 0.20676100628930819 2.054726368159204 0.20676100628930819
0 0.8805970149253731 0.30738993710691825 0.8805970149253731 0.3081761006289308 0.8888888888888888 0.3081761006289308 0.8888888888888888 0.30738993710691825 0.8805970149253731 0.30738993710691825
0 0.9054726368159204 0.2861635220125786 0.9054726368159204 0.2869496855345912 0.9237147595356551 0.2869496855345912 0.9237147595356551 0.2861635220125786 0.9054726368159204 0.2861635220125786
0 1.427860696517413 0.324685534591195 1.427860696517413 0.32547169811320753 1.4328358208955223 0.32547169811320753 1.4328358208955223 0.324685534591195 1.427860696517413 0.324685534591195
0 1.8872305140961858 0.3341194968553459 1.8872305140961858 0.33490566037735847 1.8938640132669984 0.33490566037735847 1.8938640132669984 0.3341194968553459 1.8872305140961858 0.3341194968553459
0 1.769485903814262 0.23034591194968554 1.769485903814262 0.23113207547169812 1.779436152570481 0.23113207547169812 1.779436152570481 0.23034591194968554 1.769485903814262 0.23034591194968554
0 1.3930348258706469 0.31053459119496857 1.3930348258706469 0.3113207547169811 1.3980099502487562 0.3113207547169811 1.3980099502487562 0.31053459119496857 1.3930348258706469 0.31053459119496857
0 0.1077943615257048 0.2562893081761006 0.1077943615257048 0.25707547169811323 0.11774461028192372 0.25707547169811323 0.11774461028192372 0.2562893081761006 0.1077943615257048 0.2562893081761006
0 2.0912106135986734 0.2916666666666667 2.0912106135986734 0.29245283018867924 2.101160862354892 0.29245283018867924 2.101160862354892 0.2916666666666667 2.0912106135986734 0.2916666666666667
0 1.4693200663349917 0.3238993710691824 1.4693200663349917 0.324685534591195 1.472636815920398 0.324685534591195 1.472636815920398 0.3238993710691824 1.4693200663349917 0.3238993710691824
0 1.0149253731343284 0.2099056603773585 1.0149253731343284 0.21069182389937108 1.0381426202321724 0.21069182389937108 1.0381426202321724 0.2099056603773585 1.0149253731343284 0.2099056603773585
0 0.06965174129353234 0.03380503144654088 0.06965174129353234 0.03459119496855346 0.07462686567164178 0.03459119496855346 0.07462686567164178 0.03380503144654088 0.06965174129353234 0.03380503144654088
0 0.4311774461028192 0.33176100628930816 0.4311774461028192 0.33254716981132076 0.4361525704809287 0.33254716981132076 0.4361525704809287 0.33176100628930816 0.4311774461028192 0.33176100628930816
0 0.724709784411277 0.34276729559748426 0.724709784411277 0.34355345911949686 0.7330016583747927 0.34355345911949686 0.7330016583747927 0.34276729559748426 0.724709784411277 0.34276729559748426
0 2.0514096185737976 0.32547169811320753 2.0514096185737976 0.32625786163522014 2.0597014925373136 0.32625786163522014 2.0597014925373136 0.32547169811320753 2.0514096185737976 0.32547169811320753
0 1.1525704809286899 0.1988993710691824 1.1525704809286899 0.19968553459119498 1.1674958540630183 0.19968553459119498 1.1674958540630183 0.1988993710691824 1.1525704809286899 0.1988993710691824
0 0.03150912106135987 0.12106918238993711 0.03150912106135987 0.12185534591194969 0.04477611940298507 0.12185534591194969 0.04477611940298507 0.12106918238993711 0.03150912106135987 0.12106918238993711
0 1.8474295190713101 0.10377358490566038 1.8474295190713101 0.10455974842767296 1.8590381426202323 0.10455974842767296 1.8590381426202323 0.10377358490566038 1.8474295190713101 0.10377358490566038
0 1.4792703150912105 0.345125786163522 1.4792703150912105 0.34591194968553457 1.4825870646766168 0.34591194968553457 1.4825870646766168 0.345125786163522 1.4792703150912105 0.345125786163522
0 0.494195688225539 0.049528301886792456 0.494195688225539 0.050314465408805034 0.5008291873963516 0.050314465408805034 0.5008291873963516 0.049528301886792456 0.494195688225539 0.049528301886792456
0 0.4295190713101161 0.13522012578616352 0.4295190713101161 0.1360062893081761 0.43781094527363185 0.1360062893081761 0.43781094527363185 0.13522012578616352 0.4295190713101161 0.13522012578616352
0 1.7661691542288558 0.139937106918239 1.7661691542288558 0.14072327044025157 1.7777777777777777 0.14072327044025157 1.7777777777777777 0.139937106918239 1.7661691542288558 0.139937106918239
0 0.9021558872305141 0.32861635220125784 0.9021558872305141 0.32940251572327045 0.9071310116086235 0.32940251572327045 0.9071310116086235 0.32861635220125784 0.9021558872305141 0.32861635220125784
0 1.0 0.025157232704402517 1.0 0.025943396226415096 1.0049751243781095 0.025943396226415096 1.0049751243781095 0.025157232704402517 1.0 0.025157232704402517
0 0.12769485903814262 0.3474842767295597 0.12769485903814262 0.34827044025157233 0.13266998341625208 0.34827044025157233 0.13266998341625208 0.3474842767295597 0.12769485903814262 0.3474842767295597
0 0.4925373134328358 0.3168238993710692 0.4925373134328358 0.31761006289308175 0.49917081260364843 0.31761006289308175 0.49917081260364843 0.3168238993710692 0.4925373134328358 0.3168238993710692
0 1.9286898839137645 0.060534591194968554 1.9286898839137645 0.06132075471698113 1.9419568822553896 0.06132075471698113 1.9419568822553896 0.060534591194968554 1.9286898839137645 0.060534591194968554
0 1.8076285240464345 0.1871069182389937 1.8076285240464345 0.1878930817610063 1.8208955223880596 0.1878930817610063 1.8208955223880596 0.1871069182389937 1.8076285240464345 0.1871069182389937
0 0.2222222222222222 0.2586477987421384 0.2222222222222222 0.25943396226415094 0.23051409618573798 0.25943396226415094 0.23051409618573798 0.2586477987421384 0.2222222222222222 0.2586477987421384
0 1.2985074626865671 0.2617924528301887 1.2985074626865671 0.26257861635220126 1.3018242122719734 0.26257861635220126 1.3018242122719734 0.2617924528301887 1.2985074626865671 0.2617924528301887
0 0.5339966832504146 0.03773584905660377 0.5339966832504146 0.03852201257861635 0.5406301824212272 0.03852201257861635 0.5406301824212272 0.03773584905660377 0.5339966832504146 0.03773584905660377
0 1.9519071310116087 0.05660377358490566 1.9519071310116087 0.05738993710691824 1.956882255389718 0.05738993710691824 1.956882255389718 0.05660377358490566 1.9519071310116087 0.05660377358490566
0 0.36981757877280264 0.12578616352201258 0.36981757877280264 0.12657232704402516 0.3814262023217247 0.12657232704402516 0.3814262023217247 0.12578616352201258 0.36981757877280264 0.12578616352201258
0 0.988391376451078 0.3136792452830189 0.988391376451078 0.31446540880503143 0.9950248756218906 0.31446540880503143 0.9950248756218906 0.3136792452830189 0.988391376451078 0.3136792452830189
0 0.18407960199004975 0.14858490566037735 0.18407960199004975 0.14937106918238993 0.19402985074626866 0.14937106918238993 0.19402985074626866 0.14858490566037735 0.18407960199004975 0.14858490566037735
0 0.87893864013267 0.3270440251572327 0.87893864013267 0.3278301886792453 0.8872305140961857 0.3278301886792453 0.8872305140961857 0.3270440251572327 0.87893864013267 0.3270440251572327
0 0.4577114427860697 0.31525157232704404 0.4577114427860697 0.3160377358490566 0.4660033167495854 0.3160377358490566 0.4660033167495854 0.31525157232704404 0.4577114427860697 0.31525157232704404
0 1.7645107794361525 0.3199685534591195 1.7645107794361525 0.32075471698113206 1.7744610281923714 0.32075471698113206 1.7744610281923714 0.3199685534591195 1.7645107794361525 0.3199685534591195
0 1.0281923714759535 0.19261006289308177 1.0281923714759535 0.19339622641509435 1.0315091210613598 0.19339622641509435 1.0315091210613598 0.19261006289308177 1.0281923714759535 0.19261006289308177
0 1.8955223880597014 0.32625786163522014 1.8955223880597014 0.3270440251572327 1.900497512437811 0.3270440251572327 1.900497512437811 0.32625786163522014 1.8955223880597014 0.32625786163522014
0 1.3781094527363185 0.22877358490566038 1.3781094527363185 0.22955974842767296 1.3830845771144278 0.22955974842767296 1.3830845771144278 0.22877358490566038 1.3781094527363185 0.22877358490566038
0 1.1558872305140961 0.33176100628930816 1.1558872305140961 0.33254716981132076 1.1592039800995024 0.33254716981132076 1.1592039800995024 0.33176100628930816 1.1558872305140961 0.33176100628930816
0 0.945273631840796 0.22169811320754718 0.945273631840796 0.22248427672955975 0.9552238805970149 0.22248427672955975 0.9552238805970149 0.22169811320754718 0.945273631840796 0.22169811320754718
0 0.22553897180762852 0.1509433962264151 0.22553897180762852 0.15172955974842767 0.23217247097844113 0.15172955974842767 0.23217247097844113 0.1509433962264151 0.22553897180762852 0.1509433962264151
0 0.8126036484245439 0.20833333333333334 0.8126036484245439 0.20911949685534592 0.824212271973466 0.20911949685534592 0.824212271973466 0.20833333333333334 0.8126036484245439 0.20833333333333334
0 0.7313432835820896 0.21933962264150944 0.7313432835820896 0.22012578616352202 0.7379767827529021 0.22012578616352202 0.7379767827529021 0.21933962264150944 0.7313432835820896 0.21933962264150944
0 0.3449419568822554 0.1690251572327044 0.3449419568822554 0.16981132075471697 0.3681592039800995 0.16981132075471697 0.3681592039800995 0.1690251572327044 0.3449419568822554 0.1690251572327044
0 0.11608623548922056 0.018081761006289308 0.11608623548922056 0.018867924528301886 0.12271973466003316 0.018867924528301886 0.12271973466003316 0.018081761006289308 0.11608623548922056 0.018081761006289308
0 1.8922056384742951 0.3411949685534591 1.8922056384742951 0.3419811320754717 1.8988391376451077 0.3419811320754717 1.8988391376451077 0.3411949685534591 1.8922056384742951 0.3411949685534591
0 1.0912106135986732 0.34040880503144655 1.0912106135986732 0.3411949685534591 1.099502487562189 0.3411949685534591 1.099502487562189 0.34040880503144655 1.0912106135986732 0.34040880503144655
0 1.2819237147595357 0.2586477987421384 1.2819237147595357 0.25943396226415094 1.2918739635157546 0.25943396226415094 1.2918739635157546 0.2586477987421384 1.2819237147595357 0.2586477987421384
0 0.23714759535655058 0.2696540880503145 0.23714759535655058 0.27044025157232704 0.24212271973466004 0.27044025157232704 0.24212271973466004 0.2696540880503145 0.23714759535655058 0.2696540880503145
0 0.3333333333333333 0.3089622641509434 0.3333333333333333 0.30974842767295596 0.3383084577114428 0.30974842767295596 0.3383084577114428 0.3089622641509434 0.3333333333333333 0.3089622641509434
0 0.9917081260364843 0.18867924528301888 0.9917081260364843 0.18946540880503146 1.0132669983416251 0.18946540880503146 1.0132669983416251 0.18867924528301888 0.9917081260364843 0.18867924528301888
0 1.9684908789386402 0.2971698113207547 1.9684908789386402 0.2979559748427673 1.9834162520729686 0.2979559748427673 1.9834162520729686 0.2971698113207547 1.9684908789386402 0.2971698113207547
0 1.3996683250414594 0.3081761006289308 1.3996683250414594 0.3089622641509434 1.4046434494195688 0.3089622641509434 1.4046434494195688 0.3081761006289308 1.3996683250414594 0.3081761006289308
0 1.9701492537313432 0.12421383647798742 1.9701492537313432 0.125 1.9817578772802653 0.125 1.9817578772802653 0.12421383647798742 1.9701492537313432 0.12421383647798742
0 0.3598673300165838 0.02279874213836478 0.3598673300165838 0.02358490566037736 0.3714759535655058 0.02358490566037736 0.3714759535655058 0.02279874213836478 0.3598673300165838 0.02279874213836478
0 0.7976782752902156 0.1611635220125786 0.7976782752902156 0.1619496855345912 0.8043117744610282 0.1619496855345912 0.8043117744610282 0.1611635220125786 0.7976782752902156 0.1611635220125786
0 0.9651741293532339 0.30660377358490565 0.9651741293532339 0.30738993710691825 0.9734660033167496 0.30738993710691825 0.9734660033167496 0.30660377358490565 0.9651741293532339 0.30660377358490565
0 0.001658374792703151 0.14544025157232704 0.001658374792703151 0.14622641509433962 0.006633499170812604 0.14622641509433962 0.006633499170812604 0.14544025157232704 0.001658374792703151 0.14544025157232704
0 1.3167495854063018 0.1289308176100629 1.3167495854063018 0.12971698113207547 1.3217247097844114 0.12971698113207547 1.3217247097844114 0.1289308176100629 1.3167495854063018 0.1289308176100629
0 1.4461028192371477 0.3380503144654088 1.4461028192371477 0.3388364779874214 1.4527363184079602 0.3388364779874214 1.4527363184079602 0.3380503144654088 1.4461028192371477 0.3380503144654088
0 1.955223880597015 0.18632075471698112 1.955223880597015 0.1871069182389937 1.9601990049751243 0.1871069182389937 1.9601990049751243 0.18632075471698112 1.955223880597015 0.18632075471698112
0 1.648424543946932 0.16666666666666666 1.648424543946932 0.16745283018867924 1.6666666666666667 0.16745283018867924 1.6666666666666667 0.16666666666666666 1.648424543946932 0.16666666666666666
0 0.5472636815920398 0.3223270440251572 0.5472636815920398 0.3231132075471698 0.5538971807628524 0.3231132075471698 0.5538971807628524 0.3223270440251572 0.5472636815920398 0.3223270440251572
0 1.349917081260365 0.07547169811320754 1.349917081260365 0.07625786163522012 1.3598673300165838 0.07625786163522012 1.3598673300165838 0.07547169811320754 1.349917081260365 0.07547169811320754
0 1.8640132669983416 0.025943396226415096 1.8640132669983416 0.026729559748427674 1.8756218905472637 0.026729559748427674 1.8756218905472637 0.025943396226415096 1.8640132669983416 0.025943396226415096
0 0.8159203980099502 0.050314465408805034 0.8159203980099502 0.05110062893081761 0.8291873963515755 0.05110062893081761 0.8291873963515755 0.050314465408805034 0.8159203980099502 0.050314465408805034
0 0.1857379767827529 0.11556603773584906 0.1857379767827529 0.11635220125786164 0.19402985074626866 0.11635220125786164 0.19402985074626866 0.11556603773584906 0.1857379767827529 0.11556603773584906
0 2.087893864013267 0.3341194968553459 2.087893864013267 0.33490566037735847 2.0912106135986734 0.33490566037735847 2.0912106135986734 0.3341194968553459 2.087893864013267 0.3341194968553459
0 2.011608623548922 0.28223270440251574 2.011608623548922 0.2830188679245283 2.0199004975124377 0.2830188679245283 2.0199004975124377 0.28223270440251574 2.011608623548922 0.28223270440251574
0 0.6318407960199005 0.11949685534591195 0.6318407960199005 0.12028301886792453 0.6368159203980099 0.12028301886792453 0.6368159203980099 0.11949685534591195 0.6318407960199005 0.11949685534591195
0 1.9718076285240465 0.018867924528301886 1.9718076285240465 0.019654088050314465 1.9817578772802653 0.019654088050314465 1.9817578772802653 0.018867924528301886 1.9718076285240465 0.018867924528301886
0 1.4610281923714759 0.15644654088050314 1.4610281923714759 0.15723270440251572 1.4643449419568824 0.15723270440251572 1.4643449419568824 0.15644654088050314 1.4610281923714759 0.15644654088050314
0 2.0796019900497513 0.28852201257861637 2.0796019900497513 0.2893081761006289 2.087893864013267 0.2893081761006289 2.087893864013267 0.28852201257861637 2.0796019900497513 0.28852201257861637
0 1.2769485903814262 0.0440251572327044 1.2769485903814262 0.04481132075471698 1.2802653399668324 0.04481132075471698 1.2802653399668324 0.0440251572327044 1.2769485903814262 0.0440251572327044
0 1.3980099502487562 0.324685534591195 1.3980099502487562 0.32547169811320753 1.406301824212272 0.32547169811320753 1.406301824212272 0.324685534591195 1.3980099502487562 0.324685534591195
0 1.9104477611940298 0.2539308176100629 1.9104477611940298 0.25471698113207547 1.9170812603648424 0.25471698113207547 1.9170812603648424 0.2539308176100629 1.9104477611940298 0.2539308176100629
0 0.5787728026533997 0.3168238993710692 0.5787728026533997 0.31761006289308175 0.5887230514096186 0.31761006289308175 0.5887230514096186 0.3168238993710692 0.5787728026533997 0.3168238993710692
0 1.7462686567164178 0.3498427672955975 1.7462686567164178 0.35062893081761004 1.7529021558872304 0.35062893081761004 1.7529021558872304 0.3498427672955975 1.7462686567164178 0.3498427672955975
0 0.6550580431177446 0.28773584905660377 0.6550580431177446 0.28852201257861637 0.6699834162520729 0.28852201257861637 0.6699834162520729 0.28773584905660377 0.6550580431177446 0.28773584905660377
0 0.27860696517412936 0.21226415094339623 0.27860696517412936 0.2130503144654088 0.29519071310116085 0.2130503144654088 0.29519071310116085 0.21226415094339623 0.27860696517412936 0.21226415094339623
0 0.7330016583747927 0.3356918238993711 0.7330016583747927 0.33647798742138363 0.736318407960199 0.33647798742138363 0.736318407960199 0.3356918238993711 0.7330016583747927 0.3356918238993711
0 1.8275290215588722 0.16823899371069181 1.8275290215588722 0.1690251572327044 1.8540630182421227 0.1690251572327044 1.8540630182421227 0.16823899371069181 1.8275290215588722 0.16823899371069181
0 0.6368159203980099 0.2240566037735849 0.6368159203980099 0.2248427672955975 0.6451077943615257 0.2248427672955975 0.6451077943615257 0.2240566037735849 0.6368159203980099 0.2240566037735849
0 1.8109452736318408 0.279874213836478 1.8109452736318408 0.2806603773584906 1.8175787728026533 0.2806603773584906 1.8175787728026533 0.279874213836478 1.8109452736318408 0.279874213836478
0 1.4096185737976783 0.29638364779874216 1.4096185737976783 0.2971698113207547 1.4195688225538972 0.2971698113207547 1.4195688225538972 0.29638364779874216 1.4096185737976783 0.29638364779874216
0 0.6981757877280266 0.32075471698113206 0.6981757877280266 0.32154088050314467 0.6998341625207297 0.32154088050314467 0.6998341625207297 0.32075471698113206 0.6981757877280266 0.32075471698113206