0 0.06135986733001658 0.13286163522012578 0.06135986733001658 0.13364779874213836 0.06799336650082918 0.13364779874213836 0.06799336650082918 0.13286163522012578 0.06135986733001658 0.13286163522012578
0 0.5456053067993366 0.10849056603773585 0.5456053067993366 0.10927672955974843 0.5522388059701493 0.10927672955974843 0.5522388059701493 0.10849056603773585 0.5456053067993366 0.10849056603773585
0 1.8955223880597014 0.14858490566037735 1.8955223880597014 0.14937106918238993 1.9038142620232172 0.14937106918238993 1.9038142620232172 0.14858490566037735 1.8955223880597014 0.14858490566037735
0 1.9187396351575456 0.16352201257861634 1.9187396351575456 0.16430817610062892 1.9203980099502487 0.16430817610062892 1.9203980099502487 0.16352201257861634 1.9187396351575456 0.16352201257861634
0 1.3200663349917081 0.2099056603773585 1.3200663349917081 0.21069182389937108 1.3266998341625207 0.21069182389937108 1.3266998341625207 0.2099056603773585 1.3200663349917081 0.2099056603773585
0 1.9104477611940298 0.1619496855345912 1.9104477611940298 0.16273584905660377 1.923714759535655 0.16273584905660377 1.923714759535655 0.1619496855345912 1.9104477611940298 0.1619496855345912
0 1.066334991708126 0.10455974842767296 1.066334991708126 0.10534591194968554 1.0713101160862355 0.10534591194968554 1.0713101160862355 0.10455974842767296 1.066334991708126 0.10455974842767296
0 1.1475953565505805 0.17452830188679244 1.1475953565505805 0.17531446540880502 1.165837479270315 0.17531446540880502 1.165837479270315 0.17452830188679244 1.1475953565505805 0.17452830188679244
0 1.976782752902156 0.1470125786163522 1.976782752902156 0.14779874213836477 1.978441127694859 0.14779874213836477 1.978441127694859 0.1470125786163522 1.976782752902156 0.1470125786163522
0 2.043117744610282 0.16823899371069181 2.043117744610282 0.1690251572327044 2.0480928689883915 0.1690251572327044 2.0480928689883915 0.16823899371069181 2.043117744610282 0.16823899371069181
0 0.6749585406301825 0.1721698113207547 0.6749585406301825 0.17295597484276728 0.6898839137645107 0.17295597484276728 0.6898839137645107 0.1721698113207547 0.6749585406301825 0.1721698113207547
0 0.6384742951907131 0.1721698113207547 0.6384742951907131 0.17295597484276728 0.6451077943615257 0.17295597484276728 0.6451077943615257 0.1721698113207547 0.6384742951907131 0.1721698113207547
0 1.3830845771144278 0.20911949685534592 1.3830845771144278 0.2099056603773585 1.384742951907131 0.2099056603773585 1.384742951907131 0.20911949685534592 1.3830845771144278 0.20911949685534592
0 1.8739635157545604 0.16981132075471697 1.8739635157545604 0.17059748427672955 1.87893864013267 0.17059748427672955 1.87893864013267 0.16981132075471697 1.8739635157545604 0.16981132075471697
0 1.7396351575456053 0.19261006289308177 1.7396351575456053 0.19339622641509435 1.7446102819237148 0.19339622641509435 1.7446102819237148 0.19261006289308177 1.7396351575456053 0.19261006289308177
0 1.3764510779436152 0.14465408805031446 1.3764510779436152 0.14544025157232704 1.384742951907131 0.14544025157232704 1.384742951907131 0.14465408805031446 1.3764510779436152 0.14465408805031446
0 0.6583747927031509 0.1069182389937107 0.6583747927031509 0.10770440251572327 0.6650082918739635 0.10770440251572327 0.6650082918739635 0.1069182389937107 0.6583747927031509 0.1069182389937107
0 0.17744610281923714 0.11006289308176101 0.17744610281923714 0.11084905660377359 0.1857379767827529 0.11084905660377359 0.1857379767827529 0.11006289308176101 0.17744610281923714 0.11006289308176101
0 2.1028192371475956 0.18946540880503146 2.1028192371475956 0.19025157232704404 2.109452736318408 0.19025157232704404 2.109452736318408 0.18946540880503146 2.1028192371475956 0.18946540880503146
0 1.4875621890547264 0.18081761006289307 1.4875621890547264 0.18160377358490565 1.492537313432836 0.18160377358490565 1.492537313432836 0.18081761006289307 1.4875621890547264 0.18081761006289307
0 1.1260364842454396 0.16745283018867924 1.1260364842454396 0.16823899371069181 1.1310116086235489 0.16823899371069181 1.1310116086235489 0.16745283018867924 1.1260364842454396 0.16745283018867924
0 0.9535655058043118 0.1988993710691824 0.9535655058043118 0.19968553459119498 0.9601990049751243 0.19968553459119498 0.9601990049751243 0.1988993710691824 0.9535655058043118 0.1988993710691824
0 0.024875621890547265 0.14072327044025157 0.024875621890547265 0.14150943396226415 0.03648424543946932 0.14150943396226415 0.03648424543946932 0.14072327044025157 0.024875621890547265 0.14072327044025157
0 1.3150912106135986 0.1949685534591195 1.3150912106135986 0.1957547169811321 1.3250414593698177 0.1957547169811321 1.3250414593698177 0.1949685534591195 1.3150912106135986 0.1949685534591195
0 1.7495854063018241 0.15644654088050314 1.7495854063018241 0.15723270440251572 1.7545605306799337 0.15723270440251572 1.7545605306799337 0.15644654088050314 1.7495854063018241 0.15644654088050314
0 0.32172470978441126 0.14465408805031446 0.32172470978441126 0.14544025157232704 0.3383084577114428 0.14544025157232704 0.3383084577114428 0.14465408805031446 0.32172470978441126 0.14465408805031446
0 0.5008291873963516 0.20125786163522014 0.5008291873963516 0.20204402515723272 0.5124378109452736 0.20204402515723272 0.5124378109452736 0.20125786163522014 0.5008291873963516 0.20125786163522014
0 1.703150912106136 0.13522012578616352 1.703150912106136 0.1360062893081761 1.7164179104477613 0.1360062893081761 1.7164179104477613 0.13522012578616352 1.703150912106136 0.13522012578616352
0 0.2835820895522388 0.14622641509433962 0.2835820895522388 0.1470125786163522 0.2885572139303483 0.1470125786163522 0.2885572139303483 0.14622641509433962 0.2835820895522388 0.14622641509433962
0 1.6451077943615258 0.13679245283018868 1.6451077943615258 0.13757861635220126 1.6567164179104477 0.13757861635220126 1.6567164179104477 0.13679245283018868 1.6451077943615258 0.13679245283018868
0 1.1310116086235489 0.15487421383647798 1.1310116086235489 0.15566037735849056 1.1376451077943615 0.15566037735849056 1.1376451077943615 0.15487421383647798 1.1310116086235489 0.15487421383647798
0 0.14593698175787728 0.13286163522012578 0.14593698175787728 0.13364779874213836 0.15920398009950248 0.13364779874213836 0.15920398009950248 0.13286163522012578 0.14593698175787728 0.13286163522012578
0 0.7280265339966833 0.15723270440251572 0.7280265339966833 0.1580188679245283 0.7330016583747927 0.1580188679245283 0.7330016583747927 0.15723270440251572 0.7280265339966833 0.15723270440251572
0 1.0812603648424544 0.1470125786163522 1.0812603648424544 0.14779874213836477 1.0928689883913765 0.14779874213836477 1.0928689883913765 0.1470125786163522 1.0812603648424544 0.1470125786163522
0 0.3996683250414594 0.16588050314465408 0.3996683250414594 0.16666666666666666 0.4096185737976783 0.16666666666666666 0.4096185737976783 0.16588050314465408 0.3996683250414594 0.16588050314465408
0 0.12271973466003316 0.20361635220125787 0.12271973466003316 0.20440251572327045 0.13266998341625208 0.20440251572327045 0.13266998341625208 0.20361635220125787 0.12271973466003316 0.20361635220125787
0 1.3565505804311775 0.1878930817610063 1.3565505804311775 0.18867924528301888 1.3698175787728026 0.18867924528301888 1.3698175787728026 0.1878930817610063 1.3565505804311775 0.1878930817610063
0 0.5970149253731343 0.1509433962264151 0.5970149253731343 0.15172955974842767 0.5986733001658375 0.15172955974842767 0.5986733001658375 0.1509433962264151 0.5970149253731343 0.1509433962264151
0 0.2537313432835821 0.1957547169811321 0.2537313432835821 0.19654088050314467 0.25538971807628524 0.19654088050314467 0.25538971807628524 0.1957547169811321 0.2537313432835821 0.1957547169811321
0 1.5107794361525704 0.1289308176100629 1.5107794361525704 0.12971698113207547 1.5190713101160862 0.12971698113207547 1.5190713101160862 0.1289308176100629 1.5107794361525704 0.1289308176100629
0 2.087893864013267 0.14779874213836477 2.087893864013267 0.14858490566037735 2.1028192371475956 0.14858490566037735 2.1028192371475956 0.14779874213836477 2.087893864013267 0.14779874213836477
0 0.3747927031509121 0.10927672955974843 0.3747927031509121 0.11006289308176101 0.37976782752902155 0.11006289308176101 0.37976782752902155 0.10927672955974843 0.3747927031509121 0.10927672955974843
0 1.8723051409618574 0.11242138364779874 1.8723051409618574 0.11320754716981132 1.87893864013267 0.11320754716981132 1.87893864013267 0.11242138364779874 1.8723051409618574 0.11242138364779874
0 0.2835820895522388 0.17452830188679244 0.2835820895522388 0.17531446540880502 0.2935323383084577 0.17531446540880502 0.2935323383084577 0.17452830188679244 0.2835820895522388 0.17452830188679244
0 1.2719734660033168 0.18160377358490565 1.2719734660033168 0.18238993710691823 1.2802653399668324 0.18238993710691823 1.2802653399668324 0.18160377358490565 1.2719734660033168 0.18160377358490565
0 0.6334991708126037 0.19968553459119498 0.6334991708126037 0.20047169811320756 0.6384742951907131 0.20047169811320756 0.6384742951907131 0.19968553459119498 0.6334991708126037 0.19968553459119498
0 0.5787728026533997 0.1501572327044025 0.5787728026533997 0.1509433962264151 0.5804311774461028 0.1509433962264151 0.5804311774461028 0.1501572327044025 0.5787728026533997 0.1501572327044025
0 0.6782752902155887 0.15644654088050314 0.6782752902155887 0.15723270440251572 0.6898839137645107 0.15723270440251572 0.6898839137645107 0.15644654088050314 0.6782752902155887 0.15644654088050314
0 0.9203980099502488 0.09827044025157233 0.9203980099502488 0.09905660377358491 0.9270315091210614 0.09905660377358491 0.9270315091210614 0.09827044025157233 0.9203980099502488 0.09827044025157233
0 0.31840796019900497 0.16745283018867924 0.31840796019900497 0.16823899371069181 0.3283582089552239 0.16823899371069181 0.3283582089552239 0.16745283018867924 0.31840796019900497 0.16745283018867924
0 1.3167495854063018 0.15880503144654087 1.3167495854063018 0.15959119496855345 1.3217247097844114 0.15959119496855345 1.3217247097844114 0.15880503144654087 1.3167495854063018 0.15880503144654087
0 0.6517412935323383 0.18632075471698112 0.6517412935323383 0.1871069182389937 0.6600331674958541 0.1871069182389937 0.6600331674958541 0.18632075471698112 0.6517412935323383 0.18632075471698112
0 1.6517412935323383 0.22169811320754718 1.6517412935323383 0.22248427672955975 1.6567164179104477 0.22248427672955975 1.6567164179104477 0.22169811320754718 1.6517412935323383 0.22169811320754718
0 1.0099502487562189 0.1690251572327044 1.0099502487562189 0.16981132075471697 1.0165837479270314 0.16981132075471697 1.0165837479270314 0.1690251572327044 1.0099502487562189 0.1690251572327044
0 0.4975124378109453 0.1792452830188679 0.4975124378109453 0.1800314465408805 0.5058043117744611 0.1800314465408805 0.5058043117744611 0.1792452830188679 0.4975124378109453 0.1792452830188679
0 1.2802653399668324 0.15959119496855345 1.2802653399668324 0.16037735849056603 1.2902155887230513 0.16037735849056603 1.2902155887230513 0.15959119496855345 1.2802653399668324 0.15959119496855345
0 0.6616915422885572 0.17845911949685533 0.6616915422885572 0.1792452830188679 0.6849087893864013 0.1792452830188679 0.6849087893864013 0.17845911949685533 0.6616915422885572 0.17845911949685533
0 1.3582089552238805 0.16666666666666666 1.3582089552238805 0.16745283018867924 1.364842454394693 0.16745283018867924 1.364842454394693 0.16666666666666666 1.3582089552238805 0.16666666666666666
0 0.8839137645107794 0.1988993710691824 0.8839137645107794 0.19968553459119498 0.8922056384742952 0.19968553459119498 0.8922056384742952 0.1988993710691824 0.8839137645107794 0.1988993710691824
0 1.3665008291873963 0.1800314465408805 1.3665008291873963 0.18081761006289307 1.3747927031509122 0.18081761006289307 1.3747927031509122 0.1800314465408805 1.3665008291873963 0.1800314465408805
0 1.1492537313432836 0.1611635220125786 1.1492537313432836 0.1619496855345912 1.154228855721393 0.1619496855345912 1.154228855721393 0.1611635220125786 1.1492537313432836 0.1611635220125786
0 0.18739635157545606 0.11084905660377359 0.18739635157545606 0.11163522012578617 0.1890547263681592 0.11163522012578617 0.1890547263681592 0.11084905660377359 0.18739635157545606 0.11084905660377359
0 0.45107794361525705 0.10141509433962265 0.45107794361525705 0.10220125786163523 0.4577114427860697 0.10220125786163523 0.4577114427860697 0.10141509433962265 0.45107794361525705 0.10141509433962265
0 0.4046434494195688 0.18867924528301888 0.4046434494195688 0.18946540880503146 0.4129353233830846 0.18946540880503146 0.4129353233830846 0.18867924528301888 0.4046434494195688 0.18867924528301888
0 0.20398009950248755 0.13836477987421383 0.20398009950248755 0.1391509433962264 0.2155887230514096 0.1391509433962264 0.2155887230514096 0.13836477987421383 0.20398009950248755 0.13836477987421383
0 1.8640132669983416 0.14150943396226415 1.8640132669983416 0.14229559748427673 1.8689883913764511 0.14229559748427673 1.8689883913764511 0.14150943396226415 1.8640132669983416 0.14150943396226415
0 0.8623548922056384 0.18396226415094338 0.8623548922056384 0.18474842767295596 0.87893864013267 0.18474842767295596 0.87893864013267 0.18396226415094338 0.8623548922056384 0.18396226415094338
0 1.407960199004975 0.15251572327044025 1.407960199004975 0.15330188679245282 1.4195688225538972 0.15330188679245282 1.4195688225538972 0.15251572327044025 1.407960199004975 0.15251572327044025