0 0.5307692307692308 0.040229885057471264 0.5307692307692308 0.041666666666666664 0.5480769230769231 0.041666666666666664 0.5480769230769231 0.040229885057471264 0.5307692307692308 0.040229885057471264
0 0.3192307692307692 0.7212643678160919 0.3192307692307692 0.7227011494252874 0.3230769230769231 0.7227011494252874 0.3230769230769231 0.7212643678160919 0.3192307692307692 0.7212643678160919
0 1.2461538461538462 0.6264367816091954 1.2461538461538462 0.6278735632183908 1.2615384615384615 0.6278735632183908 1.2615384615384615 0.6264367816091954 1.2461538461538462 0.6264367816091954
0 1.2423076923076923 0.39655172413793105 1.2423076923076923 0.39798850574712646 1.2923076923076924 0.39798850574712646 1.2923076923076924 0.39655172413793105 1.2423076923076923 0.39655172413793105
0 0.04807692307692308 0.24856321839080459 0.04807692307692308 0.25 0.0673076923076923 0.25 0.0673076923076923 0.24856321839080459 0.04807692307692308 0.24856321839080459
0 0.7615384615384615 0.15804597701149425 0.7615384615384615 0.15948275862068967 0.7692307692307693 0.15948275862068967 0.7692307692307693 0.15804597701149425 0.7615384615384615 0.15804597701149425
0 0.3576923076923077 0.0 0.3576923076923077 0.0014367816091954023 0.38846153846153847 0.0014367816091954023 0.38846153846153847 0.0 0.3576923076923077 0.0
0 0.6673076923076923 0.0 0.6673076923076923 0.0014367816091954023 0.7230769230769231 0.0014367816091954023 0.7230769230769231 0.0 0.6673076923076923 0.0
0 0.4634615384615385 0.4885057471264368 0.4634615384615385 0.4899425287356322 0.49230769230769234 0.4899425287356322 0.49230769230769234 0.4885057471264368 0.4634615384615385 0.4885057471264368
0 1.1192307692307693 0.6192528735632183 1.1192307692307693 0.6206896551724138 1.123076923076923 0.6206896551724138 1.123076923076923 0.6192528735632183 1.1192307692307693 0.6192528735632183
0 0.4326923076923077 0.29310344827586204 0.4326923076923077 0.29454022988505746 0.43846153846153846 0.29454022988505746 0.43846153846153846 0.29310344827586204 0.4326923076923077 0.29310344827586204
0 0.3596153846153846 0.08908045977011494 0.3596153846153846 0.09051724137931035 0.38269230769230766 0.09051724137931035 0.38269230769230766 0.08908045977011494 0.3596153846153846 0.08908045977011494
0 1.271153846153846 0.521551724137931 1.271153846153846 0.5229885057471264 1.2942307692307693 0.5229885057471264 1.2942307692307693 0.521551724137931 1.271153846153846 0.521551724137931
0 0.20961538461538462 0.23563218390804597 0.20961538461538462 0.23706896551724138 0.2230769230769231 0.23706896551724138 0.2230769230769231 0.23563218390804597 0.20961538461538462 0.23563218390804597