0 1.00390625 0.6078125 1.00390625 0.609375 1.01953125 0.609375 1.01953125 0.6078125 1.00390625 0.6078125
0 0.962890625 0.384375 0.962890625 0.3859375 0.98046875 0.3859375 0.98046875 0.384375 0.962890625 0.384375
0 0.111328125 0.471875 0.111328125 0.4734375 0.130859375 0.4734375 0.130859375 0.471875 0.111328125 0.471875
0 0.26171875 0.48125 0.26171875 0.4828125 0.28125 0.4828125 0.28125 0.48125 0.26171875 0.48125
0 0.2265625 0.1203125 0.2265625 0.121875 0.240234375 0.121875 0.240234375 0.1203125 0.2265625 0.1203125
0 0.55078125 0.525 0.55078125 0.5265625 0.5703125 0.5265625 0.5703125 0.525 0.55078125 0.525
0 0.75390625 0.175 0.75390625 0.1765625 0.76953125 0.1765625 0.76953125 0.175 0.75390625 0.175
0 0.54296875 0.003125 0.54296875 0.0046875 0.564453125 0.0046875 0.564453125 0.003125 0.54296875 0.003125
0 0.41015625 0.5 0.41015625 0.5015625 0.421875 0.5015625 0.421875 0.5 0.41015625 0.5
0 0.80859375 0.365625 0.80859375 0.3671875 0.826171875 0.3671875 0.826171875 0.365625 0.80859375 0.365625
0 0.861328125 0.534375 0.861328125 0.5359375 0.888671875 0.5359375 0.888671875 0.534375 0.861328125 0.534375
0 1.185546875 0.0640625 1.185546875 0.065625 1.20703125 0.065625 1.20703125 0.0640625 1.185546875 0.0640625
0 0.091796875 0.140625 0.091796875 0.1421875 0.099609375 0.1421875 0.099609375 0.140625 0.091796875 0.140625
0 0.044921875 0.421875 0.044921875 0.4234375 0.076171875 0.4234375 0.076171875 0.421875 0.044921875 0.421875
0 0.9921875 0.3625 0.9921875 0.3640625 1.0 0.3640625 1.0 0.3625 0.9921875 0.3625
0 0.072265625 0.3625 0.072265625 0.3640625 0.083984375 0.3640625 0.083984375 0.3625 0.072265625 0.3625
0 0.751953125 0.25 0.751953125 0.2515625 0.767578125 0.2515625 0.767578125 0.25 0.751953125 0.25
0 0.20703125 0.4484375 0.20703125 0.45 0.232421875 0.45 0.232421875 0.4484375 0.20703125 0.4484375
0 0.994140625 0.15 0.994140625 0.1515625 1.0 0.1515625 1.0 0.15 0.994140625 0.15
0 0.388671875 0.33125 0.388671875 0.3328125 0.396484375 0.3328125 0.396484375 0.33125 0.388671875 0.33125
0 1.005859375 0.75 1.005859375 0.7515625 1.01171875 0.7515625 1.01171875 0.75 1.005859375 0.75
0 0.822265625 0.3484375 0.822265625 0.35 0.83203125 0.35 0.83203125 0.3484375 0.822265625 0.3484375
0 0.232421875 0.771875 0.232421875 0.7734375 0.2578125 0.7734375 0.2578125 0.771875 0.232421875 0.771875
0 1.0 0.7703125 1.0 0.771875 1.01953125 0.771875 1.01953125 0.7703125 1.0 0.7703125
0 0.3515625 0.6796875 0.3515625 0.68125 0.361328125 0.68125 0.361328125 0.6796875 0.3515625 0.6796875
0 0.41015625 0.1625 0.41015625 0.1640625 0.419921875 0.1640625 0.419921875 0.1625 0.41015625 0.1625
0 1.01171875 0.5296875 1.01171875 0.53125 1.0234375 0.53125 1.0234375 0.5296875 1.01171875 0.5296875
0 0.5 0.028125 0.5 0.0296875 0.51171875 0.0296875 0.51171875 0.028125 0.5 0.028125
0 1.021484375 0.109375 1.021484375 0.1109375 1.029296875 0.1109375 1.029296875 0.109375 1.021484375 0.109375
0 0.69921875 0.5921875 0.69921875 0.59375 0.736328125 0.59375 0.736328125 0.5921875 0.69921875 0.5921875
0 1.087890625 0.6125 1.087890625 0.6140625 1.125 0.6140625 1.125 0.6125 1.087890625 0.6125
0 0.091796875 0.6546875 0.091796875 0.65625 0.1015625 0.65625 0.1015625 0.6546875 0.091796875 0.6546875
0 0.138671875 0.390625 0.138671875 0.3921875 0.150390625 0.3921875 0.150390625 0.390625 0.138671875 0.390625
0 1.15234375 0.0609375 1.15234375 0.0625 1.18359375 0.0625 1.18359375 0.0609375 1.15234375 0.0609375
0 0.748046875 0.328125 0.748046875 0.3296875 0.76953125 0.3296875 0.76953125 0.328125 0.748046875 0.328125
0 0.197265625 0.2421875 0.197265625 0.24375 0.208984375 0.24375 0.208984375 0.2421875 0.197265625 0.2421875
0 1.185546875 0.5640625 1.185546875 0.565625 1.1953125 0.565625 1.1953125 0.5640625 1.185546875 0.5640625
0 0.162109375 0.5703125 0.162109375 0.571875 0.203125 0.571875 0.203125 0.5703125 0.162109375 0.5703125
0 0.82421875 0.49375 0.82421875 0.4953125 0.837890625 0.4953125 0.837890625 0.49375 0.82421875 0.49375
0 0.130859375 0.2109375 0.130859375 0.2125 0.162109375 0.2125 0.162109375 0.2109375 0.130859375 0.2109375
0 0.765625 0.5921875 0.765625 0.59375 0.783203125 0.59375 0.783203125 0.5921875 0.765625 0.5921875
0 0.908203125 0.290625 0.908203125 0.2921875 0.93359375 0.2921875 0.93359375 0.290625 0.908203125 0.290625
0 0.099609375 0.4890625 0.099609375 0.490625 0.119140625 0.490625 0.119140625 0.4890625 0.099609375 0.4890625
0 0.814453125 0.2328125 0.814453125 0.234375 0.818359375 0.234375 0.818359375 0.2328125 0.814453125 0.2328125
0 0.775390625 0.5484375 0.775390625 0.55 0.783203125 0.55 0.783203125 0.5484375 0.775390625 0.5484375
0 0.234375 0.5203125 0.234375 0.521875 0.24609375 0.521875 0.24609375 0.5203125 0.234375 0.5203125
0 0.259765625 0.340625 0.259765625 0.3421875 0.2734375 0.3421875 0.2734375 0.340625 0.259765625 0.340625
0 0.40625 0.4640625 0.40625 0.465625 0.419921875 0.465625 0.419921875 0.4640625 0.40625 0.4640625
0 0.109375 0.2203125 0.109375 0.221875 0.125 0.221875 0.125 0.2203125 0.109375 0.2203125
0 0.923828125 0.2875 0.923828125 0.2890625 0.9296875 0.2890625 0.9296875 0.2875 0.923828125 0.2875
0 0.46484375 0.515625 0.46484375 0.5171875 0.478515625 0.5171875 0.478515625 0.515625 0.46484375 0.515625
0 0.375 0.2703125 0.375 0.271875 0.412109375 0.271875 0.412109375 0.2703125 0.375 0.2703125
0 0.798828125 0.4484375 0.798828125 0.45 0.818359375 0.45 0.818359375 0.4484375 0.798828125 0.4484375
0 0.162109375 0.5765625 0.162109375 0.578125 0.1640625 0.578125 0.1640625 0.5765625 0.162109375 0.5765625