0 0.8828125 0.609375 0.8828125 0.6125 0.89453125 0.6125 0.89453125 0.609375 0.8828125 0.609375
0 0.41015625 0.0 0.41015625 0.003125 0.45703125 0.003125 0.45703125 0.0 0.41015625 0.0
0 0.7421875 0.43125 0.7421875 0.434375 0.77734375 0.434375 0.77734375 0.43125 0.7421875 0.43125
0 0.21484375 0.04375 0.21484375 0.046875 0.24609375 0.046875 0.24609375 0.04375 0.21484375 0.04375
0 0.296875 0.0 0.296875 0.003125 0.41015625 0.003125 0.41015625 0.0 0.296875 0.0
0 0.9921875 0.5 0.9921875 0.503125 1.0 0.503125 1.0 0.5 0.9921875 0.5
0 0.5390625 0.365625 0.5390625 0.36875 0.55078125 0.36875 0.55078125 0.365625 0.5390625 0.365625
0 0.90234375 0.234375 0.90234375 0.2375 0.93359375 0.2375 0.93359375 0.234375 0.90234375 0.234375
0 0.9765625 0.66875 0.9765625 0.671875 0.984375 0.671875 0.984375 0.66875 0.9765625 0.66875
0 0.6328125 0.08125 0.6328125 0.084375 0.6484375 0.084375 0.6484375 0.08125 0.6328125 0.08125
0 0.56640625 0.628125 0.56640625 0.63125 0.61328125 0.63125 0.61328125 0.628125 0.56640625 0.628125
0 0.46875 0.0 0.46875 0.003125 0.5078125 0.003125 0.5078125 0.0 0.46875 0.0
0 0.48828125 0.515625 0.48828125 0.51875 0.515625 0.51875 0.515625 0.515625 0.48828125 0.515625
0 0.640625 0.0 0.640625 0.003125 0.73828125 0.003125 0.73828125 0.0 0.640625 0.0
0 0.18359375 0.0 0.18359375 0.003125 0.2734375 0.003125 0.2734375 0.0 0.18359375 0.0
0 0.75 0.25625 0.75 0.259375 0.76171875 0.259375 0.76171875 0.25625 0.75 0.25625
0 1.1796875 0.171875 1.1796875 0.175 1.25 0.175 1.25 0.171875 1.1796875 0.171875
0 0.91796875 0.38125 0.91796875 0.384375 0.9609375 0.384375 0.9609375 0.38125 0.91796875 0.38125
0 0.04296875 0.0 0.04296875 0.003125 0.13671875 0.003125 0.13671875 0.0 0.04296875 0.0
0 0.57421875 0.165625 0.57421875 0.16875 0.61328125 0.16875 0.61328125 0.165625 0.57421875 0.165625
0 1.03125 0.25625 1.03125 0.259375 1.046875 0.259375 1.046875 0.25625 1.03125 0.25625
0 0.140625 0.484375 0.140625 0.4875 0.16796875 0.4875 0.16796875 0.484375 0.140625 0.484375
0 0.4921875 0.64375 0.4921875 0.646875 0.5 0.646875 0.5 0.64375 0.4921875 0.64375
0 0.7421875 0.740625 0.7421875 0.74375 0.75 0.74375 0.75 0.740625 0.7421875 0.740625
0 0.41796875 0.284375 0.41796875 0.2875 0.4375 0.2875 0.4375 0.284375 0.41796875 0.284375
0 1.109375 0.35625 1.109375 0.359375 1.1328125 0.359375 1.1328125 0.35625 1.109375 0.35625