0 1.325 0.21551724137931033 1.325 0.21695402298850575 1.3384615384615384 0.21695402298850575 1.3384615384615384 0.21551724137931033 1.325 0.21551724137931033
0 0.5384615384615384 0.10632183908045977 0.5384615384615384 0.10775862068965517 0.551923076923077 0.10775862068965517 0.551923076923077 0.10632183908045977 0.5384615384615384 0.10632183908045977
0 0.18269230769230768 0.7212643678160919 0.18269230769230768 0.7227011494252874 0.18653846153846154 0.7227011494252874 0.18653846153846154 0.7212643678160919 0.18269230769230768 0.7212643678160919
0 0.9730769230769231 0.610632183908046 0.9730769230769231 0.6120689655172413 0.9865384615384616 0.6120689655172413 0.9865384615384616 0.610632183908046 0.9730769230769231 0.610632183908046
0 1.2423076923076923 0.22557471264367815 1.2423076923076923 0.22701149425287356 1.251923076923077 0.22701149425287356 1.251923076923077 0.22557471264367815 1.2423076923076923 0.22557471264367815
0 1.2384615384615385 0.6968390804597702 1.2384615384615385 0.6982758620689655 1.2461538461538462 0.6982758620689655 1.2461538461538462 0.6968390804597702 1.2384615384615385 0.6968390804597702
0 0.7865384615384615 0.5876436781609196 0.7865384615384615 0.5890804597701149 0.7903846153846154 0.5890804597701149 0.7903846153846154 0.5876436781609196 0.7865384615384615 0.5876436781609196
0 0.7096153846153846 0.05603448275862069 0.7096153846153846 0.05747126436781609 0.7211538461538461 0.05747126436781609 0.7211538461538461 0.05603448275862069 0.7096153846153846 0.05603448275862069
0 0.0 0.0 0.0 0.0014367816091954023 0.03653846153846154 0.0014367816091954023 0.03653846153846154 0.0 0.0 0.0
0 0.7096153846153846 0.2916666666666667 0.7096153846153846 0.29310344827586204 0.7211538461538461 0.29310344827586204 0.7211538461538461 0.2916666666666667 0.7096153846153846 0.2916666666666667
0 0.9442307692307692 0.6522988505747126 0.9442307692307692 0.6537356321839081 0.9519230769230769 0.6537356321839081 0.9519230769230769 0.6522988505747126 0.9442307692307692 0.6522988505747126
0 0.8615384615384616 0.21120689655172414 0.8615384615384616 0.21264367816091953 0.8730769230769231 0.21264367816091953 0.8730769230769231 0.21120689655172414 0.8615384615384616 0.21120689655172414
0 0.2173076923076923 0.27298850574712646 0.2173076923076923 0.2744252873563218 0.225 0.2744252873563218 0.225 0.27298850574712646 0.2173076923076923 0.27298850574712646
0 0.3557692307692308 0.21408045977011494 0.3557692307692308 0.21551724137931033 0.36730769230769234 0.21551724137931033 0.36730769230769234 0.21408045977011494 0.3557692307692308 0.21408045977011494
0 0.5769230769230769 0.2988505747126437 0.5769230769230769 0.30028735632183906 0.5942307692307692 0.30028735632183906 0.5942307692307692 0.2988505747126437 0.5769230769230769 0.2988505747126437
0 0.8846153846153846 0.6666666666666666 0.8846153846153846 0.6681034482758621 0.8923076923076924 0.6681034482758621 0.8923076923076924 0.6666666666666666 0.8846153846153846 0.6666666666666666
0 0.3596153846153846 0.20402298850574713 0.3596153846153846 0.20545977011494254 0.375 0.20545977011494254 0.375 0.20402298850574713 0.3596153846153846 0.20402298850574713
0 0.03461538461538462 0.31896551724137934 0.03461538461538462 0.3204022988505747 0.04807692307692308 0.3204022988505747 0.04807692307692308 0.31896551724137934 0.03461538461538462 0.31896551724137934
0 0.6846153846153846 0.6982758620689655 0.6846153846153846 0.6997126436781609 0.7019230769230769 0.6997126436781609 0.7019230769230769 0.6982758620689655 0.6846153846153846 0.6982758620689655
0 1.148076923076923 0.6479885057471264 1.148076923076923 0.6494252873563219 1.1519230769230768 0.6494252873563219 1.1519230769230768 0.6479885057471264 1.148076923076923 0.6479885057471264
0 0.3769230769230769 0.23706896551724138 0.3769230769230769 0.23850574712643677 0.3903846153846154 0.23850574712643677 0.3903846153846154 0.23706896551724138 0.3769230769230769 0.23706896551724138
0 0.11346153846153846 0.3117816091954023 0.11346153846153846 0.3132183908045977 0.125 0.3132183908045977 0.125 0.3117816091954023 0.11346153846153846 0.3117816091954023
0 0.925 0.3132183908045977 0.925 0.3146551724137931 0.9461538461538461 0.3146551724137931 0.9461538461538461 0.3132183908045977 0.925 0.3132183908045977
0 1.0480769230769231 0.3132183908045977 1.0480769230769231 0.3146551724137931 1.0557692307692308 0.3146551724137931 1.0557692307692308 0.3132183908045977 1.0480769230769231 0.3132183908045977
0 1.1442307692307692 0.5330459770114943 1.1442307692307692 0.5344827586206896 1.1596153846153847 0.5344827586206896 1.1596153846153847 0.5330459770114943 1.1442307692307692 0.5330459770114943
0 0.8576923076923076 0.29022988505747127 0.8576923076923076 0.2916666666666667 0.875 0.2916666666666667 0.875 0.29022988505747127 0.8576923076923076 0.29022988505747127
0 0.22692307692307692 0.0 0.22692307692307692 0.0014367816091954023 0.2519230769230769 0.0014367816091954023 0.2519230769230769 0.0 0.22692307692307692 0.0
0 0.03461538461538462 0.6767241379310345 0.03461538461538462 0.6781609195402298 0.04807692307692308 0.6781609195402298 0.04807692307692308 0.6767241379310345 0.03461538461538462 0.6767241379310345
0 1.2903846153846155 0.011494252873563218 1.2903846153846155 0.01293103448275862 1.2923076923076924 0.01293103448275862 1.2923076923076924 0.011494252873563218 1.2903846153846155 0.011494252873563218
0 0.6307692307692307 0.4367816091954023 0.6307692307692307 0.4382183908045977 0.6442307692307693 0.4382183908045977 0.6442307692307693 0.4367816091954023 0.6307692307692307 0.4367816091954023
0 0.14423076923076922 0.09195402298850575 0.14423076923076922 0.09339080459770115 0.1596153846153846 0.09339080459770115 0.1596153846153846 0.09195402298850575 0.14423076923076922 0.09195402298850575
0 0.9576923076923077 0.1910919540229885 0.9576923076923077 0.1925287356321839 0.9615384615384616 0.1925287356321839 0.9615384615384616 0.1910919540229885 0.9576923076923077 0.1910919540229885
0 1.0557692307692308 0.27586206896551724 1.0557692307692308 0.27729885057471265 1.0653846153846154 0.27729885057471265 1.0653846153846154 0.27586206896551724 1.0557692307692308 0.27586206896551724
0 0.7365384615384616 0.38362068965517243 0.7365384615384616 0.3850574712643678 0.7461538461538462 0.3850574712643678 0.7461538461538462 0.38362068965517243 0.7365384615384616 0.38362068965517243
0 0.1673076923076923 0.6609195402298851 0.1673076923076923 0.6623563218390804 0.18269230769230768 0.6623563218390804 0.18269230769230768 0.6609195402298851 0.1673076923076923 0.6609195402298851
0 0.4288461538461538 0.3936781609195402 0.4288461538461538 0.39511494252873564 0.4346153846153846 0.39511494252873564 0.4346153846153846 0.3936781609195402 0.4288461538461538 0.3936781609195402
0 0.6269230769230769 0.7169540229885057 0.6269230769230769 0.7183908045977011 0.6423076923076924 0.7183908045977011 0.6423076923076924 0.7169540229885057 0.6269230769230769 0.7169540229885057
0 0.9076923076923077 0.3994252873563218 0.9076923076923077 0.40086206896551724 0.9115384615384615 0.40086206896551724 0.9115384615384615 0.3994252873563218 0.9076923076923077 0.3994252873563218
0 1.2134615384615384 0.10632183908045977 1.2134615384615384 0.10775862068965517 1.2230769230769232 0.10775862068965517 1.2230769230769232 0.10632183908045977 1.2134615384615384 0.10632183908045977
0 0.7326923076923076 0.15804597701149425 0.7326923076923076 0.15948275862068967 0.7403846153846154 0.15948275862068967 0.7403846153846154 0.15804597701149425 0.7326923076923076 0.15804597701149425
0 0.7692307692307693 0.4755747126436782 0.7692307692307693 0.47701149425287354 0.7788461538461539 0.47701149425287354 0.7788461538461539 0.4755747126436782 0.7692307692307693 0.4755747126436782
0 0.3096153846153846 0.3563218390804598 0.3096153846153846 0.3577586206896552 0.32884615384615384 0.3577586206896552 0.32884615384615384 0.3563218390804598 0.3096153846153846 0.3563218390804598
0 0.7576923076923077 0.4640804597701149 0.7576923076923077 0.46551724137931033 0.7673076923076924 0.46551724137931033 0.7673076923076924 0.4640804597701149 0.7576923076923077 0.4640804597701149
0 0.7019230769230769 0.0 0.7019230769230769 0.0014367816091954023 0.7365384615384616 0.0014367816091954023 0.7365384615384616 0.0 0.7019230769230769 0.0
0 0.49230769230769234 0.2514367816091954 0.49230769230769234 0.25287356321839083 0.4980769230769231 0.25287356321839083 0.4980769230769231 0.2514367816091954 0.49230769230769234 0.2514367816091954
0 1.1057692307692308 0.25 1.1057692307692308 0.2514367816091954 1.1076923076923078 0.2514367816091954 1.1076923076923078 0.25 1.1057692307692308 0.25
0 1.1423076923076922 0.2916666666666667 1.1423076923076922 0.29310344827586204 1.15 0.29310344827586204 1.15 0.2916666666666667 1.1423076923076922 0.2916666666666667
0 1.0576923076923077 0.5330459770114943 1.0576923076923077 0.5344827586206896 1.0634615384615385 0.5344827586206896 1.0634615384615385 0.5330459770114943 1.0576923076923077 0.5330459770114943
0 0.6288461538461538 0.22126436781609196 0.6288461538461538 0.22270114942528735 0.6442307692307693 0.22270114942528735 0.6442307692307693 0.22126436781609196 0.6288461538461538 0.22126436781609196
0 0.3019230769230769 0.5 0.3019230769230769 0.5014367816091954 0.3076923076923077 0.5014367816091954 0.3076923076923077 0.5 0.3019230769230769 0.5
0 1.126923076923077 0.34913793103448276 1.126923076923077 0.3505747126436782 1.1365384615384615 0.3505747126436782 1.1365384615384615 0.34913793103448276 1.126923076923077 0.34913793103448276
0 0.9730769230769231 0.04597701149425287 0.9730769230769231 0.04741379310344827 0.9807692307692307 0.04741379310344827 0.9807692307692307 0.04597701149425287 0.9730769230769231 0.04597701149425287
0 0.4442307692307692 0.7198275862068966 0.4442307692307692 0.7212643678160919 0.45576923076923076 0.7212643678160919 0.45576923076923076 0.7198275862068966 0.4442307692307692 0.7198275862068966
0 0.10384615384615385 0.48563218390804597 0.10384615384615385 0.4870689655172414 0.10961538461538461 0.4870689655172414 0.10961538461538461 0.48563218390804597 0.10384615384615385 0.48563218390804597
0 0.5365384615384615 0.033045977011494254 0.5365384615384615 0.034482758620689655 0.55 0.034482758620689655 0.55 0.033045977011494254 0.5365384615384615 0.033045977011494254
0 0.4807692307692308 0.4224137931034483 0.4807692307692308 0.4238505747126437 0.4846153846153846 0.4238505747126437 0.4846153846153846 0.4224137931034483 0.4807692307692308 0.4224137931034483
0 0.5653846153846154 0.6422413793103449 0.5653846153846154 0.6436781609195402 0.575 0.6436781609195402 0.575 0.6422413793103449 0.5653846153846154 0.6422413793103449
0 1.126923076923077 0.23850574712643677 1.126923076923077 0.23994252873563218 1.1403846153846153 0.23994252873563218 1.1403846153846153 0.23850574712643677 1.126923076923077 0.23850574712643677
0 0.525 0.5028735632183908 0.525 0.5043103448275862 0.5384615384615384 0.5043103448275862 0.5384615384615384 0.5028735632183908 0.525 0.5028735632183908
0 0.08076923076923077 0.29454022988505746 0.08076923076923077 0.2959770114942529 0.08653846153846154 0.2959770114942529 0.08653846153846154 0.29454022988505746 0.08076923076923077 0.29454022988505746
0 0.04230769230769231 0.3390804597701149 0.04230769230769231 0.34051724137931033 0.05576923076923077 0.34051724137931033 0.05576923076923077 0.3390804597701149 0.04230769230769231 0.3390804597701149
0 0.10384615384615385 0.6695402298850575 0.10384615384615385 0.6709770114942529 0.11923076923076924 0.6709770114942529 0.11923076923076924 0.6695402298850575 0.10384615384615385 0.6695402298850575
0 0.1596153846153846 0.5545977011494253 0.1596153846153846 0.5560344827586207 0.17884615384615385 0.5560344827586207 0.17884615384615385 0.5545977011494253 0.1596153846153846 0.5545977011494253
0 0.6961538461538461 0.017241379310344827 0.6961538461538461 0.01867816091954023 0.7153846153846154 0.01867816091954023 0.7153846153846154 0.017241379310344827 0.6961538461538461 0.017241379310344827
0 1.2576923076923077 0.11925287356321838 1.2576923076923077 0.1206896551724138 1.2769230769230768 0.1206896551724138 1.2769230769230768 0.11925287356321838 1.2576923076923077 0.11925287356321838
0 0.5 0.4698275862068966 0.5 0.47126436781609193 0.5076923076923077 0.47126436781609193 0.5076923076923077 0.4698275862068966 0.5 0.4698275862068966
0 0.6788461538461539 0.6264367816091954 0.6788461538461539 0.6278735632183908 0.6903846153846154 0.6278735632183908 0.6903846153846154 0.6264367816091954 0.6788461538461539 0.6264367816091954
0 0.7192307692307692 0.5114942528735632 0.7192307692307692 0.5129310344827587 0.75 0.5129310344827587 0.75 0.5114942528735632 0.7192307692307692 0.5114942528735632
0 0.525 0.5919540229885057 0.525 0.5933908045977011 0.5326923076923077 0.5933908045977011 0.5326923076923077 0.5919540229885057 0.525 0.5919540229885057
0 0.49230769230769234 0.14942528735632185 0.49230769230769234 0.15086206896551724 0.5019230769230769 0.15086206896551724 0.5019230769230769 0.14942528735632185 0.49230769230769234 0.14942528735632185
0 0.11730769230769231 0.3807471264367816 0.11730769230769231 0.382183908045977 0.13076923076923078 0.382183908045977 0.13076923076923078 0.3807471264367816 0.11730769230769231 0.3807471264367816
0 1.1826923076923077 0.6839080459770115 1.1826923076923077 0.6853448275862069 1.1884615384615385 0.6853448275862069 1.1884615384615385 0.6839080459770115 1.1826923076923077 0.6839080459770115
0 1.05 0.46839080459770116 1.05 0.4698275862068966 1.0576923076923077 0.4698275862068966 1.0576923076923077 0.46839080459770116 1.05 0.46839080459770116
0 1.3288461538461538 0.6709770114942529 1.3288461538461538 0.6724137931034483 1.3384615384615384 0.6724137931034483 1.3384615384615384 0.6709770114942529 1.3288461538461538 0.6709770114942529
0 0.7846153846153846 0.46120689655172414 0.7846153846153846 0.46264367816091956 0.7903846153846154 0.46264367816091956 0.7903846153846154 0.46120689655172414 0.7846153846153846 0.46120689655172414
0 0.49423076923076925 0.008620689655172414 0.49423076923076925 0.010057471264367816 0.5057692307692307 0.010057471264367816 0.5057692307692307 0.008620689655172414 0.49423076923076925 0.008620689655172414
0 1.301923076923077 0.38362068965517243 1.301923076923077 0.3850574712643678 1.3096153846153846 0.3850574712643678 1.3096153846153846 0.38362068965517243 1.301923076923077 0.38362068965517243
0 0.07115384615384615 0.10775862068965517 0.07115384615384615 0.10919540229885058 0.08846153846153847 0.10919540229885058 0.08846153846153847 0.10775862068965517 0.07115384615384615 0.10775862068965517
0 1.2942307692307693 0.05028735632183908 1.2942307692307693 0.05172413793103448 1.3 0.05172413793103448 1.3 0.05028735632183908 1.2942307692307693 0.05028735632183908
0 0.5711538461538461 0.1968390804597701 0.5711538461538461 0.19827586206896552 0.5788461538461539 0.19827586206896552 0.5788461538461539 0.1968390804597701 0.5711538461538461 0.1968390804597701
0 0.5942307692307692 0.4166666666666667 0.5942307692307692 0.41810344827586204 0.6076923076923076 0.41810344827586204 0.6076923076923076 0.4166666666666667 0.5942307692307692 0.4166666666666667
0 0.4326923076923077 0.5172413793103449 0.4326923076923077 0.5186781609195402 0.43846153846153846 0.5186781609195402 0.43846153846153846 0.5172413793103449 0.4326923076923077 0.5172413793103449
0 0.3153846153846154 0.5818965517241379 0.3153846153846154 0.5833333333333334 0.3346153846153846 0.5833333333333334 0.3346153846153846 0.5818965517241379 0.3153846153846154 0.5818965517241379
0 1.0307692307692307 0.30028735632183906 1.0307692307692307 0.3017241379310345 1.0384615384615385 0.3017241379310345 1.0384615384615385 0.30028735632183906 1.0307692307692307 0.30028735632183906
0 1.198076923076923 0.6350574712643678 1.198076923076923 0.6364942528735632 1.2057692307692307 0.6364942528735632 1.2057692307692307 0.6350574712643678 1.198076923076923 0.6350574712643678
0 0.4442307692307692 0.40948275862068967 0.4442307692307692 0.4109195402298851 0.45576923076923076 0.4109195402298851 0.45576923076923076 0.40948275862068967 0.4442307692307692 0.40948275862068967
0 0.40192307692307694 0.07040229885057471 0.40192307692307694 0.07183908045977011 0.4076923076923077 0.07183908045977011 0.4076923076923077 0.07040229885057471 0.40192307692307694 0.07040229885057471
0 0.9326923076923077 0.2672413793103448 0.9326923076923077 0.2686781609195402 0.9403846153846154 0.2686781609195402 0.9403846153846154 0.2672413793103448 0.9326923076923077 0.2672413793103448
0 0.3096153846153846 0.6522988505747126 0.3096153846153846 0.6537356321839081 0.3173076923076923 0.6537356321839081 0.3173076923076923 0.6522988505747126 0.3096153846153846 0.6522988505747126