0 0.23653846153846153 0.15373563218390804 0.23653846153846153 0.15517241379310345 0.25769230769230766 0.15517241379310345 0.25769230769230766 0.15373563218390804 0.23653846153846153 0.15373563218390804
0 0.6673076923076923 0.5948275862068966 0.6673076923076923 0.5962643678160919 0.6788461538461539 0.5962643678160919 0.6788461538461539 0.5948275862068966 0.6673076923076923 0.5948275862068966
0 0.9865384615384616 0.21551724137931033 0.9865384615384616 0.21695402298850575 1.0096153846153846 0.21695402298850575 1.0096153846153846 0.21551724137931033 0.9865384615384616 0.21551724137931033
0 0.19230769230769232 0.08333333333333333 0.19230769230769232 0.08477011494252873 0.19807692307692307 0.08477011494252873 0.19807692307692307 0.08333333333333333 0.19230769230769232 0.08333333333333333
0 0.13846153846153847 0.010057471264367816 0.13846153846153847 0.011494252873563218 0.15384615384615385 0.011494252873563218 0.15384615384615385 0.010057471264367816 0.13846153846153847 0.010057471264367816
0 0.47692307692307695 0.015804597701149427 0.47692307692307695 0.017241379310344827 0.49615384615384617 0.017241379310344827 0.49615384615384617 0.015804597701149427 0.47692307692307695 0.015804597701149427
0 0.0 0.0 0.0 0.0014367816091954023 0.023076923076923078 0.0014367816091954023 0.023076923076923078 0.0 0.0 0.0
0 0.8923076923076924 0.3448275862068966 0.8923076923076924 0.34626436781609193 0.9153846153846154 0.34626436781609193 0.9153846153846154 0.3448275862068966 0.8923076923076924 0.3448275862068966
0 0.28846153846153844 0.14655172413793102 0.28846153846153844 0.14798850574712644 0.29423076923076924 0.14798850574712644 0.29423076923076924 0.14655172413793102 0.28846153846153844 0.14655172413793102
0 0.5442307692307692 0.34339080459770116 0.5442307692307692 0.3448275862068966 0.5596153846153846 0.3448275862068966 0.5596153846153846 0.34339080459770116 0.5442307692307692 0.34339080459770116
0 0.725 0.4899425287356322 0.725 0.49137931034482757 0.7442307692307693 0.49137931034482757 0.7442307692307693 0.4899425287356322 0.725 0.4899425287356322