0 0.5096153846153846 0.37787356321839083 0.5096153846153846 0.3793103448275862 0.5346153846153846 0.3793103448275862 0.5346153846153846 0.37787356321839083 0.5096153846153846 0.37787356321839083
0 0.5403846153846154 0.48563218390804597 0.5403846153846154 0.4870689655172414 0.5423076923076923 0.4870689655172414 0.5423076923076923 0.48563218390804597 0.5403846153846154 0.48563218390804597
0 0.75 0.004310344827586207 0.75 0.005747126436781609 0.7538461538461538 0.005747126436781609 0.7538461538461538 0.004310344827586207 0.75 0.004310344827586207
0 0.2423076923076923 0.41522988505747127 0.2423076923076923 0.4166666666666667 0.25576923076923075 0.4166666666666667 0.25576923076923075 0.41522988505747127 0.2423076923076923 0.41522988505747127
0 1.148076923076923 0.08045977011494253 1.148076923076923 0.08189655172413793 1.175 0.08189655172413793 1.175 0.08045977011494253 1.148076923076923 0.08045977011494253
0 1.0807692307692307 0.507183908045977 1.0807692307692307 0.5086206896551724 1.0846153846153845 0.5086206896551724 1.0846153846153845 0.507183908045977 1.0807692307692307 0.507183908045977
0 1.0807692307692307 0.38936781609195403 1.0807692307692307 0.39080459770114945 1.1211538461538462 0.39080459770114945 1.1211538461538462 0.38936781609195403 1.0807692307692307 0.38936781609195403
0 0.10961538461538461 0.15660919540229884 0.10961538461538461 0.15804597701149425 0.12884615384615383 0.15804597701149425 0.12884615384615383 0.15660919540229884 0.10961538461538461 0.15660919540229884
0 0.7884615384615384 0.3275862068965517 0.7884615384615384 0.3290229885057471 0.8076923076923077 0.3290229885057471 0.8076923076923077 0.3275862068965517 0.7884615384615384 0.3275862068965517
0 0.5173076923076924 0.0 0.5173076923076924 0.0014367816091954023 0.551923076923077 0.0014367816091954023 0.551923076923077 0.0 0.5173076923076924 0.0
0 0.42115384615384616 0.27729885057471265 0.42115384615384616 0.27873563218390807 0.45 0.27873563218390807 0.45 0.27729885057471265 0.42115384615384616 0.27729885057471265
0 1.1134615384615385 0.6867816091954023 1.1134615384615385 0.6882183908045977 1.126923076923077 0.6882183908045977 1.126923076923077 0.6867816091954023 1.1134615384615385 0.6867816091954023
0 0.14807692307692308 0.6149425287356322 0.14807692307692308 0.6163793103448276 0.17307692307692307 0.6163793103448276 0.17307692307692307 0.6149425287356322 0.14807692307692308 0.6149425287356322
0 0.55 0.125 0.55 0.12643678160919541 0.5538461538461539 0.12643678160919541 0.5538461538461539 0.125 0.55 0.125
0 0.3019230769230769 0.0 0.3019230769230769 0.0014367816091954023 0.3942307692307692 0.0014367816091954023 0.3942307692307692 0.0 0.3019230769230769 0.0
0 0.4307692307692308 0.0 0.4307692307692308 0.0014367816091954023 0.5115384615384615 0.0014367816091954023 0.5115384615384615 0.0 0.4307692307692308 0.0
0 0.4846153846153846 0.1781609195402299 0.4846153846153846 0.17959770114942528 0.5019230769230769 0.17959770114942528 0.5019230769230769 0.1781609195402299 0.4846153846153846 0.1781609195402299
0 0.04807692307692308 0.5459770114942529 0.04807692307692308 0.5474137931034483 0.05961538461538462 0.5474137931034483 0.05961538461538462 0.5459770114942529 0.04807692307692308 0.5459770114942529
0 1.325 0.35201149425287354 1.325 0.35344827586206895 1.3384615384615384 0.35344827586206895 1.3384615384615384 0.35201149425287354 1.325 0.35201149425287354